     1.000   0.20131   0.19200   0.19871
     1.071   0.23694   0.24483   0.24031
     1.143   0.29436   0.28931   0.28332
     1.214   0.32775   0.33309   0.33133
     1.286   0.37221   0.36542   0.37171
     1.357   0.41311   0.41872   0.42085
     1.429   0.45936   0.45435   0.45590
     1.500   0.50339   0.48983   0.50489
     1.571   0.54461   0.53828   0.54187
     1.643   0.57365   0.58020   0.58108
     1.714   0.62700   0.62830   0.62064
     1.786   0.67391   0.66989   0.66971
     1.857   0.71650   0.71995   0.71171
     1.929   0.76149   0.76255   0.76195
     2.000   0.79969   0.80290   0.80503
