350.0 0.6592406302004438
350.25025025025025 0.6619890481951796
350.5005005005005 0.664735047996607
350.75075075075074 0.6674785046913895
351.001001001001 0.6702192930089386
351.25125125125123 0.6729572873304214
351.5015015015015 0.6756923616978405
351.7517517517517 0.6784243898231881
352.00200200200203 0.6811532450976707
352.2522522522523 0.6838788006010036
352.5025025025025 0.6866009291107803
352.75275275275277 0.6893195031119053
353.003003003003 0.6920343948060982
353.25325325325326 0.6947454761214646
353.5035035035035 0.6974526187221338
353.75375375375376 0.7001556940179609
354.004004004004 0.7028545731742942
354.25425425425425 0.7055491271218067
354.5045045045045 0.7082392265663884
354.75475475475474 0.7109247419991015
355.005005005005 0.7136055437061962
355.25525525525524 0.7162815017791854
355.5055055055055 0.7189524861249771
355.75575575575573 0.7216183664760669
356.00600600600603 0.724279012400784
356.2562562562563 0.7269342933135922
356.5065065065065 0.7295840784854498
356.7567567567568 0.7322282370542166
357.007007007007 0.7348666380351163
357.25725725725727 0.7374991503312488
357.5075075075075 0.7401256427441526
357.75775775775776 0.7427459839844153
358.008008008008 0.7453600426823317
358.25825825825825 0.7479676873986085
358.5085085085085 0.7505687866351133
358.75875875875874 0.7531632088456681
359.009009009009 0.7557508224468855
359.25925925925924 0.7583314958290456
359.5095095095095 0.7609050973670142
359.75975975975973 0.7634714954311992
360.01001001001003 0.7660305583985457
360.2602602602603 0.7685821546635646
360.5105105105105 0.7711261526494024
360.7607607607608 0.773662420818939
361.011011011011 0.7761908276859207
361.26126126126127 0.7787112418261257
361.5115115115115 0.7812235318885573
361.76176176176176 0.7837275666066678
362.012012012012 0.786223214809609
362.26226226226225 0.7887103454335093
362.5125125125125 0.7911888275327752
362.76276276276275 0.7936585302914169
363.013013013013 0.7961193230343953
363.26326326326324 0.7985710752389905
363.5135135135135 0.8010136565461896
363.7637637637638 0.8034469367720928
364.01401401401404 0.8058707859193331
364.2642642642643 0.8082850741885189
364.51451451451453 0.8106896719896816
364.7647647647648 0.8130844499537417
365.015015015015 0.815469278943984
365.26526526526527 0.8178440300675419
365.5155155155155 0.8202085746868918
365.76576576576576 0.8225627844313528
366.016016016016 0.8249065312085929
366.26626626626626 0.8272396872161383
366.5165165165165 0.8295621249528863
366.76676676676675 0.831873717230619
367.017017017017 0.8341743371855163
367.26726726726724 0.836463858289668
367.5175175175175 0.8387421543625819
367.7677677677678 0.8410090995826887
368.01801801801804 0.8432645684988374
368.2682682682683 0.8455084360417889
368.51851851851853 0.8477405775356956
368.7687687687688 0.8499608687095721
369.019019019019 0.8521691857087552
369.2692692692693 0.8543654051063487
369.5195195195195 0.8565494039146546
369.76976976976977 0.8587210595965874
370.02002002002 0.8608802500770709
370.27027027027026 0.8630268537544157
370.5205205205205 0.8651607495116754
370.77077077077075 0.8672818167279819
371.021021021021 0.8693899352898548
371.2712712712713 0.8714849856024889
371.52152152152155 0.8735668486010104
371.7717717717718 0.8756354057617105
372.02202202202204 0.8776905391132449
372.2722722722723 0.8797321312478046
372.52252252252254 0.8817600653322528
372.7727727727728 0.8837742251192292
373.02302302302303 0.8857744949582174
373.2732732732733 0.8877607598065763
373.5235235235235 0.8897329052405324
373.77377377377377 0.8916908174661327
374.024024024024 0.8936343833301564
374.27427427427426 0.8955634903309829
374.5245245245245 0.8974780266294161
374.77477477477476 0.8993778810594633
375.025025025025 0.9012629431390659
375.27527527527525 0.9031331030807827
375.52552552552555 0.9049882518024228
375.7757757757758 0.9068282809376249
376.02602602602605 0.9086530828463878
376.2762762762763 0.9104625506255428
376.52652652652654 0.9122565781191722
376.7767767767768 0.9140350599289696
377.02702702702703 0.9157978914245429
377.2772772772773 0.9175449687536552
377.5275275275275 0.9192761888524067
377.77777777777777 0.9209914494553515
378.028028028028 0.9226906491055521
378.27827827827826 0.9243736871645667
378.5285285285285 0.9260404638223707
378.77877877877876 0.9276908801072095
379.02902902902906 0.929324837895381
379.2792792792793 0.9309422399209474
379.52952952952955 0.9325429897853754
379.7797797797798 0.9341269919671025
380.03003003003005 0.9356941518310257
380.2802802802803 0.937244375637918
380.53053053053054 0.9387775705537639
380.7807807807808 0.9402936446590174
381.03103103103103 0.9417925069577794
381.2812812812813 0.9432740673868932
381.5315315315315 0.9447382368249583
381.7817817817818 0.946184927101258
382.032032032032 0.9476140510046046
382.28228228228227 0.9490255222920946
382.5325325325325 0.9504192556977793
382.78278278278276 0.9517951669412437
383.033033033033 0.9531531727360971
383.2832832832833 0.9544931907983717
383.53353353353356 0.9558151398548268
383.7837837837838 0.957118939651163
384.03403403403405 0.9584045109601375
384.2842842842843 0.9596717755895855
384.53453453453454 0.9609206563903441
384.7847847847848 0.9621510772640772
385.03503503503504 0.963362963171001
385.2852852852853 0.9645562401375102
385.53553553553553 0.9657308352637004
385.7857857857858 0.9668866767307892
386.036036036036 0.9680236938084338
386.28628628628627 0.9691418168619422
386.5365365365365 0.9702409773593801
386.7867867867868 0.9713211078785703
387.03703703703707 0.9723821421139833
387.2872872872873 0.9734240148835215
387.53753753753756 0.9744466621351907
387.7877877877878 0.9754500209536628
388.03803803803805 0.9764340295667254
388.2882882882883 0.9773986273516204
388.53853853853855 0.9783437548412667
388.7887887887888 0.9792693537303713
389.03903903903904 0.9801753668814219
389.2892892892893 0.9810617383305664
389.53953953953953 0.9819284132933727
389.7897897897898 0.982775338170472
390.04004004004 0.9836024605530843
390.2902902902903 0.9844097292284213
390.5405405405405 0.9851970941849725
390.79079079079077 0.9859645066176679
391.04104104104107 0.9867119189329209
391.2912912912913 0.9874392847535457
391.54154154154156 0.9881465589235549
391.7917917917918 0.9888336975128309
392.04204204204206 0.989500657821674
392.2922922922923 0.9901473983852234
392.54254254254255 0.990773878977755
392.7927927927928 0.9913800606168501
393.04304304304304 0.9919659055674387
393.2932932932933 0.9925313773457143
393.54354354354354 0.9930764407229203
393.7937937937938 0.9936010617290086
394.044044044044 0.9941052076561674
394.2942942942943 0.9945888470622201
394.5445445445446 0.9950519497738933
394.7947947947948 0.9954944868899548
395.0450450450451 0.995916430784219
395.2952952952953 0.9963177551084216
395.54554554554556 0.9966984347949619
395.7957957957958 0.9970584460595123
396.04604604604606 0.9973977664034951
396.2962962962963 0.9977163746164252
396.54654654654655 0.9980142507781213
396.7967967967968 0.9982913762607803
397.04704704704704 0.9985477337309195
397.2972972972973 0.9987833071511838
397.54754754754754 0.9989980817820171
397.7977977977978 0.9991920441832001
398.04804804804803 0.9993651822152517
398.2982982982983 0.9995174850406957
398.5485485485485 0.9996489431251913
398.7987987987988 0.9997595482385279
399.0490490490491 0.9998492934554839
399.2992992992993 0.9999181731565496
399.54954954954957 0.9999661830285139
399.7997997997998 0.9999933200649143
400.05005005005006 0.9999995825663506
400.3003003003003 0.999984970140663
400.55055055055055 0.9999494837029728
400.8008008008008 0.9998931254755865
401.05105105105105 0.9998158989877652
401.3013013013013 0.9997178090753553
401.55155155155154 0.9995988618802847
401.8018018018018 0.9994590648499214
402.05205205205203 0.9992984267362971
402.30230230230234 0.9991169575951938
402.5525525525526 0.9989146687850955
402.80280280280283 0.9986915729660024
403.0530530530531 0.998447684098112
403.3033033033033 0.9981830174403622
403.55355355355357 0.9978975895488416
403.8038038038038 0.9975914182750625
404.05405405405406 0.9972645227641017
404.3043043043043 0.9969169234526045
404.55455455455456 0.9965486420666565
404.8048048048048 0.99615970161952
405.05505505505505 0.9957501264092385
405.3053053053053 0.9953199420161063
405.55555555555554 0.9948691753000071
405.8058058058058 0.9943978543976189
406.05605605605604 0.9939060087194874
406.3063063063063 0.9933936689469686
406.5565565565566 0.9928608670290384
406.80680680680683 0.9923076361789739
407.0570570570571 0.9917340108709028
407.3073073073073 0.991140026836224
407.5575575575576 0.9905257210598988
407.8078078078078 0.9898911317766137
408.05805805805807 0.9892362984668152
408.3083083083083 0.9885612618526166
408.55855855855856 0.9878660638935796
408.8088088088088 0.987150747782367
409.05905905905905 0.9864153579402724
409.3093093093093 0.9856599400126238
409.55955955955955 0.9848845408640626
409.8098098098098 0.9840892085737003
410.0600600600601 0.9832739924301501
410.31031031031034 0.9824389429264397
410.5605605605606 0.9815841117547994
410.81081081081084 0.9807095518013309
411.0610610610611 0.9798153171405571
411.31131131131133 0.9789014630298515
411.5615615615616 0.9779680459037496
411.8118118118118 0.977015123368144
412.06206206206207 0.9760427541943605
412.3123123123123 0.9750509983131214
412.56256256256256 0.9740399168083915
412.8128128128128 0.9730095719111121
413.06306306306305 0.9719600269928199
413.3133133133133 0.9708913465591557
413.56356356356355 0.9698035962432603
413.8138138138138 0.9686968427990618
414.06406406406404 0.9675711540944519
414.3143143143143 0.9664265991043557
414.5645645645646 0.965263247903692
414.81481481481484 0.9640811716602309
415.0650650650651 0.9628804426273414
415.31531531531533 0.961661134136639
415.5655655655656 0.9604233205905283
415.8158158158158 0.9591670774546434
416.06606606606607 0.9578924812501888
416.3163163163163 0.9565996095461784
416.56656656656656 0.9552885409515778
416.8168168168168 0.9539593551073478
417.06706706706706 0.9526121326783915
417.3173173173173 0.9512469553454072
417.5675675675676 0.9498639057966455
417.81781781781785 0.948463067719576
418.0680680680681 0.947044525792459
418.31831831831835 0.9456083656758298
418.5685685685686 0.9441546740038919
418.81881881881884 0.9426835383758226
419.0690690690691 0.9411950473469929
419.31931931931933 0.9396892904201
419.5695695695696 0.9381663580362168
419.8198198198198 0.9366263415657591
420.0700700700701 0.935069333299369
420.3203203203203 0.9334954264387204
420.57057057057057 0.931904715087244
420.8208208208208 0.9302972942407751
421.07107107107106 0.9286732597781254
421.3213213213213 0.9270327084515791
421.57157157157155 0.9253757378773162
421.8218218218218 0.9237024465257634
422.07207207207205 0.9220129337118734
422.32232232232235 0.9203072995853361
422.5725725725726 0.918585645120722
422.82282282282284 0.9168480721075565
423.0730730730731 0.9150946831403313
423.32332332332334 0.9133255816084528
423.5735735735736 0.9115408716861259
423.82382382382383 0.9097406583221782
424.0740740740741 0.9079250472298261
424.3243243243243 0.9060941448763807
424.57457457457457 0.9042480584728987
424.8248248248248 0.9023868959637791
425.07507507507506 0.9005107660163051
425.32532532532537 0.8986197780101349
425.5755755755756 0.8967140420267441
425.82582582582586 0.8947936688388147
426.0760760760761 0.8928587698995816
426.32632632632635 0.8909094573321316
426.5765765765766 0.8889458439186579
426.82682682682685 0.8869680430896729
427.0770770770771 0.8849761689131803
427.32732732732734 0.8829703360838064
427.5775775775776 0.8809506599118961
427.82782782782783 0.8789172563125706
428.0780780780781 0.8768702417947514
428.3283283283283 0.8748097334501524
428.5785785785786 0.8727358489422394
428.8288288288288 0.8706487064951605
429.07907907907907 0.868548424882649
429.3293293293293 0.8664351234169001
429.57957957957956 0.8643089219374216
429.8298298298298 0.8621699407998641
430.08008008008005 0.8600183008648279
430.33033033033036 0.857854123486651
430.5805805805806 0.8556775305021818
430.83083083083085 0.8534886442195295
431.0810810810811 0.8512875874068078
431.33133133133134 0.84907448328086
431.5815815815816 0.8468494554959767
431.83183183183183 0.8446126281326031
432.0820820820821 0.8423641256860387
432.3323323323323 0.8401040730551322
432.5825825825826 0.8378325955309723
432.8328328328328 0.8355498187855763
433.0830830830831 0.8332558688605781
433.33333333333337 0.830950872155921
433.5835835835836 0.8286349554185478
433.83383383383386 0.8263082457311022
434.0840840840841 0.8239708705006346
434.33433433433436 0.8216229574473167
434.5845845845846 0.8192646345931686
434.83483483483485 0.8168960302507967
435.0850850850851 0.8145172730121482
435.33533533533534 0.8121284917372804
435.5855855855856 0.8097298155431502
435.83583583583584 0.8073213737924226
436.0860860860861 0.8049032960823028
436.33633633633633 0.8024757122333918
436.5865865865866 0.8000387522785687
436.8368368368368 0.7975925464519015
437.08708708708707 0.7951372251775881
437.3373373373373 0.7926729190589296
437.58758758758756 0.7901997588673381
437.8378378378378 0.7877178755313807
438.0880880880881 0.785227400125863
438.33833833833836 0.7827284638609527
438.5885885885886 0.7802211980713448
438.83883883883885 0.7777057342054734
439.0890890890891 0.7751822038147701
439.33933933933935 0.7726507385429706
439.5895895895896 0.7701114701154744
439.83983983983984 0.7675645303287567
440.0900900900901 0.7650100510398364
440.34034034034033 0.7624481641558024
440.5905905905906 0.7598790016234005
440.8408408408409 0.757302695418681
441.09109109109113 0.7547193775367166
441.3413413413414 0.7521291799813787
441.5915915915916 0.7495322347551922
441.84184184184187 0.7469286738492563
442.0920920920921 0.7443186292332432
442.34234234234236 0.7417022328454721
442.5925925925926 0.7390796165830624
442.84284284284286 0.7364509122921693
443.0930930930931 0.7338162517583033
443.34334334334335 0.7311757666967377
443.5935935935936 0.7285295887430033
443.84384384384384 0.7258778494434773
444.0940940940941 0.7232206802460659
444.34434434434434 0.7205582124909842
444.5945945945946 0.7178905774016362
444.84484484484483 0.715217906075598
445.0950950950951 0.7125403294757059
445.3453453453453 0.7098579784212526
445.59559559559557 0.7071709835792959
445.8458458458459 0.7044794754560783
446.0960960960961 0.7017835843885692
446.34634634634637 0.6990834405361189
446.5965965965966 0.6963791738722422
446.84684684684686 0.693670914176524
447.0970970970971 0.6909587910266554
447.34734734734735 0.6882429337906001
447.5975975975976 0.6855234716188973
447.84784784784785 0.682800533437101
448.0980980980981 0.6800742479383618
448.34834834834834 0.6773447435761523
448.59859859859864 0.67461214855714
448.8488488488489 0.671876590834214
449.09909909909913 0.6691381980996597
449.3493493493494 0.6663970977784974
449.5995995995996 0.663653417021979
449.8498498498499 0.6609072827012491
450.1001001001001 0.6581588214011752
450.35035035035037 0.6554081594143478
450.6006006006006 0.6526554227352569
450.85085085085086 0.6499007370546459
451.1011011011011 0.6471442277540485
451.35135135135135 0.6443860199005108
451.6016016016016 0.6416262382415039
451.85185185185185 0.6388650072000279
452.1021021021021 0.6361024508699155
452.35235235235234 0.6333386930113334
452.6026026026026 0.6305738570464914
452.85285285285283 0.6278080660555576
453.1031031031031 0.6250414427727871
453.3533533533533 0.6222741095828674
453.60360360360363 0.6195061885174823
453.8538538538539 0.6167378012521035
454.1041041041041 0.613969069103006
454.35435435435437 0.6112001130245187
454.6046046046046 0.6084310536065116
454.85485485485486 0.6056620110721225
455.1051051051051 0.6028931052757275
455.35535535535536 0.6001244557011617
455.6056056056056 0.5973561814601924
455.85585585585585 0.5945884012912488
456.1061061061061 0.5918212335584129
456.3563563563564 0.589054796250675
456.60660660660665 0.5862892069814633
456.8568568568569 0.5835245829884379
457.10710710710714 0.5807610411335725
457.3573573573574 0.5779986979035124
457.60760760760763 0.5752376694102206
457.8578578578579 0.5724780713919133
458.1081081081081 0.569720019214292
458.3583583583584 0.5669636278720718
458.6086086086086 0.5642090119908143
458.85885885885887 0.5614562858290666
459.1091091091091 0.5587055632808122
459.35935935935936 0.5559569578782357
459.6096096096096 0.5532105827948078
459.85985985985985 0.5504665508486924
460.1101101101101 0.5477249745064815
460.36036036036035 0.5449859658872593
460.6106106106106 0.5422496367670039
460.86086086086084 0.5395160985833237
461.1111111111111 0.536785462440539
461.3613613613614 0.5340578391151061
461.61161161161164 0.5313333390613955
461.8618618618619 0.5286120724178154
462.11211211211213 0.5258941490132981
462.3623623623624 0.523179678374141
462.6126126126126 0.5204687697312127
462.86286286286287 0.5177615320275221
463.1131131131131 0.5150580739261567
463.36336336336336 0.5123585038185928
463.6136136136136 0.5096629298333769
463.86386386386386 0.506971459845185
464.11411411411416 0.504284201484259
464.3643643643644 0.5016012621462264
464.61461461461465 0.49892274900229633
464.8648648648649 0.4962487690098466
465.11511511511515 0.49357942892339235
465.3653653653654 0.4909148353059439
465.61561561561564 0.4882550945407512
465.8658658658659 0.4856003128434402
466.11611611611613 0.4829505962745369
466.3663663663664 0.4803060507523834
466.6166166166166 0.4776667820664451
466.86686686686687 0.47503289589100706
467.1171171171171 0.47240449779926375
467.36736736736736 0.4697816932777959
467.6176176176176 0.46716458774143926
467.86786786786786 0.4645532865485391
468.1181181181181 0.46194789501659317
468.36836836836835 0.4593485184382781
468.6186186186186 0.4567552620978595
468.86886886886884 0.45416823128798167
469.11911911911915 0.45158753132683394
469.3693693693694 0.44901326757569465
469.61961961961964 0.4464455454568392
469.8698698698699 0.4438844704718207
470.12012012012013 0.4413301482201103
470.3703703703704 0.438782684418094
470.6206206206206 0.43624218491842326
470.8708708708709 0.43370875572971035
471.1211211211211 0.4311825030365648
471.37137137137137 0.42866353321996287
471.6216216216216 0.42615195287794366
471.8718718718719 0.4236478688466227
472.12212212212216 0.4211513882215204
472.3723723723724 0.41866261837918534
472.62262262262266 0.4161816669991167
472.8728728728729 0.4137086420859672
473.12312312312315 0.4112436519920189
473.3733733733734 0.40878680543992135
473.62362362362364 0.40633821154568034
473.8738738738739 0.40389797984188486
474.12412412412414 0.4014662203011608
474.3743743743744 0.39904304335983687
474.62462462462463 0.3966285599418099
474.8748748748749 0.3942228814825942
475.1251251251251 0.39182611995354133
475.37537537537537 0.38943838788621277
475.6256256256256 0.3870597983968901
475.87587587587586 0.3846904652112063
476.1261261261261 0.3823305026888786
476.37637637637636 0.3799800258485262
476.6266266266266 0.37763915039255314
476.8768768768769 0.3753079927320757
477.12712712712715 0.3729866700118778
477.3773773773774 0.37067530013536387
477.62762762762765 0.36837400178949997
477.8778778778779 0.3660828944697109
478.12812812812814 0.3638020985047137
478.3783783783784 0.36153173508126274
478.62862862862863 0.3592719262687828
478.8788788788789 0.35702279504386225
479.1291291291292 0.35478446531458246
479.37937937937943 0.3525570619446572
479.6296296296297 0.3503407107773482
479.8798798798799 0.3481355386591373
480.13013013013017 0.3459416734631206
480.3803803803804 0.343759244112095
480.63063063063066 0.34158838060130836
480.8808808808809 0.339429214020841
481.13113113113116 0.33728187657758624
481.3813813813814 0.3351465016167992
481.63163163163165 0.3330232236431776
481.8818818818819 0.3309121783414425
482.13213213213214 0.32881350259638464
482.3823823823824 0.3267273345123392
482.63263263263264 0.3246538134320549
482.8828828828829 0.3225930799549192
483.13313313313313 0.32054527595450366
483.3833833833834 0.31851054459539113
483.6336336336336 0.31648903034924575
483.88388388388387 0.31448087901008825
484.1341341341341 0.31248623770873524
484.38438438438436 0.31050525492636405
484.6346346346346 0.3085380805071621
484.88488488488485 0.30658486567001814
485.13513513513516 0.3046457630192176
485.3853853853854 0.30272092655409716
485.63563563563565 0.30081051167761536
485.8858858858859 0.2989146752038008
486.13613613613614 0.2970335753640318
486.3863863863864 0.2951673718121045
486.63663663663664 0.293316225628047
486.88688688688694 0.29148029932063396
487.1371371371372 0.2896597568285628
487.38738738738743 0.2878547635202367
487.6376376376377 0.28606548619212374
487.8878878878879 0.2842920930656378
488.1381381381382 0.2825347537825008
488.3883883883884 0.28079363939854146
488.63863863863867 0.27906892237588676
488.8888888888889 0.2773607765735007
489.13913913913916 0.2756693772360276
489.3893893893894 0.27399490098089535
489.63963963963965 0.2723375257836352
489.8898898898899 0.2706974309613755
490.14014014014015 0.2690747971544649
490.3903903903904 0.2674698063061842
490.64064064064064 0.2658826416405032
490.8908908908909 0.26431348763784296
491.14114114114113 0.2627625300087997
491.3913913913914 0.2612299556657934
491.6416416416416 0.2597159526925978
491.8918918918919 0.2582207103117161
492.1421421421421 0.2567444188495624
492.39239239239237 0.2552872696994115
492.6426426426426 0.253849455282082
492.8928928928929 0.25243116900431684
493.14314314314316 0.25103260521482734
493.3933933933934 0.24965395915796473
493.64364364364366 0.24829542692499348
493.8938938938939 0.24695720540292984
494.14414414414415 0.24563949222091858
494.3943943943944 0.24434248569412081
494.6446446446447 0.24306638476508485
494.89489489489495 0.2418113889425771
495.1451451451452 0.24057769823784625
495.39539539539544 0.23936551309830367
495.6456456456457 0.2381750343385965
495.89589589589593 0.2370064630690569
496.1461461461462 0.23586000062151113
496.3963963963964 0.23473584847243345
496.6466466466467 0.23363420816343364
496.8968968968969 0.23255528121906674
497.14714714714717 0.23149926906195814
497.3973973973974 0.23046637292523703
497.64764764764766 0.22945679376227554
497.8978978978979 0.22847073215373143
498.14814814814815 0.22750838821189678
498.3983983983984 0.22656996148235461
498.64864864864865 0.2256556508429508
498.8988988988989 0.22476565440008994
499.14914914914914 0.2239001693823653
499.3993993993994 0.22305939203153916
499.64964964964963 0.2222435174908877
499.8998998998999 0.22145273969093227
500.1501501501501 0.22068725123257799
500.4004004004004 0.2199472432676865
500.6506506506507 0.21923290537710932
500.9009009009009 0.21854442544621563
501.15115115115117 0.21788198953794596
501.4014014014014 0.2172457817634317
501.65165165165166 0.21663598415022056
501.9019019019019 0.21605277650815025
502.15215215215215 0.21549633629291937
502.40240240240246 0.21496683846740403
502.6526526526527 0.21446445536077563
502.90290290290295 0.2139893565254735
503.1531531531532 0.21354170859209576
503.40340340340344 0.21312167512226998
503.6536536536537 0.2127294164595699
503.90390390390394 0.21236508957854966
504.1541541541542 0.21202884793196783
504.40440440440443 0.2117208412962783
504.6546546546547 0.2114412156154687
504.9049049049049 0.21119011284332834
505.15515515515517 0.21096767078423456
505.4054054054054 0.21077402293254524
505.65565565565566 0.21060929831069317
505.9059059059059 0.2104736213060774
506.15615615615616 0.21036711150685294
506.4064064064064 0.2102898835367202
506.65665665665665 0.21024204688882295
506.9069069069069 0.21022370575886315
507.15715715715714 0.21023495887754512
507.4074074074074 0.21027589934246665
507.65765765765764 0.2103466144495736
507.9079079079079 0.21044718552430247
508.15815815815813 0.210577687752534
508.40840840840843 0.21073819001148608
508.6586586586587 0.21092875470067732
508.9089089089089 0.21114943757309274
509.1591591591592 0.21140028756668988
509.4094094094094 0.2116813466363815
509.65965965965967 0.21199264958663755
509.9099099099099 0.21233422390484885
510.16016016016016 0.21270608959559828
510.41041041041046 0.21310825901598796
510.6606606606607 0.21354073671217078
510.91091091091096 0.21400351925724048
511.1611611611612 0.2144965950906318
511.41141141141145 0.21501994435918753
511.6616616616617 0.21557353876004895
511.91191191191194 0.21615734138552908
512.1621621621622 0.21677130657012716
512.4124124124124 0.2174153797398477
512.6626626626627 0.21808949726398416
512.9129129129129 0.21879358630953213
513.1631631631632 0.219527564698395
513.4134134134134 0.22029134076754753
513.6636636636637 0.2210848132323218
513.9139139139139 0.2219078710529812
514.1641641641642 0.2227603933047485
514.4144144144144 0.22364224905145252
514.6646646646647 0.22455329722296097
514.9149149149149 0.2254933864965612
515.1651651651651 0.22646235518245786
515.4154154154154 0.22746003111354665
515.6656656656656 0.2284862315396315
515.9159159159159 0.22954076302624393
516.1661661661662 0.2306234213582278
516.4164164164165 0.23173399144824544
516.6666666666667 0.2328722472503691
516.916916916917 0.23403795167890634
517.1671671671672 0.2352308565326178
517.4174174174175 0.23645070242447871
517.6676676676677 0.23769721871713273
517.917917917918 0.23897012346418514
518.1681681681682 0.24026912335748057
518.4184184184185 0.24159391368050484
518.6686686686687 0.24294417826805093
518.918918918919 0.24431958947228244
519.1691691691692 0.2457198081353265
519.4194194194195 0.24714448356852414
519.6696696696697 0.24859325353846057
519.91991991992 0.25006574425989686
520.1701701701702 0.251561570395717
520.4204204204204 0.25308033506400235
520.6706706706707 0.25462162985233844
520.9209209209209 0.2561850348394583
521.1711711711712 0.2577701186243161
521.4214214214214 0.2593764383626843
521.6716716716717 0.26100353981136054
521.9219219219219 0.26265095738006405
522.1721721721722 0.2643182141910976
522.4224224224224 0.2660048221468437
522.6726726726727 0.2677102820051586
522.9229229229229 0.269434083462722
523.1731731731732 0.2711757052463921
523.4234234234234 0.27293461521261175
523.6736736736736 0.2747102704549038
523.9239239239239 0.2765021174194868
524.1741741741741 0.27830959202903577
524.4244244244244 0.28013211981460606
524.6746746746746 0.2819691160557317
524.9249249249249 0.2838199859287005
525.1751751751751 0.2856841246630049
525.4254254254254 0.28756091770595527
525.6756756756756 0.28944974089544007
525.925925925926 0.2913499606408062
526.1761761761762 0.29326093411182275
526.4264264264265 0.29518200943570067
526.6766766766767 0.29711252590210147
526.926926926927 0.29905181417609417
527.1771771771772 0.30099919651898954
527.4274274274275 0.30295398701698417
527.6776776776777 0.3049154918175322
527.927927927928 0.3068830093733605
528.1781781781782 0.3088558306940318
528.4284284284284 0.3108332396049533
528.6786786786787 0.31281451301372176
528.9289289289289 0.31479892118368624
529.1791791791792 0.31678572801460425
529.4294294294294 0.31877419133025797
529.6796796796797 0.32076356317288884
529.9299299299299 0.32275309010430514
530.1801801801802 0.32474201351350374
530.4304304304304 0.326729569930646
530.6806806806807 0.32871499134721566
530.9309309309309 0.3306975055421822
531.1811811811812 0.3326763364139855
531.4314314314314 0.3346507043181494
531.6816816816818 0.33661982641032767
531.931931931932 0.33858291699457166
532.1821821821823 0.3405391878766213
532.4324324324325 0.34248784872198473
532.6826826826828 0.3444281074185936
532.932932932933 0.3463591704438008
533.1831831831832 0.3482802432354835
533.4334334334335 0.3501905305670107
533.6836836836837 0.3520892369258267
533.933933933934 0.3539755668953996
534.1841841841842 0.35584872554027386
534.4344344344345 0.3577079187939674
534.6846846846847 0.3595523538494438
534.934934934935 0.36138123955188733
535.1851851851852 0.3631937867935068
535.4354354354355 0.3649892089100849
535.6856856856857 0.3667667220789925
535.935935935936 0.368525545718378
536.1861861861862 0.3702649028872427
536.4364364364365 0.3719840206861079
536.6866866866867 0.3736821306579786
536.936936936937 0.37535846918930404
537.1871871871872 0.3770122779106353
537.4374374374374 0.37864280409667816
537.6876876876877 0.3802493010654356
537.9379379379379 0.3818310285761368
538.1881881881882 0.38338725322564515
538.4384384384384 0.38491724884303924
538.6886886886887 0.3864202968820599
538.9389389389389 0.38789568681111664
539.1891891891892 0.38934271650054514
539.4394394394394 0.39076069260681295
539.6896896896897 0.39214893095336445
539.9399399399399 0.39350675690780446
540.1901901901902 0.3948335057551163
540.4404404404404 0.39612852306661384
540.6906906906906 0.39739116506433075
540.9409409409409 0.39862079898054914
541.1911911911911 0.3998168034121759
541.4414414414415 0.40097856866967685
541.6916916916917 0.4021054971202792
541.941941941942 0.40319700352516685
542.1921921921922 0.4042525153703801
542.4424424424425 0.40527147319115264
542.6926926926927 0.406253330889412
542.942942942943 0.40719755604418084
543.1931931931932 0.4081036302146176
543.4434434434435 0.4089710492354421
543.6936936936937 0.40979932350449955
543.943943943944 0.410587978262217
544.1941941941942 0.41133655386271895
544.4444444444445 0.4120446060363703
544.6946946946947 0.41271170614352426
544.944944944945 0.41333744141925954
545.1951951951952 0.4139214152088971
545.4454454454454 0.41446324719409583
545.6956956956957 0.4149625736093335
545.9459459459459 0.4154190474485872
546.1961961961962 0.4158323386620358
546.4464464464464 0.41620213434261494
546.6966966966967 0.4165281389022644
546.9469469469469 0.4168100742377157
547.1971971971973 0.4170476798856765
547.4474474474475 0.4172407131672775
547.6976976976978 0.41738894932165876
547.947947947948 0.4174921816285769
548.1981981981983 0.4175502215199295
548.4484484484485 0.4175628986800992
548.6986986986988 0.41753006113503016
548.948948948949 0.4174515753299607
549.1991991991993 0.4173273261957441
549.4494494494495 0.4171572172037008
549.6996996996997 0.41694117040895423
549.94994994995 0.4166791264822131
550.2002002002002 0.41637104472997305
550.4504504504505 0.41601690310312095
550.7007007007007 0.41561669819393393
550.950950950951 0.4151704452214777
551.2012012012012 0.4146781780054167
551.4514514514515 0.4141399489282595
551.7017017017017 0.413555828886074
551.951951951952 0.4129259072277155
552.2022022022022 0.41225029168262073
552.4524524524525 0.4115291082772333
552.7027027027027 0.4107625012401331
552.952952952953 0.4099506328959518
553.2032032032032 0.4090936835481707
553.4534534534534 0.40819185135090064
553.7037037037037 0.4072453521697579
553.9539539539539 0.40625441943195717
554.2042042042042 0.4052193039657521
554.4544544544544 0.40414027382936457
554.7047047047047 0.40301761412954934
554.9549549549549 0.4018516268299545
555.2052052052052 0.4006426305494416
555.4554554554554 0.3993909603505408
555.7057057057057 0.3980969675182246
555.9559559559559 0.3967610193291903
556.2062062062062 0.39538349881184937
556.4564564564564 0.3939648044972312
556.7067067067067 0.3925053501610136
556.956956956957 0.39100556455690083
557.2072072072073 0.38946589114158037
557.4574574574575 0.3878867877914824
557.7077077077078 0.38626872651159716
557.957957957958 0.3846121931365843
558.2082082082082 0.38291768702443374
558.4584584584585 0.38118572074293317
558.7087087087087 0.3794168197492065
558.958958958959 0.37761152206259146
559.2092092092092 0.3757703779311299
559.4594594594595 0.37389394949194676
559.7097097097097 0.3719828104258014
559.95995995996 0.3700375456060953
560.2102102102102 0.36805875074262534
560.4604604604605 0.36604703202037536
560.7107107107107 0.3640030057336403
560.960960960961 0.36192729791578154
561.2112112112112 0.35982054396491286
561.4614614614615 0.35768338826581864
561.7117117117117 0.35551648380840895
561.961961961962 0.3533204918030159
562.2122122122122 0.3510960812928369
562.4624624624624 0.34884392876383274
562.7127127127128 0.3465647177523854
562.962962962963 0.34425913845103007
563.2132132132133 0.3419278873125523
563.4634634634635 0.3395716666527785
563.7137137137138 0.33719118425234845
563.963963963964 0.3347871529577828
564.2142142142143 0.3323602902821462
564.4644644644645 0.32991131800560847
564.7147147147148 0.32744096177620324
564.964964964965 0.32494995071108146
565.2152152152153 0.3224390169985546
565.4654654654655 0.3199088955012194
565.7157157157158 0.31736032336045344
565.965965965966 0.31479403960256686
566.2162162162163 0.31221078474689157
566.4664664664665 0.3096113004160872
566.7167167167167 0.306996328948937
566.966966966967 0.30436661301590273
567.2172172172172 0.30172289523770496
567.4674674674675 0.2990659178071871
567.7177177177177 0.2963964221147205
567.967967967968 0.2937151483773978
568.2182182182182 0.2910228352722614
568.4684684684685 0.2883202195738043
568.7187187187187 0.2856080357959767
568.968968968969 0.282887015838925
569.2192192192192 0.28015788864068447
569.4694694694695 0.27742137983403914
569.7197197197197 0.27467821140875703
569.96996996997 0.2719291013794024
570.2202202202202 0.2691747634589183
570.4704704704704 0.2664159067381677
570.7207207207207 0.2636532353716135
570.9709709709709 0.2608874482693101
571.2212212212212 0.2581192387953733
571.4714714714714 0.25534929447308635
571.7217217217217 0.2525782966967943
571.9719719719719 0.249806920450729
572.2222222222222 0.24703583403490262
572.4724724724725 0.24426569879819546
572.7227227227228 0.24149716887876715
572.972972972973 0.2387308909518852
573.2232232232233 0.23596750398530228
573.4734734734735 0.23320763900225933
573.7237237237238 0.23045191885221428
573.973973973974 0.22770095798937462
574.2242242242243 0.22495536225911103
574.4744744744745 0.22221572869231562
574.7247247247248 0.21948264530776698
574.974974974975 0.21675669092255023
575.2252252252252 0.21403843497057823
575.4754754754755 0.2113284373292477
575.7257257257257 0.208627248154261
575.975975975976 0.20593540772263258
576.2262262262262 0.20325344628389502
576.4764764764765 0.20058188391951007
576.7267267267267 0.19792123041048504
576.976976976977 0.19527198511318455
577.2272272272272 0.1926346368433245
577.4774774774775 0.19000966376812506
577.7277277277277 0.18739753330659392
577.977977977978 0.18479870203790472
578.2282282282283 0.18221361561782726
578.4784784784786 0.1796427087031677
578.7287287287288 0.17708640488414623
578.9789789789791 0.17454511662467548
579.2292292292293 0.17201924521045409
579.4794794794796 0.1695091807048101
579.7297297297298 0.16701530191221448
579.97997997998 0.1645379763493802
580.2302302302303 0.1620775602238581
580.4804804804805 0.1596343984200339
580.7307307307308 0.15720882449242757
580.980980980981 0.15480116066618949
581.2312312312313 0.152411717844685
581.4814814814815 0.1500407956240527
581.7317317317318 0.14768868231461885
581.981981981982 0.14535565496904537
582.2322322322323 0.14304197941708527
582.4824824824825 0.1407479103068152
582.7327327327328 0.13847369115221214
582.982982982983 0.13621955438693623
583.2332332332332 0.13398572142418053
583.4834834834835 0.13177240272244345
583.7337337337337 0.12957979785707943
583.983983983984 0.1274080955974765
584.2342342342342 0.12525747398971265
584.4844844844845 0.1231281004445354
584.7347347347347 0.12102013183050998
584.984984984985 0.1189337145721788
585.2352352352352 0.1168689847530733
585.4854854854855 0.11482606822341714
585.7357357357357 0.1128050807123597
585.985985985986 0.11080612794457635
586.2362362362362 0.10882930576107193
586.4864864864865 0.10687470024402264
586.7367367367367 0.1049423878454913
586.986986986987 0.1030324355198502
587.2372372372372 0.10114490085974553
587.4874874874874 0.09927983223543774
587.7377377377377 0.09743726893735177
587.987987987988 0.0956172413216706
588.2382382382383 0.09381977095881223
588.4884884884885 0.09204487078461263
588.7387387387388 0.09029254525406764
588.988988988989 0.0885627904974583
589.2392392392393 0.08685559447870238
589.4894894894895 0.08517093715577072
589.7397397397398 0.08350879064300847
589.98998998999 0.08186911937520362
590.2402402402403 0.08025188027324574
590.4904904904905 0.07865702291122023
590.7407407407408 0.07708448968478532
590.990990990991 0.07553421598068
591.2412412412413 0.07400613034721457
591.4914914914915 0.07250015466559614
591.7417417417417 0.07101620432194473
591.991991991992 0.06955418837985751
592.2422422422422 0.06811400975338117
592.4924924924925 0.06669556538025494
592.7427427427427 0.06529874639528972
592.992992992993 0.06392343830375076
593.2432432432432 0.06256952115461481
593.4934934934935 0.0612368697135752
593.7437437437438 0.05992535363567047
593.9939939939941 0.05863483763741945
594.2442442442443 0.05736518166833647
594.4944944944946 0.056116241081723535
594.7447447447448 0.05488786680461954
594.9949949949951 0.053679905506801476
595.2452452452453 0.052492199768731825
595.4954954954956 0.05132458824835082
595.7457457457458 0.05017690584661403
595.995995995996 0.049048983871680864
596.2462462462463 0.04794065020166111
596.4964964964965 0.04685172944583154
596.7467467467468 0.04578204310423663
596.996996996997 0.044731409725591566
597.2472472472473 0.04369964506340913
597.4974974974975 0.04268656223027453
597.7477477477478 0.04169197185019663
597.997997997998 0.04071568220896705
598.2482482482483 0.03975749940246125
598.4984984984985 0.038817227482820196
598.7487487487488 0.03789466860245375
598.998998998999 0.03698962315581002
599.2492492492493 0.036101889918859126
599.4994994994995 0.03523126618624202
599.7497497497498 0.03437754790603876
600.0 0.03354052981211382
