350.0 0.6592406302004438
350.25025025025025 0.6619890481951796
350.5005005005005 0.664735047996607
350.75075075075074 0.6674785046913895
351.001001001001 0.6702192930089386
351.25125125125123 0.6729572873304214
351.5015015015015 0.6756923616978405
351.7517517517517 0.6784243898231881
352.00200200200203 0.6811532450976707
352.2522522522523 0.6838788006010036
352.5025025025025 0.6866009291107803
352.75275275275277 0.6893195031119053
353.003003003003 0.6920343948060982
353.25325325325326 0.6947454761214646
353.5035035035035 0.6974526187221338
353.75375375375376 0.7001556940179609
354.004004004004 0.7028545731742942
354.25425425425425 0.7055491271218067
354.5045045045045 0.7082392265663884
354.75475475475474 0.7109247419991015
355.005005005005 0.7136055437061962
355.25525525525524 0.7162815017791854
355.5055055055055 0.7189524861249771
355.75575575575573 0.7216183664760669
356.00600600600603 0.724279012400784
356.2562562562563 0.7269342933135922
356.5065065065065 0.7295840784854498
356.7567567567568 0.7322282370542166
357.007007007007 0.7348666380351163
357.25725725725727 0.7374991503312488
357.5075075075075 0.7401256427441526
357.75775775775776 0.7427459839844153
358.008008008008 0.7453600426823317
358.25825825825825 0.7479676873986085
358.5085085085085 0.7505687866351133
358.75875875875874 0.7531632088456681
359.009009009009 0.7557508224468854
359.25925925925924 0.7583314958290455
359.5095095095095 0.7609050973670141
359.75975975975973 0.7634714954311991
360.01001001001003 0.7660305583985456
360.2602602602603 0.7685821546635645
360.5105105105105 0.7711261526494023
360.7607607607608 0.7736624208189389
361.011011011011 0.7761908276859206
361.26126126126127 0.7787112418261256
361.5115115115115 0.7812235318885572
361.76176176176176 0.7837275666066676
362.012012012012 0.7862232148096088
362.26226226226225 0.7887103454335092
362.5125125125125 0.7911888275327751
362.76276276276275 0.7936585302914168
363.013013013013 0.7961193230343951
363.26326326326324 0.7985710752389903
363.5135135135135 0.8010136565461894
363.7637637637638 0.8034469367720926
364.01401401401404 0.8058707859193329
364.2642642642643 0.8082850741885186
364.51451451451453 0.8106896719896812
364.7647647647648 0.8130844499537414
365.015015015015 0.8154692789439836
365.26526526526527 0.8178440300675416
365.5155155155155 0.8202085746868913
365.76576576576576 0.8225627844313523
366.016016016016 0.8249065312085924
366.26626626626626 0.8272396872161376
366.5165165165165 0.8295621249528857
366.76676676676675 0.8318737172306183
367.017017017017 0.8341743371855155
367.26726726726724 0.8364638582896671
367.5175175175175 0.838742154362581
367.7677677677678 0.8410090995826877
368.01801801801804 0.8432645684988361
368.2682682682683 0.8455084360417877
368.51851851851853 0.8477405775356942
368.7687687687688 0.8499608687095707
369.019019019019 0.8521691857087536
369.2692692692693 0.854365405106347
369.5195195195195 0.8565494039146527
369.76976976976977 0.8587210595965852
370.02002002002 0.8608802500770686
370.27027027027026 0.8630268537544131
370.5205205205205 0.8651607495116727
370.77077077077075 0.8672818167279788
371.021021021021 0.8693899352898514
371.2712712712713 0.8714849856024852
371.52152152152155 0.8735668486010063
371.7717717717718 0.8756354057617061
372.02202202202204 0.87769053911324
372.2722722722723 0.8797321312477993
372.52252252252254 0.881760065332247
372.7727727727728 0.8837742251192229
373.02302302302303 0.8857744949582105
373.2732732732733 0.8877607598065688
373.5235235235235 0.8897329052405241
373.77377377377377 0.8916908174661237
374.024024024024 0.8936343833301467
374.27427427427426 0.8955634903309723
374.5245245245245 0.8974780266294045
374.77477477477476 0.8993778810594505
375.025025025025 0.9012629431390519
375.27527527527525 0.9031331030807674
375.52552552552555 0.9049882518024063
375.7757757757758 0.9068282809376067
376.02602602602605 0.908653082846368
376.2762762762763 0.9104625506255213
376.52652652652654 0.9122565781191486
376.7767767767768 0.914035059928944
377.02702702702703 0.915797891424515
377.2772772772773 0.9175449687536248
377.5275275275275 0.9192761888523734
377.77777777777777 0.9209914494553153
378.028028028028 0.9226906491055126
378.27827827827826 0.9243736871645236
378.5285285285285 0.9260404638223239
378.77877877877876 0.9276908801071584
379.02902902902906 0.9293248378953253
379.2792792792793 0.9309422399208866
379.52952952952955 0.9325429897853094
379.7797797797798 0.9341269919670304
380.03003003003005 0.9356941518309473
380.2802802802803 0.9372443756378327
380.53053053053054 0.938777570553671
380.7807807807808 0.9402936446589164
381.03103103103103 0.9417925069576694
381.2812812812813 0.9432740673867736
381.5315315315315 0.944738236824828
381.7817817817818 0.9461849271011163
382.032032032032 0.9476140510044505
382.28228228228227 0.949025522291927
382.5325325325325 0.950419255697597
382.78278278278276 0.9517951669410455
383.033033033033 0.9531531727358816
383.2832832832833 0.9544931907981374
383.53353353353356 0.9558151398545722
383.7837837837838 0.9571189396508862
384.03403403403405 0.9584045109598367
384.2842842842843 0.9596717755892588
384.53453453453454 0.9609206563899891
384.7847847847848 0.9621510772636915
385.03503503503504 0.9633629631705821
385.2852852852853 0.9645562401370553
385.53553553553553 0.9657308352632065
385.7857857857858 0.966886676730253
386.036036036036 0.9680236938078517
386.28628628628627 0.9691418168613103
386.5365365365365 0.9702409773586942
386.7867867867868 0.971321107877826
387.03703703703707 0.9723821421131758
387.2872872872873 0.9734240148826454
387.53753753753756 0.9744466621342404
387.7877877877878 0.975450020952632
388.03803803803805 0.9764340295656075
388.2882882882883 0.9773986273504082
388.53853853853855 0.9783437548399524
388.7887887887888 0.9792693537289464
389.03903903903904 0.9801753668798774
389.2892892892893 0.9810617383288923
389.53953953953953 0.9819284132915586
389.7897897897898 0.9827753381685064
390.04004004004 0.9836024605509547
390.2902902902903 0.9844097292261142
390.5405405405405 0.9851970941824736
390.79079079079077 0.9859645066149616
391.04104104104107 0.9867119189299903
391.2912912912913 0.9874392847503726
391.54154154154156 0.9881465589201196
391.7917917917918 0.9888336975091124
392.04204204204206 0.9895006578176493
392.2922922922923 0.9901473983808678
392.54254254254255 0.990773878973042
392.7927927927928 0.9913800606117511
393.04304304304304 0.9919659055619225
393.2932932932933 0.9925313773397476
393.54354354354354 0.9930764407164673
393.7937937937938 0.9936010617220304
394.044044044044 0.9941052076486222
394.2942942942943 0.9945888470540628
394.5445445445446 0.9950519497650756
394.7947947947948 0.9954944868804242
395.0450450450451 0.9959164307739191
395.2952952952953 0.9963177550972918
395.54554554554556 0.9966984347829368
395.7957957957958 0.9970584460465217
396.04604604604606 0.997397766389463
396.2962962962963 0.99771637460127
396.54654654654655 0.9980142507617553
396.7967967967968 0.9982913762431089
397.04704704704704 0.9985477337118411
397.2972972972973 0.9987833071305887
397.54754754754754 0.9989980817597878
397.7977977977978 0.9991920441592096
398.04804804804803 0.999365182189364
398.2982982982983 0.999517485012764
398.5485485485485 0.9996489430950581
398.7987987987988 0.9997595482060239
399.0490490490491 0.9998492934204268
399.2992992992993 0.9999181731187436
399.54954954954957 0.9999661829877488
399.7997997997998 0.9999933200209636
400.05005005005006 0.9999995825189716
400.3003003003003 0.9999849700895945
400.55055055055055 0.9999494836479345
400.8008008008008 0.9998931254162772
401.05105105105105 0.9998158989238615
401.3013013013013 0.9997178090065099
401.55155155155154 0.9995988618061247
401.8018018018018 0.9994590647700466
402.05205205205203 0.9992984266502778
402.30230230230234 0.999116957502569
402.5525525525526 0.9989146686853705
402.80280280280283 0.9986915728586463
403.0530530530531 0.9984476839825552
403.3033033033033 0.9981830173159941
403.55355355355357 0.9978975894150068
403.8038038038038 0.9975914181310588
404.05405405405406 0.9972645226091756
404.3043043043043 0.9969169232859487
404.55455455455456 0.9965486418874051
404.8048048048048 0.9961597014267454
405.05505505505505 0.9957501262019463
405.3053053053053 0.9953199417932311
405.55555555555554 0.9948691750604075
405.8058058058058 0.9943978541400721
406.05605605605604 0.993906008442684
406.3063063063063 0.9933936686495057
406.5565565565566 0.9928608667094144
406.80680680680683 0.9923076358355807
407.0570570570571 0.9917340105020189
407.3073073073073 0.991140026440007
407.5575575575576 0.9905257206343765
407.8078078078078 0.9898911313196759
408.05805805805807 0.9892362979762039
408.3083083083083 0.9885612613259165
408.55855855855856 0.9878660633282067
408.8088088088088 0.9871507471755578
409.05905905905905 0.9864153572890716
409.3093093093093 0.9856599393138715
409.55955955955955 0.9848845401143804
409.8098098098098 0.9840892077694766
410.0600600600601 0.9832739915675252
410.31031031031034 0.9824389420012883
410.5605605605606 0.9815841107627137
410.81081081081084 0.9807095507376014
411.0610610610611 0.9798153160001528
411.31131131131133 0.9789014618073989
411.5615615615616 0.9779680445935097
411.8118118118118 0.9770151219639883
412.06206206206207 0.9760427526897458
412.3123123123123 0.9750509967010624
412.56256256256256 0.9740399150814321
412.8128128128128 0.9730095700612942
413.06306306306305 0.9719600250116514
413.3133133133133 0.9708913444375754
413.56356356356355 0.9698035939716014
413.8138138138138 0.9686968403670124
414.06406406406404 0.9675711514910139
414.3143143143143 0.9664265963178001
414.5645645645646 0.9652632449215126
414.81481481481484 0.964081168469094
415.0650650650651 0.9628804392130332
415.31531531531533 0.9616611304840097
415.5655655655656 0.9604233166834323
415.8158158158158 0.9591670732758762
416.06606606606607 0.9578924767814202
416.3163163163163 0.9565996047678811
416.56656656656656 0.9552885358429523
416.8168168168168 0.9539593496462421
417.06706706706706 0.9526121268412169
417.3173173173173 0.9512469491070475
417.5675675675676 0.9498638991303627
417.81781781781785 0.9484630605969088
418.0680680680681 0.9470445181831156
418.31831831831835 0.9456083575475749
418.5685685685686 0.9441546653224261
418.81881881881884 0.9426835291046557
419.0690690690691 0.9411950374473086
419.31931931931933 0.9396892798506131
419.5695695695696 0.9381663467530228
419.8198198198198 0.9366263295221731
420.0700700700701 0.9350693204457571
420.3203203203203 0.93349541272232
420.57057057057057 0.9319047004519744
420.8208208208208 0.9302972786270364
421.07107107107106 0.9286732431225864
421.3213213213213 0.9270326906869527
421.57157157157155 0.9253757189321216
421.8218218218218 0.923702426324075
422.07207207207205 0.9220129121730553
422.32232232232235 0.920307276623761
422.5725725725726 0.9185856206454749
422.82282282282284 0.9168480460221203
423.0730730730731 0.9150946553422564
423.32332332332334 0.9133255519890059
423.5735735735736 0.9115408401299205
423.82382382382383 0.9097406247067843
424.0740740740741 0.9079250114253569
424.3243243243243 0.9060941067450569
424.57457457457457 0.9042480178685892
424.8248248248248 0.9023868527315151
425.07507507507506 0.9005107199917675
425.32532532532537 0.8986197290191136
425.5755755755756 0.8967139898845674
425.82582582582586 0.8947936133497474
426.0760760760761 0.8928587108561898
426.32632632632635 0.8909093945146133
426.5765765765766 0.8889457770941366
426.82682682682685 0.886967972011453
427.0770770770771 0.8849760933199624
427.32732732732734 0.8829702556988597
427.5775775775776 0.8809505744421868
427.82782782782783 0.8789171654478425
428.0780780780781 0.8768701452065588
428.3283283283283 0.8748096307908398
428.5785785785786 0.8727357398438677
428.8288288288288 0.8706485905683757
429.07907907907907 0.8685483017154921
429.3293293293293 0.8664349925735524
429.57957957957956 0.8643087829568856
429.8298298298298 0.8621697931945743
430.08008008008005 0.8600181441191893
430.33033033033036 0.8578539570555012
430.5805805805806 0.8556773538091728
430.83083083083085 0.8534884566554268
431.0810810810811 0.8512873883277001
431.33133133133134 0.8490742720062777
431.5815815815816 0.8468492313069135
431.83183183183183 0.8446123902694359
432.0820820820821 0.842363873346342
432.3323323323323 0.8401038053913807
432.5825825825826 0.8378323116481273
432.8328328328328 0.8355495177385499
433.0830830830831 0.8332555496515697
433.33333333333337 0.8309505337316198
433.5835835835836 0.8286345966671952
433.83383383383386 0.8263078654794078
434.0840840840841 0.8239704675105385
434.33433433433436 0.821622530412591
434.5845845845846 0.8192641821358508
434.83483483483485 0.8168955509174483
435.0850850850851 0.8145167652699278
435.33533533533534 0.8121279539698258
435.5855855855856 0.8097292460462596
435.83583583583584 0.8073207707695248
436.0860860860861 0.8049026576397078
436.33633633633633 0.8024750363753131
436.5865865865866 0.8000380369019048
436.8368368368368 0.7975917893407671
437.08708708708707 0.7951364239975839
437.3373373373373 0.7926720713511385
437.58758758758756 0.7901988620420367
437.8378378378378 0.7877169268614528
438.0880880880881 0.7852263967399016
438.33833833833836 0.7827274027360392
438.5885885885886 0.7802200760254879
438.83883883883885 0.7777045478896965
439.0890890890891 0.7751809497048291
439.33933933933935 0.7726494129306893
439.5895895895896 0.7701100690996776
439.83983983983984 0.7675630498057873
440.0900900900901 0.7650084866936363
440.34034034034033 0.7624465114475408
440.5905905905906 0.7598772557806296
440.8408408408409 0.7573008514239987
441.09109109109113 0.7547174301159175
441.3413413413414 0.7521271235910707
441.5915915915916 0.7495300635698565
441.84184184184187 0.7469263817477307
442.0920920920921 0.7443162097846006
442.34234234234236 0.7416996792942734
442.5925925925926 0.7390769218339571
442.84284284284286 0.7364480688938172
443.0930930930931 0.7338132518865909
443.34334334334335 0.7311726021372595
443.5935935935936 0.7285262508727819
443.84384384384384 0.7258743292118882
444.0940940940941 0.723216968154939
444.34434434434434 0.7205542985738479
444.5945945945946 0.7178864512020718
444.84484484484483 0.7152135566246688
445.0950950950951 0.7125357452684258
445.3453453453453 0.7098531473920578
445.59559559559557 0.7071658930764806
445.8458458458459 0.7044741122151557
446.0960960960961 0.7017779345045172
446.34634634634637 0.6990774894344677
446.5965965965966 0.6963729062789611
446.84684684684686 0.6936643140866632
447.0970970970971 0.690951841671695
447.34734734734735 0.6882356176044604
447.5975975975976 0.6855157702025597
447.84784784784785 0.6827924275217909
448.0980980980981 0.6800657173472384
448.34834834834834 0.6773357671844548
448.59859859859864 0.6746027042507313
448.8488488488489 0.6718666554664686
449.09909909909913 0.6691277474466331
449.3493493493494 0.6663861064923191
449.5995995995996 0.663641858582406
449.8498498498499 0.6608951293653152
450.1001001001001 0.6581460441508709
450.35035035035037 0.6553947279022619
450.6006006006006 0.6526413052281116
450.85085085085086 0.6498859003746514
451.1011011011011 0.6471286372180055
451.35135135135135 0.6443696392565835
451.6016016016016 0.641609029603586
451.85185185185185 0.6388469309796223
452.1021021021021 0.6360834657054449
452.35235235235234 0.6333187556947976
452.6026026026026 0.6305529224473845
452.85285285285283 0.6277860870419572
453.1031031031031 0.6250183701295237
453.3533533533533 0.622249891926681
453.60360360360363 0.6194807722090705
453.8538538538539 0.6167111303049628
454.1041041041041 0.6139410850889662
454.35435435435437 0.611170754975868
454.6046046046046 0.6084002579146057
454.85485485485486 0.605629711382371
455.1051051051051 0.6028592323788476
455.35535535535536 0.6000889374205857
455.6056056056056 0.597318942535513
455.85585585585585 0.5945493632575863
456.1061061061061 0.5917803146215819
456.3563563563564 0.589011911158028
456.60660660660665 0.586244266888286
456.8568568568569 0.5834774953197676
457.10710710710714 0.5807117094413073
457.3573573573574 0.5779470217186802
457.60760760760763 0.5751835440902681
457.8578578578579 0.5724213879628798
458.1081081081081 0.5696606642077227
458.3583583583584 0.5669014831565284
458.6086086086086 0.5641439545978361
458.85885885885887 0.5613881877734305
459.1091091091091 0.5586342913749411
459.35935935935936 0.5558823735405993
459.6096096096096 0.5531325418521589
459.85985985985985 0.5503849033319776
460.1101101101101 0.5476395644402645
460.36036036036035 0.544896631072491
460.6106106106106 0.5421562085569706
460.86086086086084 0.5394184016526049
461.1111111111111 0.5366833145468
461.3613613613614 0.5339510508535515
461.61161161161164 0.531221713611706
461.8618618618619 0.5284954052833862
462.11211211211213 0.5257722277525991
462.3623623623624 0.5230522823240131
462.6126126126126 0.5203356697219139
462.86286286286287 0.5176224900893348
463.1131131131131 0.5149128429873662
463.36336336336336 0.5122068273946428
463.6136136136136 0.509504541707011
463.86386386386386 0.5068060837373739
464.11411411411416 0.5041115507157199
464.3643643643644 0.5014210392893326
464.61461461461465 0.49873464552317787
464.8648648648649 0.4960524649004795
465.11511511511515 0.49337459232347397
465.3653653653654 0.4907011221143498
465.61561561561564 0.4880321480163691
465.8658658658659 0.4853677631951748
466.11611611611613 0.4827080602402799
466.3663663663664 0.4800531311667413
466.6166166166166 0.4774030674170185
466.86686686686687 0.4747579598630137
467.1171171171171 0.47211789880829863
467.36736736736736 0.46948297399052163
467.6176176176176 0.4668532745840004
467.86786786786786 0.4642288892024945
468.1181181181181 0.4616099059021621
468.36836836836835 0.4589964121846963
468.6186186186186 0.45638849500064227
468.86886886886884 0.45378624075289453
469.11911911911915 0.4511897353003705
469.3693693693694 0.4485990639618655
469.61961961961964 0.4460143115200775
469.8698698698699 0.44343556222581193
470.12012012012013 0.4408628998023572
470.3703703703704 0.4382964074500315
470.6206206206206 0.43573616785089975
470.8708708708709 0.4331822631736574
471.1211211211211 0.43063477507868053
471.37137137137137 0.42809378472323883
471.6216216216216 0.4255593727668695
471.8718718718719 0.42303161937690836
472.12212212212216 0.42051060423418063
472.3723723723724 0.4179964065388378
472.62262262262266 0.41548910501634984
472.8728728728729 0.412988777923642
473.12312312312315 0.41049550305537447
473.3733733733734 0.40800935775036146
473.62362362362364 0.4055304188981274
473.8738738738739 0.40305876294559373
474.12412412412414 0.400594465903894
474.3743743743744 0.3981376033553132
474.62462462462463 0.39568825046034495
474.8748748748749 0.3932464819648643
475.1251251251251 0.3908123722074094
475.37537537537537 0.38838599512656796
475.6256256256256 0.38596742426846264
475.87587587587586 0.383556732794331
476.1261261261261 0.38115399348819234
476.37637637637636 0.378759278764598
476.6266266266266 0.3763726606764566
476.8768768768769 0.3739942109229299
477.12712712712715 0.37162400085739333
477.3773773773774 0.3692621014954484
477.62762762762765 0.36690858352298983
477.8778778778779 0.36456351730431286
478.12812812812814 0.3622269728902557
478.3783783783784 0.3598990200263691
478.62862862862863 0.35757972816110634
478.8788788788789 0.3552691664540242
479.1291291291292 0.35296740378398667
479.37937937937943 0.3506745087573661
479.6296296296297 0.3483905497162254
479.8798798798799 0.34611559474648196
480.13013013013017 0.34384971168603756
480.3803803803804 0.34159296813286705
480.63063063063066 0.33934543145305573
480.8808808808809 0.33710716878877656
481.13113113113116 0.33487824706619557
481.3813813813814 0.3326587330032972
481.63163163163165 0.3304486931176173
481.8818818818819 0.32824819373387426
482.13213213213214 0.3260573009914869
482.3823823823824 0.3238760808519686
482.63263263263264 0.3217045991061858
482.8828828828829 0.31954292138146984
483.13313313313313 0.31739111314857016
483.3833833833834 0.31524923972843766
483.6336336336336 0.31311736629882575
483.88388388388387 0.3109955579006969
484.1341341341341 0.30888387944442275
484.38438438438436 0.3067823957157649
484.6346346346346 0.3046911713816245
484.88488488488485 0.3026102709955463
485.13513513513516 0.3005397590029663
485.3853853853854 0.29847969974618954
485.63563563563565 0.29643015746908163
485.8858858858859 0.29439119632146604
486.13613613613614 0.29236288036321123
486.3863863863864 0.29034527356799206
486.63663663663664 0.28833843982671636
486.88688688688694 0.2863424429505984
487.1371371371372 0.28435734667387225
487.38738738738743 0.28238321465611993
487.6376376376377 0.28042011048421484
487.8878878878879 0.2784680976738554
488.1381381381382 0.2765272396706809
488.3883883883884 0.2745975998509532
488.63863863863867 0.2726792415217928
488.8888888888889 0.2707722279209529
489.13913913913916 0.2688766222161196
489.3893893893894 0.2669924875037248
489.63963963963965 0.2651198868072561
489.8898898898899 0.26325888307505363
490.14014014014015 0.26140953917757614
490.3903903903904 0.25957191790412804
490.64064064064064 0.25774608195902915
490.8908908908909 0.2559320939572191
491.14114114114113 0.2541300164192794
491.3913913913914 0.25233991176586384
491.6416416416416 0.2505618423115222
491.8918918918919 0.24879587025790723
492.1421421421421 0.24704205768635226
492.39239239239237 0.24530046654980622
492.6426426426426 0.24357115866411752
492.8928928928929 0.24185419569865343
493.14314314314316 0.24014963916624674
493.3933933933934 0.2384575504124533
493.64364364364366 0.23677799060411972
493.8938938938939 0.2351110207172435
494.14414414414415 0.23345670152411957
494.3943943943944 0.23181509357976468
494.6446446446447 0.23018625720760985
494.89489489489495 0.22857025248445503
495.1451451451452 0.22696713922467443
495.39539539539544 0.22537697696367046
495.6456456456457 0.2237998249405667
495.89589589589593 0.22223574208013458
496.1461461461462 0.22068478697394872
496.3963963963964 0.21914701786076574
496.6466466466467 0.21762249260612287
496.8968968968969 0.21611126868115213
497.14714714714717 0.21461340314060762
497.3973973973974 0.21312895260010362
497.64764764764766 0.21165797321256147
497.8978978978979 0.21020052064386482
498.14814814814815 0.20875665004772315
498.3983983983984 0.2073264160397433
498.64864864864865 0.20590987267071123
498.8988988988989 0.20450707339908597
499.14914914914914 0.2031180710627076
499.3993993993994 0.20174291784972498
499.64964964964963 0.20038166526874532
499.8998998998999 0.19903436411821304
500.1501501501501 0.19770106445502245
500.4004004004004 0.19638181556237305
500.6506506506507 0.19507666591687314
500.9009009009009 0.1937856631549042
501.15115115115117 0.19250885403825024
501.4014014014014 0.19124628441900873
501.65165165165166 0.1899979992037917
501.9019019019019 0.18876404231722904
502.15215215215215 0.1875444566647896
502.40240240240246 0.18633928409493214
502.6526526526527 0.18514856536060562
502.90290290290295 0.1839723400801087
503.1531531531532 0.18281064669733332
503.40340340340344 0.18166352244140577
503.6536536536537 0.18053100328574628
503.90390390390394 0.17941312390656788
504.1541541541542 0.17830991764083523
504.40440440440443 0.17722141644370648
504.6546546546547 0.17614765084548165
504.9049049049049 0.17508864990808085
505.15515515515517 0.17404444118107976
505.4054054054054 0.17301505065732684
505.65565565565566 0.17200050272817108
505.9059059059059 0.17100082013832815
506.15615615615616 0.17001602394041468
506.4064064064064 0.16904613344918035
506.65665665665665 0.16809116619547015
506.9069069069069 0.16715113787994867
507.15715715715714 0.16622606232661916
507.4074074074074 0.16531595143617273
507.65765765765764 0.1644208151392014
507.9079079079079 0.16354066134931206
508.15815815815813 0.16267549591617775
508.40840840840843 0.16182532257856386
508.6586586586587 0.16099014291736896
508.9089089089089 0.16016995630871655
509.1591591591592 0.1593647598771425
509.4094094094094 0.1585745484489151
509.65965965965967 0.15779931450553164
509.9099099099099 0.15703904813743308
510.16016016016016 0.15629373699797994
510.41041041041046 0.15556336625773357
510.6606606606607 0.1548479185590873
510.91091091091096 0.15414737397129077
511.1611611611612 0.15346170994591557
511.41141141141145 0.15279090127280653
511.6616616616617 0.15213492003656537
511.91191191191194 0.15149373557361434
512.1621621621622 0.15086731442988627
512.4124124124124 0.1502556203191903
512.6626626626627 0.1496586140822993
512.9129129129129 0.14907625364680982
513.1631631631632 0.14850849398782062
513.4134134134134 0.14795528708948102
513.6636636636637 0.1474165819074561
513.9139139139139 0.1468923243323591
514.1641641641642 0.1463824571541994
514.4144144144144 0.14588692002789547
514.6646646646647 0.14540564943990247
514.9149149149149 0.14493857867600168
515.1651651651651 0.14448563779030343
515.4154154154154 0.14404675357550883
515.6656656656656 0.14362184953448212
515.9159159159159 0.14321084585317867
516.1661661661662 0.14281365937497809
516.4164164164165 0.14243020357647063
516.6666666666667 0.1420603885447395
516.916916916917 0.14170412095619173
517.1671671671672 0.14136130405697714
517.4174174174175 0.14103183764504512
517.6676676676677 0.14071561805388066
517.917917917918 0.1404125381379645
518.1681681681682 0.1401224872600005
518.4184184184185 0.1398453512799508
518.6686686686687 0.13958101254592153
518.918918918919 0.13932934988693774
519.1691691691692 0.13909023860764713
519.4194194194195 0.13886355048499027
519.6696696696697 0.13864915376687456
519.91991991992 0.13844691317288643
520.1701701701702 0.13825668989707712
520.4204204204204 0.13807834161285454
520.6706706706707 0.1379117224800125
520.9209209209209 0.13775668315392817
521.1711711711712 0.13761307079695562
521.4214214214214 0.13748072909204345
521.6716716716717 0.1373594982586012
521.9219219219219 0.1372492150706394
522.1721721721722 0.13714971287720484
522.4224224224224 0.13706082162513192
522.6726726726727 0.13698236788412846
522.9229229229229 0.1369141748742139
523.1731731731732 0.1368560624955239
523.4234234234234 0.13680784736049495
523.6736736736736 0.13676934282844075
523.9239239239239 0.13674035904252882
524.1741741741741 0.1367207029691654
524.4244244244244 0.13671017843979316
524.6746746746746 0.13670858619510567
524.9249249249249 0.13671572393167886
525.1751751751751 0.1367313863510191
525.4254254254254 0.13675536521102435
525.6756756756756 0.1367874493798525
525.925925925926 0.13682742489219019
526.1761761761762 0.1368750750079114
526.4264264264265 0.13693018027311415
526.6766766766767 0.13699251858352046
526.926926926927 0.1370618652502235
527.1771771771772 0.13713799306776203
527.4274274274275 0.13722067238450214
527.6776776776777 0.1373096711753014
527.927927927928 0.1374047551164302
528.1781781781782 0.1375056876627222
528.4284284284284 0.13761223012692292
528.6786786786787 0.13772414176120412
528.9289289289289 0.13784117984080807
529.1791791791792 0.13796309974978577
529.4294294294294 0.13808965506878756
529.6796796796797 0.138220597664866
529.9299299299299 0.13835567778324553
530.1801801801802 0.1384946441410129
530.4304304304304 0.13863724402268052
530.6806806806807 0.13878322337757085
530.9309309309309 0.13893232691896937
531.1811811811812 0.13908429822499152
531.4314314314314 0.13923887984110622
531.6816816816818 0.13939581338425627
531.931931931932 0.13955483964851573
532.1821821821823 0.13971569871222028
532.4324324324325 0.1398781300465059
532.6826826826828 0.1400418726251888
532.932932932933 0.14020666503591844
533.1831831831832 0.14037224559253264
533.4334334334335 0.14053835244854307
533.6836836836837 0.1407047237116771
533.933933933934 0.14087109755940108
534.1841841841842 0.14103721235534733
534.4344344344345 0.14120280676656727
534.6846846846847 0.14136761988153113
534.934934934935 0.14153139132879194
535.1851851851852 0.14169386139623297
535.4354354354355 0.14185477115081419
535.6856856856857 0.1420138625587334
535.935935935936 0.1421708786059166
536.1861861861862 0.1423255634187506
536.4364364364365 0.14247766238497098
536.6866866866867 0.14262692227461637
536.936936936937 0.14277309136096125
537.1871871871872 0.14291591954133617
537.4374374374374 0.1430551584577471
537.6876876876877 0.1431905616172014
537.9379379379379 0.14332188451165132
538.1881881881882 0.14344888473746262
538.4384384384384 0.1435713221143172
538.6886886886887 0.14368895880345883
538.9389389389389 0.1438015594251898
539.1891891891892 0.1439088911755273
539.4394394394394 0.144010723941929
539.6896896896897 0.14410683041799566
539.9399399399399 0.14419698621706176
540.1901901901902 0.14428096998458256
540.4404404404404 0.14435856350922932
540.6906906906906 0.14442955183260295
540.9409409409409 0.1444937233574785
541.1911911911911 0.14455086995449304
541.4414414414415 0.14460078706719023
541.6916916916917 0.14464327381533698
541.941941941942 0.14467813309642708
542.1921921921922 0.14470517168528937
542.4424424424425 0.14472420033171882
542.6926926926927 0.14473503385604902
542.942942942943 0.14473749124258892
543.1931931931932 0.14473139573084476
543.4434434434435 0.1447165749044525
543.6936936936937 0.14469286077774646
543.943943943944 0.14466008987989143
544.1941941941942 0.1446181033365087
544.4444444444445 0.14456674694872718
544.6946946946947 0.14450587126959258
544.944944944945 0.14443533167777195
545.1951951951952 0.14435498844848943
545.4454454454454 0.14426470682163506
545.6956956956957 0.14416435706698782
545.9459459459459 0.1440538145464984
546.1961961961962 0.14393295977357862
546.4464464464464 0.14380167846934677
546.6966966966967 0.14365986161578218
546.9469469469469 0.1435074055057424
547.1971971971973 0.1433442117898016
547.4474474474475 0.1431701875198702
547.6976976976978 0.1429852451895572
547.947947947948 0.14278930277124322
548.1981981981983 0.142582283749831
548.4484484484485 0.1423641171531451
548.6986986986988 0.14213473757895534
548.948948948949 0.14189408521860075
549.1991991991993 0.1416421058771945
549.4494494494495 0.1413787509903922
549.6996996996997 0.14110397763771068
549.94994994995 0.1408177485523848
550.2002002002002 0.14052003212775593
550.4504504504505 0.14021080242018585
550.7007007007007 0.13989003914849485
550.950950950951 0.13955772768992503
551.2012012012012 0.13921385907263278
551.4514514514515 0.13885842996471787
551.7017017017017 0.1384914426597989
551.951951951952 0.13811290505914886
552.2022022022022 0.13772283065040655
552.4524524524525 0.1373212384828831
552.7027027027027 0.13690815313948584
552.952952952953 0.13648360470528434
553.2032032032032 0.1360476287327467
553.4534534534534 0.13560026620367668
553.7037037037037 0.13514156348788567
553.9539539539539 0.13467157229863527
554.2042042042042 0.13419034964489052
554.4544544544544 0.1336979577804247
554.7047047047047 0.13319446414982106
554.9549549549549 0.13267994133141822
555.2052052052052 0.13215446697724878
555.4554554554554 0.13161812375002402
555.7057057057057 0.1310709992572187
555.9559559559559 0.13051318598231326
556.2062062062062 0.12994478121325306
556.4564564564564 0.12936588696818585
556.7067067067067 0.12877660991854165
556.956956956957 0.1281770613095206
557.2072072072073 0.12756735687805854
557.4574574574575 0.12694761676833585
557.7077077077078 0.12631796544490762
557.957957957958 0.12567853160352396
558.2082082082082 0.12502944807971797
558.4584584584585 0.12437085175523832
558.7087087087087 0.12370288346240474
558.958958958959 0.12302568788646683
559.2092092092092 0.12233941346604794
559.4594594594595 0.12164421229175665
559.7097097097097 0.12094024000305009
559.95995995996 0.12022765568343476
560.2102102102102 0.11950662175409058
560.4604604604605 0.11877730386600578
560.7107107107107 0.11803987079071093
560.960960960961 0.11729449430970056
561.2112112112112 0.11654134910263256
561.4614614614615 0.11578061263439501
561.7117117117117 0.11501246504113156
561.961961961962 0.11423708901531623
562.2122122122122 0.11345466968996913
562.4624624624624 0.1126653945221047
562.7127127127128 0.11186945317550386
562.962962962963 0.11106703740290405
563.2132132132133 0.11025834092769354
563.4634634634635 0.10944355932520856
563.7137137137138 0.10862288990371952
563.963963963964 0.10779653158519922
564.2142142142143 0.10696468478596345
564.4644644644645 0.10612755129727396
564.7147147147148 0.10528533416599344
564.964964964965 0.10443823757538107
565.2152152152153 0.10358646672611692
565.4654654654655 0.1027302277176425
565.7157157157158 0.10186972742990336
565.965965965966 0.10100517340557945
566.2162162162163 0.10013677373288712
566.4664664664665 0.09926473692903617
566.7167167167167 0.09838927182442327
566.966966966967 0.0975105874476428
567.2172172172172 0.09662889291139391
567.4674674674675 0.09574439729936163
567.7177177177177 0.09485730955414823
567.967967967968 0.0939678383663294
568.2182182182182 0.09307619206470838
568.4684684684685 0.0921825785078393
568.7187187187187 0.09128720497688922
568.968968968969 0.09039027806990689
569.2192192192192 0.08949200359756371
569.4694694694695 0.08859258648043157
569.7197197197197 0.08769223064785917
569.96996996997 0.08679113893850682
570.2202202202202 0.08588951300259859
570.4704704704704 0.08498755320594667
570.7207207207207 0.08408545853580279
570.9709709709709 0.08318342650858823
571.2212212212212 0.08228165307955153
571.4714714714714 0.08138033255440215
571.7217217217217 0.08047965750296461
571.9719719719719 0.07957981867489634
572.2222222222222 0.07868100491751005
572.4724724724725 0.0777834030957384
572.7227227227228 0.07688719801427973
572.972972972973 0.07599257234195242
573.2232232232233 0.07509970653829794
573.4734734734735 0.0742087787824551
573.7237237237238 0.07331996490433554
573.973973973974 0.07243343831812395
574.2242242242243 0.07154936995812596
574.4744744744745 0.07066792821698316
574.7247247247248 0.06978927888627329
574.974974974975 0.06891358509951055
575.2252252252252 0.06804100727755971
575.4754754754755 0.06717170307647422
575.7257257257257 0.06630582733776741
575.975975975976 0.06544353204112292
576.2262262262262 0.06458496625954842
576.4764764764765 0.06373027611697471
576.7267267267267 0.06287960474830018
576.976976976977 0.06203309226187784
577.2272272272272 0.06119087570444095
577.4774774774775 0.0603530890284606
577.7277277277277 0.05951986306192662
577.977977977978 0.05869132548054145
578.2282282282283 0.057867600782314045
578.4784784784786 0.05704881026454178
578.7287287287288 0.056235072003158165
578.9789789789791 0.05542650083443608
579.2292292292293 0.05462320833902088
579.4794794794796 0.05382530282827382
579.7297297297298 0.0530328893329023
579.97997997998 0.05224606959385172
580.2302302302303 0.05146494205543243
580.4804804804805 0.05068960186065353
580.7307307307308 0.049920140848733974
580.980980980981 0.04915664755475961
581.2312312312313 0.04839920721145384
581.4814814814815 0.047647901753027896
581.7317317317318 0.046902809821075565
581.981981981982 0.04616400677247607
582.2322322322323 0.045431564689267345
582.4824824824825 0.044705552390451035
582.7327327327328 0.04398603544568953
582.982982982983 0.04327307619085411
583.2332332332332 0.042566733745382494
583.4834834834835 0.0418670640314031
583.7337337337337 0.041174119794582624
583.983983983984 0.04048795062665239
584.2342342342342 0.039808602989568835
584.4844844844845 0.039136120241262055
584.7347347347347 0.03847054266292642
584.984984984985 0.0378119074878061
585.2352352352352 0.03716024893142847
585.4854854854855 0.03651559822323728
585.7357357357357 0.03587798363957756
585.985985985986 0.03524743053798368
586.2362362362362 0.03462396139272164
586.4864864864865 0.03400759583153679
586.7367367367367 0.03339835067355738
586.986986986987 0.03279623996830499
587.2372372372372 0.03220127503576205
587.4874874874874 0.0316134645074472
587.7377377377377 0.03103281436844914
587.987987987988 0.03045932800036903
588.2382382382383 0.02989300622512416
588.4884884884885 0.029333847349559676
588.7387387387388 0.02878184721082486
588.988988988989 0.028236999222461315
589.2392392392393 0.027699294421156602
589.4894894894895 0.027168721514114855
589.7397397397398 0.026645266926996966
589.98998998999 0.02612891485238328
590.2402402402403 0.025619647298711967
590.4904904904905 0.02511744413964706
590.7407407407408 0.02462228316383051
590.990990990991 0.024134140124973127
591.2412412412413 0.02365298879224014
591.4914914914915 0.023178801000887345
591.7417417417417 0.02271154670310495
591.991991991992 0.02225119401902647
592.2422422422422 0.021797709287861143
592.4924924924925 0.021351057119108688
592.7427427427427 0.020911200443816502
592.992992992993 0.020478100565839687
593.2432432432432 0.02005171721306542
593.4934934934935 0.019632008588564016
593.7437437437438 0.019218931421629573
593.9939939939941 0.01881244101867533
594.2442442442443 0.01841249131394601
594.4944944944946 0.018019034920016542
594.7447447447448 0.017632023178041294
594.9949949949951 0.017251406207722555
595.2452452452453 0.01687713295696676
595.4954954954956 0.016509151251198197
595.7457457457458 0.01614740784230058
595.995995995996 0.015791848457158357
596.2462462462463 0.015442417845770036
596.4964964964965 0.01509905982890729
596.7467467467468 0.014761717345294337
596.996996996997 0.014430332498283072
597.2472472472473 0.014104846602000646
597.4974974974975 0.013785200226946914
597.7477477477478 0.013471333245020284
597.997997997998 0.013163184873951727
598.2482482482483 0.012860693721127166
598.4984984984985 0.012563797826779998
598.7487487487488 0.012272434706536241
598.998998998999 0.01198654139329563
599.2492492492493 0.01170605447843334
599.4994994994995 0.011430910152307608
599.7497497497498 0.011161044244059691
600.0 0.010896392260693461
