350.0 0.6592406302004438
350.25025025025025 0.6619890481951796
350.5005005005005 0.664735047996607
350.75075075075074 0.6674785046913895
351.001001001001 0.6702192930089386
351.25125125125123 0.6729572873304214
351.5015015015015 0.6756923616978405
351.7517517517517 0.6784243898231881
352.00200200200203 0.6811532450976707
352.2522522522523 0.6838788006010036
352.5025025025025 0.6866009291107803
352.75275275275277 0.6893195031119053
353.003003003003 0.6920343948060982
353.25325325325326 0.6947454761214646
353.5035035035035 0.6974526187221338
353.75375375375376 0.7001556940179609
354.004004004004 0.7028545731742942
354.25425425425425 0.7055491271218067
354.5045045045045 0.7082392265663884
354.75475475475474 0.7109247419991015
355.005005005005 0.7136055437061962
355.25525525525524 0.7162815017791854
355.5055055055055 0.7189524861249771
355.75575575575573 0.7216183664760669
356.00600600600603 0.724279012400784
356.2562562562563 0.7269342933135922
356.5065065065065 0.7295840784854498
356.7567567567568 0.7322282370542166
357.007007007007 0.7348666380351163
357.25725725725727 0.7374991503312488
357.5075075075075 0.7401256427441526
357.75775775775776 0.7427459839844153
358.008008008008 0.7453600426823317
358.25825825825825 0.7479676873986086
358.5085085085085 0.7505687866351134
358.75875875875874 0.7531632088456682
359.009009009009 0.7557508224468855
359.25925925925924 0.7583314958290456
359.5095095095095 0.7609050973670142
359.75975975975973 0.7634714954311992
360.01001001001003 0.7660305583985457
360.2602602602603 0.7685821546635646
360.5105105105105 0.7711261526494024
360.7607607607608 0.773662420818939
361.011011011011 0.7761908276859207
361.26126126126127 0.7787112418261258
361.5115115115115 0.7812235318885574
361.76176176176176 0.7837275666066679
362.012012012012 0.786223214809609
362.26226226226225 0.7887103454335093
362.5125125125125 0.7911888275327753
362.76276276276275 0.793658530291417
363.013013013013 0.7961193230343954
363.26326326326324 0.7985710752389905
363.5135135135135 0.8010136565461897
363.7637637637638 0.8034469367720929
364.01401401401404 0.8058707859193334
364.2642642642643 0.808285074188519
364.51451451451453 0.8106896719896817
364.7647647647648 0.813084449953742
365.015015015015 0.8154692789439842
365.26526526526527 0.8178440300675421
365.5155155155155 0.820208574686892
365.76576576576576 0.8225627844313531
366.016016016016 0.8249065312085933
366.26626626626626 0.8272396872161385
366.5165165165165 0.8295621249528866
366.76676676676675 0.8318737172306194
367.017017017017 0.8341743371855167
367.26726726726724 0.8364638582896684
367.5175175175175 0.8387421543625825
367.7677677677678 0.8410090995826892
368.01801801801804 0.8432645684988379
368.2682682682683 0.8455084360417896
368.51851851851853 0.8477405775356963
368.7687687687688 0.8499608687095729
369.019019019019 0.852169185708756
369.2692692692693 0.8543654051063496
369.5195195195195 0.8565494039146556
369.76976976976977 0.8587210595965884
370.02002002002 0.8608802500770721
370.27027027027026 0.863026853754417
370.5205205205205 0.8651607495116769
370.77077077077075 0.8672818167279834
371.021021021021 0.8693899352898565
371.2712712712713 0.8714849856024908
371.52152152152155 0.8735668486010124
371.7717717717718 0.8756354057617127
372.02202202202204 0.8776905391132473
372.2722722722723 0.8797321312478072
372.52252252252254 0.8817600653322557
372.7727727727728 0.8837742251192323
373.02302302302303 0.8857744949582208
373.2732732732733 0.8877607598065801
373.5235235235235 0.8897329052405365
373.77377377377377 0.8916908174661372
374.024024024024 0.8936343833301613
374.27427427427426 0.8955634903309884
374.5245245245245 0.897478026629422
374.77477477477476 0.8993778810594696
375.025025025025 0.9012629431390728
375.27527527527525 0.9031331030807903
375.52552552552555 0.9049882518024311
375.7757757757758 0.9068282809376339
376.02602602602605 0.9086530828463977
376.2762762762763 0.9104625506255536
376.52652652652654 0.9122565781191839
376.7767767767768 0.9140350599289825
377.02702702702703 0.9157978914245569
377.2772772772773 0.9175449687536705
377.5275275275275 0.9192761888524233
377.77777777777777 0.9209914494553697
378.028028028028 0.9226906491055719
378.27827827827826 0.9243736871645882
378.5285285285285 0.9260404638223942
378.77877877877876 0.927690880107235
379.02902902902906 0.9293248378954089
379.2792792792793 0.9309422399209777
379.52952952952955 0.9325429897854085
379.7797797797798 0.9341269919671384
380.03003003003005 0.9356941518310647
380.2802802802803 0.9372443756379606
380.53053053053054 0.9387775705538103
380.7807807807808 0.940293644659068
381.03103103103103 0.9417925069578343
381.2812812812813 0.9432740673869531
381.5315315315315 0.9447382368250233
381.7817817817818 0.946184927101329
382.032032032032 0.9476140510046817
382.28228228228227 0.9490255222921784
382.5325325325325 0.9504192556978704
382.78278278278276 0.9517951669413428
383.033033033033 0.9531531727362048
383.2832832832833 0.9544931907984888
383.53353353353356 0.9558151398549541
383.7837837837838 0.9571189396513013
384.03403403403405 0.9584045109602878
384.2842842842843 0.9596717755897489
384.53453453453454 0.9609206563905216
384.7847847847848 0.96215107726427
385.03503503503504 0.9633629631712104
385.2852852852853 0.9645562401377377
385.53553553553553 0.9657308352639473
385.7857857857858 0.9668866767310573
386.036036036036 0.9680236938087249
386.28628628628627 0.9691418168622582
386.5365365365365 0.9702409773597229
386.7867867867868 0.9713211078789423
387.03703703703707 0.9723821421143871
387.2872872872873 0.9734240148839596
387.53753753753756 0.974446662135666
387.7877877877878 0.9754500209541782
388.03803803803805 0.9764340295672844
388.2882882882883 0.9773986273522265
388.53853853853855 0.9783437548419239
388.7887887887888 0.9792693537310837
389.03903903903904 0.9801753668821942
389.2892892892893 0.9810617383314034
389.53953953953953 0.9819284132942797
389.7897897897898 0.9827753381714549
390.04004004004 0.9836024605541491
390.2902902902903 0.9844097292295748
390.5405405405405 0.9851970941862219
390.79079079079077 0.9859645066190211
391.04104104104107 0.9867119189343863
391.2912912912913 0.9874392847551322
391.54154154154156 0.9881465589252725
391.7917917917918 0.9888336975146902
392.04204204204206 0.9895006578236863
392.2922922922923 0.9901473983874012
392.54254254254255 0.9907738789801115
392.7927927927928 0.9913800606193997
393.04304304304304 0.9919659055701968
393.2932932932933 0.9925313773486976
393.54354354354354 0.9930764407261469
393.7937937937938 0.9936010617324977
394.044044044044 0.99410520765994
394.2942942942943 0.9945888470662986
394.5445445445446 0.9950519497783022
394.7947947947948 0.9954944868947201
395.0450450450451 0.995916430789369
395.2952952952953 0.9963177551139865
395.54554554554556 0.9966984348009744
395.7957957957958 0.9970584460660077
396.04604604604606 0.997397766410511
396.2962962962963 0.9977163746240026
396.54654654654655 0.9980142507863042
396.7967967967968 0.998291376269616
397.04704704704704 0.9985477337404588
397.2972972972973 0.9987833071614813
397.54754754754754 0.9989980817931319
397.7977977977978 0.9991920441951953
398.04804804804803 0.9993651822281957
398.2982982982983 0.9995174850546615
398.5485485485485 0.9996489431402579
398.7987987987988 0.9997595482547799
399.0490490490491 0.9998492934730124
399.2992992992993 0.9999181731754525
399.54954954954957 0.9999661830488965
399.7997997997998 0.9999933200868896
400.05005005005006 0.9999995825900401
400.3003003003003 0.9999849701661971
400.55055055055055 0.9999494837304919
400.8008008008008 0.9998931255052411
401.05105105105105 0.999815899019717
401.3013013013013 0.999717809109778
401.55155155155154 0.9995988619173647
401.8018018018018 0.9994590648898589
402.05205205205203 0.9992984267793067
402.30230230230234 0.9991169576415062
402.5525525525526 0.998914668834958
402.80280280280283 0.9986915730196805
403.0530530530531 0.9984476841558904
403.3033033033033 0.9981830175025463
403.55355355355357 0.9978975896157588
403.8038038038038 0.9975914183470643
404.05405405405406 0.9972645228415646
404.3043043043043 0.9969169235359325
404.55455455455456 0.9965486421562821
404.8048048048048 0.9961597017159074
405.05505505505505 0.9957501265128846
405.3053053053053 0.9953199421275439
405.55555555555554 0.9948691754198069
405.8058058058058 0.9943978545263922
406.05605605605604 0.9939060088578893
406.3063063063063 0.9933936690957
406.5565565565566 0.9928608671888505
406.80680680680683 0.9923076363506705
407.0570570570571 0.9917340110553448
407.3073073073073 0.9911400270343326
407.5575575575576 0.9905257212726599
407.8078078078078 0.9898911320050826
408.05805805805807 0.9892362987121207
408.3083083083083 0.9885612621159667
408.55855855855856 0.987866064176266
408.8088088088088 0.9871507480857715
409.05905905905905 0.9864153582658728
409.3093093093093 0.985659940362
409.55955955955955 0.9848845412389038
409.8098098098098 0.9840892089758121
410.0600600600601 0.9832739928614626
410.31031031031034 0.9824389433890155
410.5605605605606 0.9815841122508423
410.81081081081084 0.9807095523331957
411.0610610610611 0.9798153177107592
411.31131131131133 0.9789014636410778
411.5615615615616 0.9779680465588697
411.8118118118118 0.9770151240702218
412.06206206206207 0.9760427549466678
412.3123123123123 0.9750509991191508
412.56256256256256 0.9740399176718713
412.8128128128128 0.9730095728360212
413.06306306306305 0.9719600279834042
413.3133133133133 0.9708913476199459
413.56356356356355 0.9698035973790898
413.8138138138138 0.9686968440150864
414.06406406406404 0.9675711553961709
414.3143143143143 0.9664266004976334
414.5645645645646 0.9652632493947817
414.81481481481484 0.9640811732557993
415.0650650650651 0.9628804443344955
415.31531531531533 0.9616611359629537
415.5655655655656 0.9604233225440763
415.8158158158158 0.959167079544027
416.06606606606607 0.9578924834845731
416.3163163163163 0.956599611935327
416.56656656656656 0.9552885435058905
416.8168168168168 0.9539593578379005
417.06706706706706 0.9526121355969789
417.3173173173173 0.951246958464587
417.5675675675676 0.9498639091297868
417.81781781781785 0.9484630712809096
418.0680680680681 0.9470445295971307
418.31831831831835 0.9456083697399573
418.5685685685686 0.9441546783446247
418.81881881881884 0.9426835430114061
419.0690690690691 0.9411950522968351
419.31931931931933 0.9396892957048434
419.5695695695696 0.9381663636778139
419.8198198198198 0.936626347587552
420.0700700700701 0.935069339726175
420.3203203203203 0.9334954332969206
420.57057057057057 0.9319047224048789
420.8208208208208 0.9302973020476445
421.07107107107106 0.9286732681058949
421.3213213213213 0.9270327173338925
421.57157157157155 0.9253757473499136
421.8218218218218 0.9237024566266077
422.07207207207205 0.9220129444812825
422.32232232232235 0.9203073110661236
422.5725725725726 0.9185856573583456
422.82282282282284 0.9168480851502745
423.0730730730731 0.9150946970393687
423.32332332332334 0.9133255964181762
423.5735735735736 0.9115408874642285
423.82382382382383 0.9097406751298752
424.0740740740741 0.9079250651320608
424.3243243243243 0.9060941639420427
424.57457457457457 0.9042480787750534
424.8248248248248 0.9023869175799111
425.07507507507506 0.900510789028574
425.32532532532537 0.8986198025056455
425.5755755755756 0.8967140680978324
425.82582582582586 0.8947936965833484
426.0760760760761 0.8928587994212775
426.32632632632635 0.8909094887408908
426.5765765765766 0.8889458773309186
426.82682682682685 0.8869680786287829
427.0770770770771 0.8849762067097893
427.32732732732734 0.8829703762762797
427.5775775775776 0.8809507026467508
427.82782782782783 0.8789173017449345
428.0780780780781 0.8768702900888476
428.3283283283283 0.8748097847798088
428.5785785785786 0.8727359034914253
428.8288288288288 0.8706487644585528
429.07907907907907 0.8685484864662275
429.3293293293293 0.866435188838574
429.57957957957956 0.8643089914276896
429.8298298298298 0.8621700146025089
430.08008008008005 0.8600183792376471
430.33033033033036 0.857854206702226
430.5805805805806 0.8556776188486862
430.83083083083085 0.8534887380015809
431.0810810810811 0.8512876869463616
431.33133133133134 0.8490745889181511
431.5815815815816 0.8468495675905082
431.83183183183183 0.8446127470641867
432.0820820820821 0.842364251855887
432.3323323323323 0.840104206887008
432.5825825825826 0.837832737472395
432.8328328328328 0.8355499693090895
433.0830830830831 0.8332560284650824
433.33333333333337 0.8309510413680716
433.5835835835836 0.8286351347942241
433.83383383383386 0.8263084358569494
434.0840840840841 0.8239710719956825
434.33433433433436 0.8216231709646796
434.5845845845846 0.8192648608218274
434.83483483483485 0.8168962699174709
435.0850850850851 0.8145175268832584
435.33533533533534 0.8121287606210076
435.5855855855856 0.8097301002915954
435.83583583583584 0.8073216753038717
436.0860860860861 0.8049036153036003
436.33633633633633 0.8024760501624311
436.5865865865866 0.8000391099669005
436.8368368368368 0.7975929250074686
437.08708708708707 0.7951376257675902
437.3373373373373 0.7926733429128251
437.58758758758756 0.7902002072799887
437.8378378378378 0.7877183498663447
438.0880880880881 0.7852279018188436
438.33833833833836 0.7827289944234095
438.5885885885886 0.7802217590942733
438.83883883883885 0.777706327363362
439.0890890890891 0.7751828308697405
439.33933933933935 0.7726514013491113
439.5895895895896 0.7701121706233728
439.83983983983984 0.7675652705902415
440.0900900900901 0.7650108332129366
440.34034034034033 0.7624489905099332
440.5905905905906 0.7598798745447859
440.8408408408409 0.7573036174160221
441.09109109109113 0.7547203512471161
441.3413413413414 0.7521302081765329
441.5915915915916 0.7495333203478599
441.84184184184187 0.746929819900019
442.0920920920921 0.7443198389575645
442.34234234234236 0.7417035096210716
442.5925925925926 0.7390809639576151
442.84284284284286 0.7364523339913452
443.0930930930931 0.7338177516941595
443.34334334334335 0.7311773489764768
443.5935935935936 0.728531257678114
443.84384384384384 0.7258796095592719
444.0940940940941 0.7232225362916294
444.34434434434434 0.7205601694495523
444.5945945945946 0.7178926405014183
444.84484484484483 0.7152200808010626
445.0950950950951 0.7125426215793459
445.3453453453453 0.7098603939358501
445.59559559559557 0.7071735288307036
445.8458458458459 0.7044821570765396
446.0960960960961 0.7017864093305952
446.34634634634637 0.6990864160869447
446.5965965965966 0.6963823076688828
446.84684684684686 0.6936742142214545
447.0970970970971 0.6909622657041355
447.34734734734735 0.68824659188367
447.5975975975976 0.6855273223270659
447.84784784784785 0.682804586394756
448.0980980980981 0.6800785132339234
448.34834834834834 0.6773492317720011
448.59859859859864 0.6746168707103443
448.8488488488489 0.6718815585180867
449.09909909909913 0.669143423426173
449.3493493493494 0.6664025934215866
449.5995995995996 0.6636591962417654
449.8498498498499 0.660913359369216
450.1001001001001 0.6581652100263274
450.35035035035037 0.6554148751703908
450.6006006006006 0.6526624814888295
450.85085085085086 0.6499081553946431
451.1011011011011 0.6471520230220699
451.35135135135135 0.6443942102224745
451.6016016016016 0.6416348425604629
451.85185185185185 0.6388740453102307
452.1021021021021 0.6361119434521507
452.35235235235234 0.6333486616696014
452.6026026026026 0.6305843243460448
452.85285285285283 0.6278190555623578
453.1031031031031 0.6250529790944188
453.3533533533533 0.6222862184109605
453.60360360360363 0.6195188966716881
453.8538538538539 0.6167511367256739
454.1041041041041 0.6139830611100258
454.35435435435437 0.611214792048844
454.6046046046046 0.6084464514524647
454.85485485485486 0.6056781609169982
455.1051051051051 0.6029100417241674
455.35535535535536 0.6001422148414498
455.6056056056056 0.5973748009225321
455.85585585585585 0.5946079203080801
456.1061061061061 0.5918416930268284
456.3563563563564 0.5890762387969986
456.60660660660665 0.5863116770280519
456.8568568568569 0.583548126822773
457.10710710710714 0.5807857069797051
457.3573573573574 0.5780245359959286
457.60760760760763 0.5752647320701968
457.8578578578579 0.5725064131064301
458.1081081081081 0.5697496967175768
458.3583583583584 0.5669947002298436
458.6086086086086 0.5642415406873034
458.85885885885887 0.5614903348568846
459.1091091091091 0.5587411992337478
459.35935935935936 0.5559942500470538
459.6096096096096 0.5532496032661324
459.85985985985985 0.5505073746070499
460.1101101101101 0.5477676795395899
460.36036036036035 0.5450306332946435
460.6106106106106 0.5422963508720205
460.86086086086084 0.5395649470486832
461.1111111111111 0.5368365363874086
461.3613613613614 0.5341112332458833
461.61161161161164 0.5313891517862401
461.8618618618619 0.52867040598503
462.11211211211213 0.5259551096436476
462.3623623623624 0.5232433763992049
462.6126126126126 0.5205353197358621
462.86286286286287 0.5178310529966157
463.1131131131131 0.515130689395552
463.36336336336336 0.5124343420305677
463.6136136136136 0.5097421238965599
463.86386386386386 0.5070541478990905
464.11411411411416 0.5043705268685285
464.3643643643644 0.5016913735746732
464.61461461461465 0.49901680074185556
464.8648648648649 0.4963469210645301
465.11511511511515 0.49368184722335157
465.3653653653654 0.49102169190174094
465.61561561561564 0.4883665678029423
465.8658658658659 0.48571658766757286
466.11611611611613 0.48307186429166543
466.3663663663664 0.48043251054520447
466.6166166166166 0.47779863939115835
466.86686686686687 0.4751703639050038
467.1171171171171 0.4725477972947463
467.36736736736736 0.469931052921433
467.6176176176176 0.4673202443201587
467.86786786786786 0.4647154852215614
468.1181181181181 0.4621168895738087
468.36836836836835 0.4595245715650691
468.6186186186186 0.45693864564646813
468.86886886886884 0.45435922655552524
469.11911911911915 0.4517864293400657
469.3693693693694 0.44922036938260923
469.61961961961964 0.44666116242522
469.8698698698699 0.4441089245948251
470.12012012012013 0.4415637724289868
470.3703703703704 0.43902582290212516
470.6206206206206 0.436495193452185
470.8708708708709 0.43397200200773683
471.1211211211211 0.431456367015507
471.37137137137137 0.4289484074683249
471.6216216216216 0.4264482429334807
471.8718718718719 0.4239559935814799
472.12212212212216 0.4214717802151903
472.3723723723724 0.4189957242993591
472.62262262262266 0.41652794799050014
472.8728728728729 0.4140685741671298
473.12312312312315 0.41161772646034117
473.3733733733734 0.40917552928470136
473.62362362362364 0.4067421078694568
473.8738738738739 0.40431758829003045
474.12412412412414 0.40190209749979416
474.3743743743744 0.39949576336209874
474.62462462462463 0.3970987146825424
474.8748748748749 0.3947110812414592
475.1251251251251 0.39233299382660736
475.37537537537537 0.3899645842660352
475.6256256256256 0.3876059854611038
475.87587587587586 0.38525733141964397
476.1261261261261 0.3829187572892217
476.37637637637636 0.3805903993904903
476.6266266266266 0.37827239525060136
476.8768768768769 0.37596488363664865
477.12712712712715 0.37366800458912003
477.3773773773774 0.37138189945532163
477.62762762762765 0.36910671092275504
477.8778778778779 0.36684258305240985
478.12812812812814 0.36458966131194265
478.3783783783784 0.3623480926087096
478.62862862862863 0.360118025322621
478.8788788788789 0.3578996093387813
479.1291291291292 0.35569299607988036
479.37937937937943 0.35349833853830276
479.6296296296297 0.3513157913079096
479.8798798798799 0.34914551061546495
480.13013013013017 0.3469876543516621
480.3803803803804 0.34484238210170903
480.63063063063066 0.3427098551754347
480.8808808808809 0.34059023663687316
481.13113113113116 0.33848369133328154
481.3813813813814 0.33639038592355025
481.63163163163165 0.33431048890595777
481.8818818818819 0.33224417064522666
482.13213213213214 0.3301916033988335
482.3823823823824 0.32815296134252453
482.63263263263264 0.3261284205949895
482.8828828828829 0.3241181592416439
483.13313313313313 0.3221223573574704
483.3833833833834 0.32014119702886784
483.6336336336336 0.31817486237445575
483.88388388388387 0.3162235395647839
484.1341341341341 0.31428741684089145
484.38438438438436 0.31236668453166366
484.6346346346346 0.31046153506993085
484.88488488488485 0.3085721630072541
485.13513513513516 0.3066987650273432
485.3853853853854 0.30484153995805097
485.63563563563565 0.30300068878188224
485.8858858858859 0.3011764146449681
486.13613613613614 0.29936892286444206
486.3863863863864 0.2975784209341607
486.63663663663664 0.29580511852871233
486.88688688688694 0.29404922750565177
487.1371371371372 0.29231096190590805
487.38738738738743 0.29059053795229506
487.6376376376377 0.2888881740460782
487.8878878878879 0.287204090761529
488.1381381381382 0.28553851083841075
488.3883883883884 0.2838916591723356
488.63863863863867 0.2822637628029337
488.8888888888889 0.28065505089977466
489.13913913913916 0.2790657547459816
489.3893893893894 0.27749610771948063
489.63963963963965 0.2759463452718247
489.8898898898899 0.27441670490453646
490.14014014014015 0.2729074261429093
490.3903903903904 0.27141875050721226
490.64064064064064 0.2699509214812402
490.8908908908909 0.26850418447815483
491.14114114114113 0.2670787868035598
491.3913913913914 0.26567497761575815
491.6416416416416 0.2642930078831356
491.8918918918919 0.26293313033862054
492.1421421421421 0.2615955994311675
492.39239239239237 0.2602806712742141
492.6426426426426 0.2589886035910643
492.8928928928929 0.25771965565714855
493.14314314314316 0.2564740882391176
493.3933933933934 0.25525216353072044
493.64364364364366 0.2540541450854304
493.8938938938939 0.25288029774577303
494.14414414414415 0.2517308875693181
494.3943943943944 0.2506061817512989
494.6446446446447 0.24950644854382237
494.89489489489495 0.2484319571716381
495.1451451451452 0.2473829777444322
495.39539539539544 0.2463597811656203
495.6456456456457 0.24536263903761138
495.89589589589593 0.24439182356351807
496.1461461461462 0.24344760744529234
496.3963963963964 0.2425302637782673
496.6466466466467 0.241640065942089
496.8968968968969 0.24077728748802407
497.14714714714717 0.23994220202263342
497.3973973973974 0.23913508308780376
497.64764764764766 0.23835620403713256
497.8978978978979 0.23760583790866474
498.14814814814815 0.2368842572939836
498.3983983983984 0.23619173420366027
498.64864864864865 0.23552853992907058
498.8988988988989 0.23489494490059193
499.14914914914914 0.23429121854219415
499.3993993993994 0.23371762912244626
499.64964964964963 0.23317444360195885
499.8998998998999 0.23266192747729186
500.1501501501501 0.23218034462135573
500.4004004004004 0.23172995712034322
500.6506506506507 0.2313110251072274
500.9009009009009 0.23092380659187134
501.15115115115117 0.23056855728779382
501.4014014014014 0.2302455304356432
501.65165165165166 0.229954976623435
501.9019019019019 0.22969714360361082
502.15215215215215 0.22947227610698426
502.40240240240246 0.22928061565363997
502.6526526526527 0.22912240036086062
502.90290290290295 0.22899786474815587
503.1531531531532 0.22890723953947698
503.40340340340344 0.2288507514627021
503.6536536536537 0.22882862304648172
503.90390390390394 0.22884107241454055
504.1541541541542 0.22888831307753413
504.40440440440443 0.2289705537225642
504.6546546546547 0.2290879980004622
504.9049049049049 0.2292408443109521
505.15515515515517 0.22942928558581194
505.4054054054054 0.22965350907015442
505.65565565565566 0.2299136961019542
505.9059059059059 0.23021002188995204
506.15615615615616 0.2305426552900721
506.4064064064064 0.23091175858049012
506.65665665665665 0.23131748723549933
506.9069069069069 0.23175998969832037
507.15715715715714 0.23223940715300811
507.4074074074074 0.2327558732956136
507.65765765765764 0.2333095141047597
507.9079079079079 0.23390044761179768
508.15815815815813 0.23452878367071206
508.40840840840843 0.2351946237279472
508.6586586586587 0.23589806059233148
508.9089089089089 0.2366391782052808
509.1591591591592 0.23741805141146355
509.4094094094094 0.23823474573011472
509.65965965965967 0.2390893171271905
509.9099099099099 0.2399818117885567
510.16016016016016 0.24091226589440745
510.41041041041046 0.24188070539511514
510.6606606606607 0.24288714578871246
510.91091091091096 0.24393159190021535
511.1611611611612 0.2450140376629899
511.41141141141145 0.24613446590237803
511.6616616616617 0.24729284812179075
511.91191191191194 0.24848914429148644
512.1621621621622 0.24972330264024756
512.4124124124124 0.2509952594501764
512.6626626626627 0.2523049388548266
512.9129129129129 0.2536522526408933
513.1631631631632 0.2550371000536822
513.4134134134134 0.2564593676065808
513.6636636636637 0.2579189288947546
513.9139139139139 0.2594156444132923
514.1641641641642 0.26094936138002306
514.4144144144144 0.26251991356323107
514.6646646646647 0.2641271211144902
514.9149149149149 0.26577079040684093
515.1651651651651 0.26745071387853503
515.4154154154154 0.26916666988256555
515.6656656656656 0.27091842254220616
515.9159159159159 0.2727057216127765
516.1661661661662 0.2745283023498526
516.4164164164165 0.2763858853841328
516.6666666666667 0.2782781766031839
516.916916916917 0.28020486704026365
517.1671671671672 0.2821656327704381
517.4174174174175 0.28416013481419544
517.6676676676677 0.28618801904875873
517.917917917918 0.2882489161272954
518.1681681681682 0.29034244140622056
518.4184184184185 0.2924681948807818
518.6686686686687 0.2946257611291156
518.918918918919 0.2968147092649548
519.1691691691692 0.29903459289916623
519.4194194194195 0.30128495011029105
519.6696696696697 0.30356530342425353
519.91991991992 0.3058751598034021
520.1701701701702 0.308214010645037
520.4204204204204 0.3105813317895762
520.6706706706707 0.3129765835385014
520.9209209209209 0.3153992106822234
521.1711711711712 0.3178486425379963
521.4214214214214 0.32032429299800474
521.6716716716717 0.32282556058774026
521.9219219219219 0.32535182853477634
522.1721721721722 0.3279024648480439
522.4224224224224 0.3304768224076995
522.6726726726727 0.3330742390656736
522.9229229229229 0.33569403775697604
523.1731731731732 0.3383355266218262
523.4234234234234 0.3409979991386701
523.6736736736736 0.3436807342681353
523.9239239239239 0.3463829966079658
524.1741741741741 0.3491040365589709
524.4244244244244 0.3518430905020125
524.6746746746746 0.3545993809860447
524.9249249249249 0.35737211692721127
525.1751751751751 0.36016049381899773
525.4254254254254 0.3629636939534207
525.6756756756756 0.3657808866532338
525.925925925926 0.3686112285151142
526.1761761761762 0.3714538636637784
526.4264264264265 0.3743079240169939
526.6766766766767 0.377172529561392
526.926926926927 0.38004678863902946
527.1771771771772 0.38292979824460327
527.4274274274275 0.38582064433322516
527.6776776776777 0.3887184021386475
527.927927927928 0.39162213650182565
528.1781781781782 0.39453090220968656
528.4284284284284 0.39744374434396845
528.6786786786787 0.40035969863998055
528.9289289289289 0.40327779185512524
529.1791791791792 0.4061970421470136
529.4294294294294 0.4091164594609931
529.6796796796797 0.4120350459269002
529.9299299299299 0.4149517962648349
530.1801801801802 0.41786569819974917
530.4304304304304 0.4207757328846287
530.6806806806807 0.423680875332038
530.9309309309309 0.4265800948537885
531.1811811811812 0.4294723555084824
531.4314314314314 0.432356616556671
531.6816816816818 0.4352318329233633
531.931931931932 0.43809695566759954
532.1821821821823 0.4409509324588218
532.4324324324325 0.44379270805972415
532.6826826826828 0.446621224815296
532.932932932933 0.44943542314774193
533.1831831831832 0.4522342420569589
533.4334334334335 0.45501661962624446
533.6836836836837 0.4577814935329015
533.933933933934 0.46052780156339884
534.1841841841842 0.4632544821327371
534.4344344344345 0.4659604748076674
534.6846846846847 0.46864472083340003
534.934934934935 0.47130616366343503
535.1851851851852 0.47394374949214363
535.4354354354355 0.47655642778972024
535.6856856856857 0.47914315183912204
535.935935935936 0.4817028792746086
536.1861861861862 0.4842345726214886
536.4364364364365 0.4867371998366763
536.6866866866867 0.4892097348496597
536.936936936937 0.49165115810347537
537.1871871871872 0.4940604570952848
537.4374374374374 0.4964366269161436
537.6876876876877 0.4987786707895526
537.9379379379379 0.5010856006083795
538.1881881881882 0.5033564374697364
538.4384384384384 0.5055902122074002
538.6886886886887 0.5077859659213605
538.9389389389389 0.50994275050408
539.1891891891892 0.512059629163054
539.4394394394394 0.5141356769392549
539.6896896896897 0.5161699812210487
539.9399399399399 0.5181616422531758
540.1901901901902 0.520109773640383
540.4404404404404 0.5220135028453061
540.6906906906906 0.5238719716801946
540.9409409409409 0.5256843367920844
541.1911911911911 0.5274497701410172
541.4414414414415 0.5291674594709201
541.6916916916917 0.5308366087727502
541.941941941942 0.5324564387395366
542.1921921921922 0.5340261872129255
542.4424424424425 0.5355451096208694
542.6926926926927 0.5370124794060934
542.942942942943 0.5384275884449768
543.1931931931932 0.5397897474565039
543.4434434434435 0.5410982864009368
543.6936936936937 0.542352554867876
543.943943943944 0.5435519224533798
544.1941941941942 0.544695779125824
544.4444444444445 0.5457835355801917
544.6946946946947 0.5468146235804899
544.944944944945 0.5477884962900033
545.1951951951952 0.5487046285891009
545.4454454454454 0.5495625173803261
545.6956956956957 0.5503616818805062
545.9459459459459 0.5511016638996316
546.1961961961962 0.5517820281062643
546.4464464464464 0.552402362279249
546.6966966966967 0.5529622775455054
546.9469469469469 0.5534614086037023
547.1971971971973 0.5538994139336139
547.4474474474475 0.554275975990981
547.6976976976978 0.5545908013877094
547.947947947948 0.5548436210572436
548.1981981981983 0.5550341904049787
548.4484484484485 0.5551622894435763
548.6986986986988 0.5552277229130675
548.948948948949 0.5552303203856406
549.1991991991993 0.5551699363550189
549.4494494494495 0.555046450310355
549.6996996996997 0.5548597667945759
549.94994994995 0.5546098154471271
550.2002002002002 0.5542965510310816
550.4504504504505 0.5539199534445884
550.7007007007007 0.5534800277166534
550.950950950951 0.552976803987254
551.2012012012012 0.5524103374718085
551.4514514514515 0.5517807084100301
551.7017017017017 0.5510880219992115
551.951951951952 0.5503324083119988
552.2022022022022 0.5495140221987277
552.4524524524525 0.5486330431744084
552.7027027027027 0.5476896752904566
552.952952952953 0.5466841469912854
553.2032032032032 0.5456167109558826
553.4534534534534 0.5444876439245125
553.7037037037037 0.543297246510694
553.9539539539539 0.542045842998618
554.2042042042042 0.5407337811261829
554.4544544544544 0.5393614318538344
554.7047047047047 0.5379291891194135
554.9549549549549 0.5364374695792227
555.2052052052052 0.534886712335538
555.4554554554554 0.533277378650799
555.7057057057057 0.5316099516487275
555.9559559559559 0.5298849360026288
556.2062062062062 0.5281028576111475
556.4564564564564 0.5262642632617538
556.7067067067067 0.5243697202822496
556.956956956957 0.522419816180591
557.2072072072073 0.5204151582733412
557.4574574574575 0.5183563733030556
557.7077077077078 0.5162441070449418
557.957957957958 0.5140790239031144
558.2082082082082 0.5118618064967916
558.4584584584585 0.5095931552367806
558.7087087087087 0.5072737878926074
558.958958958959 0.5049044391506537
559.2092092092092 0.5024858601636708
559.4594594594595 0.5000188180920417
559.7097097097097 0.497504095637177
559.95995995996 0.49494249056742556
560.2102102102102 0.49233481523689265
560.4604604604605 0.4896818960975601
560.7107107107107 0.4869845732051049
560.960960960961 0.484243699718822
561.2112112112112 0.4814601413960529
561.4614614614615 0.4786347760815304
561.7117117117117 0.4757684931920476
561.961961961962 0.4728621931968657
562.2122122122122 0.4699167870942708
562.4624624624624 0.4669331958846968
562.7127127127128 0.46391235004082615
562.962962962963 0.46085518897509303
563.2132132132133 0.4577626605049817
563.4634634634635 0.4546357203165634
563.7137137137138 0.45147533142666285
563.963963963964 0.4482824636440745
564.2142142142143 0.4450580930302375
564.4644644644645 0.4418032013597757
564.7147147147148 0.4385187755813081
564.964964964965 0.43520580727893166
565.2152152152153 0.43186529213477337
565.4654654654655 0.4284982293930078
565.7157157157158 0.4251056213257285
565.965965965966 0.4216884727010605
566.2162162162163 0.41824779025389375
566.4664664664665 0.4147845821596127
566.7167167167167 0.4112998575111938
566.966966966967 0.4077946258000327
567.2172172172172 0.4042698964008604
567.4674674674675 0.4007266780610998
567.7177177177177 0.3971659783950066
567.967967967968 0.39358880338293195
568.2182182182182 0.3899961568760379
568.4684684684685 0.3863890401067868
568.7187187187187 0.3827684512055204
568.968968968969 0.379135384723434
569.2192192192192 0.3754908311622448
569.4694694694695 0.3718357765108429
569.7197197197197 0.3681712017892059
569.96996996997 0.36449808259985017
570.2202202202202 0.36081738868707813
570.4704704704704 0.35713008350427816
570.7207207207207 0.3534371237895188
570.9709709709709 0.349739459149671
571.2212212212212 0.3460380316532842
571.4714714714714 0.34233377543242843
571.7217217217217 0.33862761629370913
571.9719719719719 0.3349204713386453
572.2222222222222 0.33121324859359885
572.4724724724725 0.327506846649424
572.7227227227228 0.32380215431101084
572.972972972973 0.32010005025685156
573.2232232232233 0.3164014027088044
573.4734734734735 0.3127070691121614
573.7237237237238 0.30901789582615363
573.973973973974 0.30533471782499993
574.2242242242243 0.3016583584096035
574.4744744744745 0.2979896289299818
574.7247247247248 0.2943293285185138
574.974974974975 0.29067824383407004
575.2252252252252 0.2870371488170875
575.4754754754755 0.28340680445563443
575.7257257257257 0.2797879585625078
575.975975975976 0.2761813455633874
576.2262262262262 0.2725876862960683
576.4764764764765 0.2690076878207778
576.7267267267267 0.26544204324157744
576.976976976977 0.26189143153883787
577.2272272272272 0.2583565174127663
577.4774774774775 0.25483795113795726
577.7277277277277 0.25133636842892754
577.977977977978 0.24785239031658632
578.2282282282283 0.24438662303558384
578.4784784784786 0.24093965792248062
578.7287287287288 0.23751207132464025
578.9789789789791 0.23410442451979516
579.2292292292293 0.23071726364617068
579.4794794794796 0.22735111964307825
579.7297297297298 0.22400650820187054
579.97997997998 0.22068392972714443
580.2302302302303 0.2173838693080709
580.4804804804805 0.21410679669972407
580.7307307307308 0.21085316631427434
580.980980980981 0.2076234172219044
581.2312312312313 0.20441797316130056
581.4814814814815 0.2012372425595651
581.7317317317318 0.1980816185613905
581.981981981982 0.19495147906733
582.2322322322323 0.19184718678099422
582.4824824824825 0.18876908926499728
582.7327327327328 0.18571751900547345
582.982982982983 0.18269279348497727
583.2332332332332 0.1796952152635795
583.4834834834835 0.17672507206796362
583.7337337337337 0.17378263688832782
583.983983983984 0.17086816808288857
584.2342342342342 0.16798190948978456
584.4844844844845 0.16512409054617205
584.7347347347347 0.16229492641430177
584.984984984985 0.15949461811436513
585.2352352352352 0.1567233526638957
585.4854854854855 0.15398130322350706
585.7357357357357 0.15126862924875076
585.985985985986 0.14858547664787267
586.2362362362362 0.14593197794524704
586.4864864864865 0.14330825245026554
586.7367367367367 0.14071440643145824
586.986986986987 0.1381505332956228
587.2372372372372 0.13561671377173726
587.4874874874874 0.133113016099433
587.7377377377377 0.13063949622180307
587.987987987988 0.1281961979823214
588.2382382382383 0.12578315332565623
588.4884884884885 0.12340038250213908
588.7387387387388 0.12104789427568902
588.988988988989 0.11872568613495678
589.2392392392393 0.11643374450747526
589.4894894894895 0.11417204497659864
589.7397397397398 0.1119405525010142
589.98998998999 0.10973922163661377
590.2402402402403 0.10756799676051262
590.4904904904905 0.10542681229700682
590.7407407407408 0.10331559294526271
590.990990990991 0.10123425390853341
591.2412412412413 0.09918270112470177
591.4914914914915 0.09716083149795053
591.7417417417417 0.09516853313136463
591.991991991992 0.09320568556027302
592.2422422422422 0.09127215998614116
592.4924924924925 0.08936781951082805
592.7427427427427 0.08749251937102633
592.992992992993 0.08564610717270629
593.2432432432432 0.0838284231253895
593.4934934934935 0.08203930027608078
593.7437437437438 0.0802785647426909
593.9939939939941 0.07854603594679152
594.2442442442443 0.07684152684553171
594.4944944944946 0.07516484416257703
594.7447447447448 0.07351578861790867
594.9949949949951 0.07189415515634093
595.2452452452453 0.07029973317461434
595.4954954954956 0.06873230674692712
595.7457457457458 0.06719165484877075
595.995995995996 0.0656775515789421
596.2462462462463 0.06418976637960666
596.4964964964965 0.06272806425429366
596.7467467467468 0.06129220598370776
596.996996996997 0.0598819483392458
597.2472472472473 0.05849704429411336
597.4974974974975 0.057137243231938334
597.7477477477478 0.0558022911527848
597.997997997998 0.0544919308764747
598.2482482482483 0.05320590224312828
598.4984984984985 0.05194394231084029
598.7487487487488 0.050705785550412504
598.998998998999 0.04949116403706721
599.2492492492493 0.04829980763907202
599.4994994994995 0.04713144420320922
599.7497497497498 0.045985799737028286
600.0 0.044862598587823994
