350.0 0.6592406302004438
350.25025025025025 0.6619890481951796
350.5005005005005 0.664735047996607
350.75075075075074 0.6674785046913895
351.001001001001 0.6702192930089386
351.25125125125123 0.6729572873304214
351.5015015015015 0.6756923616978405
351.7517517517517 0.6784243898231881
352.00200200200203 0.6811532450976707
352.2522522522523 0.6838788006010036
352.5025025025025 0.6866009291107803
352.75275275275277 0.6893195031119053
353.003003003003 0.6920343948060982
353.25325325325326 0.6947454761214646
353.5035035035035 0.6974526187221338
353.75375375375376 0.7001556940179609
354.004004004004 0.7028545731742942
354.25425425425425 0.7055491271218067
354.5045045045045 0.7082392265663884
354.75475475475474 0.7109247419991015
355.005005005005 0.7136055437061962
355.25525525525524 0.7162815017791854
355.5055055055055 0.7189524861249771
355.75575575575573 0.7216183664760669
356.00600600600603 0.724279012400784
356.2562562562563 0.7269342933135922
356.5065065065065 0.7295840784854498
356.7567567567568 0.7322282370542166
357.007007007007 0.7348666380351163
357.25725725725727 0.7374991503312488
357.5075075075075 0.7401256427441526
357.75775775775776 0.7427459839844153
358.008008008008 0.7453600426823317
358.25825825825825 0.7479676873986085
358.5085085085085 0.7505687866351133
358.75875875875874 0.7531632088456681
359.009009009009 0.7557508224468854
359.25925925925924 0.7583314958290455
359.5095095095095 0.7609050973670141
359.75975975975973 0.7634714954311991
360.01001001001003 0.7660305583985456
360.2602602602603 0.7685821546635645
360.5105105105105 0.7711261526494024
360.7607607607608 0.773662420818939
361.011011011011 0.7761908276859207
361.26126126126127 0.7787112418261257
361.5115115115115 0.7812235318885573
361.76176176176176 0.7837275666066678
362.012012012012 0.7862232148096089
362.26226226226225 0.7887103454335092
362.5125125125125 0.7911888275327751
362.76276276276275 0.7936585302914168
363.013013013013 0.7961193230343951
363.26326326326324 0.7985710752389904
363.5135135135135 0.8010136565461895
363.7637637637638 0.8034469367720927
364.01401401401404 0.805870785919333
364.2642642642643 0.8082850741885187
364.51451451451453 0.8106896719896813
364.7647647647648 0.8130844499537416
365.015015015015 0.8154692789439838
365.26526526526527 0.8178440300675417
365.5155155155155 0.8202085746868916
365.76576576576576 0.8225627844313526
366.016016016016 0.8249065312085926
366.26626626626626 0.8272396872161379
366.5165165165165 0.829562124952886
366.76676676676675 0.8318737172306186
367.017017017017 0.8341743371855158
367.26726726726724 0.8364638582896675
367.5175175175175 0.8387421543625814
367.7677677677678 0.8410090995826881
368.01801801801804 0.8432645684988367
368.2682682682683 0.8455084360417883
368.51851851851853 0.8477405775356949
368.7687687687688 0.8499608687095713
369.019019019019 0.8521691857087543
369.2692692692693 0.8543654051063477
369.5195195195195 0.8565494039146535
369.76976976976977 0.8587210595965862
370.02002002002 0.8608802500770696
370.27027027027026 0.8630268537544142
370.5205205205205 0.8651607495116739
370.77077077077075 0.8672818167279801
371.021021021021 0.8693899352898529
371.2712712712713 0.8714849856024869
371.52152152152155 0.8735668486010081
371.7717717717718 0.875635405761708
372.02202202202204 0.8776905391132422
372.2722722722723 0.8797321312478016
372.52252252252254 0.8817600653322496
372.7727727727728 0.8837742251192257
373.02302302302303 0.8857744949582136
373.2732732732733 0.887760759806572
373.5235235235235 0.8897329052405277
373.77377377377377 0.8916908174661277
374.024024024024 0.8936343833301509
374.27427427427426 0.8955634903309769
374.5245245245245 0.8974780266294096
374.77477477477476 0.899377881059456
375.025025025025 0.901262943139058
375.27527527527525 0.9031331030807741
375.52552552552555 0.9049882518024135
375.7757757757758 0.9068282809376147
376.02602602602605 0.9086530828463767
376.2762762762763 0.9104625506255307
376.52652652652654 0.912256578119159
376.7767767767768 0.9140350599289552
377.02702702702703 0.9157978914245272
377.2772772772773 0.9175449687536381
377.5275275275275 0.9192761888523879
377.77777777777777 0.9209914494553312
378.028028028028 0.9226906491055299
378.27827827827826 0.9243736871645425
378.5285285285285 0.9260404638223444
378.77877877877876 0.9276908801071807
379.02902902902906 0.9293248378953497
379.2792792792793 0.9309422399209132
379.52952952952955 0.9325429897853382
379.7797797797798 0.934126991967062
380.03003003003005 0.9356941518309816
380.2802802802803 0.93724437563787
380.53053053053054 0.9387775705537116
380.7807807807808 0.9402936446589606
381.03103103103103 0.9417925069577174
381.2812812812813 0.943274067386826
381.5315315315315 0.944738236824885
381.7817817817818 0.9461849271011784
382.032032032032 0.9476140510045179
382.28228228228227 0.9490255222920003
382.5325325325325 0.9504192556976767
382.78278278278276 0.9517951669411322
383.033033033033 0.9531531727359759
383.2832832832833 0.9544931907982399
383.53353353353356 0.9558151398546836
383.7837837837838 0.9571189396510074
384.03403403403405 0.9584045109599683
384.2842842842843 0.9596717755894016
384.53453453453454 0.9609206563901445
384.7847847847848 0.9621510772638603
385.03503503503504 0.9633629631707654
385.2852852852853 0.9645562401372544
385.53553553553553 0.9657308352634225
385.7857857857858 0.9668866767304876
386.036036036036 0.9680236938081064
386.28628628628627 0.9691418168615867
386.5365365365365 0.9702409773589943
386.7867867867868 0.9713211078781516
387.03703703703707 0.9723821421135291
387.2872872872873 0.9734240148830287
387.53753753753756 0.9744466621346561
387.7877877877878 0.975450020953083
388.03803803803805 0.9764340295660966
388.2882882882883 0.9773986273509385
388.53853853853855 0.9783437548405274
388.7887887887888 0.9792693537295698
389.03903903903904 0.9801753668805531
389.2892892892893 0.9810617383296247
389.53953953953953 0.9819284132923521
389.7897897897898 0.9827753381693664
390.04004004004 0.9836024605518864
390.2902902902903 0.9844097292271236
390.5405405405405 0.9851970941835668
390.79079079079077 0.9859645066161457
391.04104104104107 0.9867119189312724
391.2912912912913 0.9874392847517608
391.54154154154156 0.9881465589216225
391.7917917917918 0.9888336975107392
392.04204204204206 0.9895006578194101
392.2922922922923 0.9901473983827734
392.54254254254255 0.990773878975104
392.7927927927928 0.9913800606139819
393.04304304304304 0.9919659055643358
393.2932932932933 0.9925313773423581
393.54354354354354 0.9930764407192905
393.7937937937938 0.9936010617250833
394.044044044044 0.9941052076519232
394.2942942942943 0.9945888470576316
394.5445445445446 0.9950519497689334
394.7947947947948 0.9954944868845939
395.0450450450451 0.9959164307784253
395.2952952952953 0.9963177551021611
395.54554554554556 0.9966984347881979
395.7957957957958 0.9970584460522052
396.04604604604606 0.997397766395602
396.2962962962963 0.9977163746079004
396.54654654654655 0.9980142507689154
396.7967967967968 0.9982913762508402
397.04704704704704 0.9985477337201879
397.2972972972973 0.9987833071395991
397.54754754754754 0.9989980817695131
397.7977977977978 0.9991920441697054
398.04804804804803 0.9993651822006899
398.2982982982983 0.9995174850249842
398.5485485485485 0.9996489431082414
398.7987987987988 0.9997595482202444
399.0490490490491 0.9998492934357642
399.2992992992993 0.9999181731352837
399.54954954954957 0.9999661830055835
399.7997997997998 0.999993320040192
400.05005005005006 0.9999995825396999
400.3003003003003 0.999984970111937
400.55055055055055 0.9999494836720136
400.8008008008008 0.9998931254422251
401.05105105105105 0.9998158989518193
401.3013013013013 0.9997178090366298
401.55155155155154 0.9995988618385697
401.8018018018018 0.9994590648049918
402.05205205205203 0.9992984266879112
402.30230230230234 0.9991169575430924
402.5525525525526 0.9989146687290001
402.80280280280283 0.9986915729056146
403.0530530530531 0.9984476840331113
403.3033033033033 0.9981830173704052
403.55355355355357 0.9978975894735596
403.8038038038038 0.9975914181940604
404.05405405405406 0.9972645226769558
404.3043043043043 0.9969169233588606
404.55455455455456 0.9965486419658276
404.8048048048048 0.9961597015110844
405.05505505505505 0.9957501262926366
405.3053053053053 0.995319941890739
405.55555555555554 0.9948691751652323
405.8058058058058 0.9943978542527488
406.05605605605604 0.9939060085637855
406.3063063063063 0.9933936687796457
406.5565565565566 0.9928608668492499
406.80680680680683 0.9923076359858152
407.0570570570571 0.9917340106634057
407.3073073073073 0.9911400266133519
407.5575575575576 0.9905257208205425
407.8078078078078 0.9898911315195862
408.05805805805807 0.9892362981908464
408.3083083083083 0.9885612615563478
408.55855855855856 0.9878660635755574
408.8088088088088 0.9871507474410368
409.05905905905905 0.986415357573972
409.3093093093093 0.9856599396195757
409.55955955955955 0.9848845404423664
409.8098098098098 0.9840892081213245
410.0600600600601 0.9832739919449236
410.31031031031034 0.982438942406042
410.5605605605606 0.9815841111967512
410.81081081081084 0.9807095512029831
411.0610610610611 0.9798153164990797
411.31131131131133 0.9789014623422219
411.5615615615616 0.9779680451667397
411.8118118118118 0.9770151225783064
412.06206206206207 0.9760427533480147
412.3123123123123 0.9750509974063382
412.56256256256256 0.9740399158369768
412.8128128128128 0.9730095708705896
413.06306306306305 0.9719600258784127
413.3133133133133 0.9708913453657668
413.56356356356355 0.9698035949654522
413.8138138138138 0.968696841431034
414.06406406406404 0.967571152630018
414.3143143143143 0.9664265975369182
414.5645645645646 0.9652632462262161
414.81481481481484 0.9640811698652163
415.0650650650651 0.9628804407067931
415.31531531531533 0.961661132082035
415.5655655655656 0.9604233183927867
415.8158158158158 0.9591670751040868
416.06606606606607 0.9578924787365064
416.3163163163163 0.9565996068583862
416.56656656656656 0.955288538077976
416.8168168168168 0.9539593520354758
417.06706706706706 0.9526121293949807
417.3173173173173 0.9512469518363299
417.5675675675676 0.9498639020468614
417.81781781781785 0.9484630637130756
418.0680680680681 0.9470445215122033
418.31831831831835 0.9456083611036864
418.5685685685686 0.9441546691205673
418.81881881881884 0.9426835331607912
419.0690690690691 0.9411950417784205
419.31931931931933 0.9396892844747636
419.5695695695696 0.9381663516894202
419.8198198198198 0.9366263347912419
420.0700700700701 0.9350693260692122
420.3203203203203 0.9334954187232452
420.57057057057057 0.9319047068549048
420.8208208208208 0.930297285458047
421.07107107107106 0.9286732504093848
421.3213213213213 0.9270326984589768
421.57157157157155 0.9253757272206442
421.8218218218218 0.9237024351623137
422.07207207207205 0.9220129215962881
422.32232232232235 0.92030728666945
422.5725725725726 0.9185856313533955
422.82282282282284 0.9168480574344986
423.0730730730731 0.9150946675039141
423.32332332332334 0.9133255649475139
423.5735735735736 0.9115408539357603
423.82382382382383 0.9097406394135191
424.0740740740741 0.9079250270898122
424.3243243243243 0.9060941234275111
424.57457457457457 0.9042480356329746
424.8248248248248 0.9023868716456306
425.07507507507506 0.9005107401275027
425.32532532532537 0.8986197504526854
425.5755755755756 0.8967140126967696
425.82582582582586 0.8947936376262143
426.0760760760761 0.8928587366876737
426.32632632632635 0.8909094219972775
426.5765765765766 0.8889458063298646
426.82682682682685 0.8869680031081743
427.0770770770771 0.8849761263919952
427.32732732732734 0.8829702908672739
427.5775775775776 0.8809506118351846
427.82782782782783 0.878917205201161
428.0780780780781 0.876870187463893
428.3283283283283 0.874809675704289
428.5785785785786 0.8727357875744053
428.8288288288288 0.870648641286344
429.07907907907907 0.8685483556011233
429.3293293293293 0.8664350498175171
429.57957957957956 0.86430884376087
429.8298298298298 0.8621698577718886
430.08008008008005 0.8600182126954061
430.33033033033036 0.8578540298691293
430.5805805805806 0.8556774311123642
430.83083083083085 0.8534885387147217
431.0810810810811 0.8512874754248098
431.33133133133134 0.8490743644389075
431.5815815815816 0.8468493293896286
431.83183183183183 0.8446124943345715
432.0820820820821 0.8423639837449594
432.3323323323323 0.840103922494272
432.5825825825826 0.8378324358468721
432.8328328328328 0.8355496494466239
433.0830830830831 0.8332556893055109
433.33333333333337 0.8309506817922515
433.5835835835836 0.828634753620912
433.83383383383386 0.8263080318395242
434.0840840840841 0.8239706438187056
434.33433433433436 0.8216227172402835
434.5845845845846 0.8192643800859274
434.83483483483485 0.8168957606257882
435.0850850850851 0.8145169874071492
435.33533533533534 0.8121281892430873
435.5855855855856 0.8097294952011492
435.83583583583584 0.8073210345920426
436.0860860860861 0.8049029369583431
436.33633633633633 0.8024753320632225
436.5865865865866 0.8000383498791952
436.8368368368368 0.7975921205768884
437.08708708708707 0.7951367745138357
437.3373373373373 0.7926724422232971
437.58758758758756 0.790199254403106
437.8378378378378 0.7877173419045462
438.0880880880881 0.7852268357212597
438.33833833833836 0.7827278669781889
438.5885885885886 0.7802205669205503
438.83883883883885 0.7777050669028489
439.0890890890891 0.7751814983779283
439.33933933933935 0.7726499928860624
439.5895895895896 0.7701106820440887
439.83983983983984 0.7675636975345864
440.0900900900901 0.7650091710950988
440.34034034034033 0.7624472345074053
440.5905905905906 0.7598780195868419
440.8408408408409 0.7573016581716723
441.09109109109113 0.7547182821125171
441.3413413413414 0.7521280232618305
441.5915915915916 0.7495310134634409
441.84184184184187 0.7469273845421481
442.0920920920921 0.7443172682933816
442.34234234234236 0.7417007964729229
442.5925925925926 0.7390781007866907
442.84284284284286 0.7364493128805962
443.0930930930931 0.733814564330465
443.34334334334335 0.7311739866320313
443.5935935935936 0.7285277111910038
443.84384384384384 0.7258758693132085
444.0940940940941 0.723218592194807
444.34434434434434 0.720556010912595
444.5945945945946 0.7178882564143813
444.84484484484483 0.7152154595094503
445.0950950950951 0.7125377508591109
445.3453453453453 0.7098552609673306
445.59559559559557 0.7071681201714622
445.8458458458459 0.7044764586330593
446.0960960960961 0.7017804063287899
446.34634634634637 0.6990800930414401
446.5965965965966 0.6963756483510216
446.84684684684686 0.6936672016259773
447.0970970970971 0.6909548820144901
447.34734734734735 0.6882388184358965
447.5975975975976 0.6855191395722074
447.84784784784785 0.6827959738597391
448.0980980980981 0.6800694494808549
448.34834834834834 0.6773396943558224
448.59859859859864 0.6746068361347851
448.8488488488489 0.6718710021898573
449.09909909909913 0.6691323196073322
449.3493493493494 0.6663909151800221
449.5995995995996 0.6636469153997191
449.8498498498499 0.6609004464497863
450.1001001001001 0.658151634197879
450.35035035035037 0.6554006041887995
450.6006006006006 0.6526474816374876
450.85085085085086 0.649892391422149
451.1011011011011 0.6471354580775243
451.35135135135135 0.6443768057883017
451.6016016016016 0.6416165583826751
451.85185185185185 0.6388548393260498
452.1021021021021 0.6360917717149008
452.35235235235234 0.6333274782707821
452.6026026026026 0.6305620813344938
452.85285285285283 0.6277957028604073
453.1031031031031 0.6250284644109514
453.3533533533533 0.6222604871512626
453.60360360360363 0.6194918918440007
453.8538538538539 0.6167227988443369
454.1041041041041 0.6139533280951086
454.35435435435437 0.6111835991221527
454.6046046046046 0.6084137310298146
454.85485485485486 0.6056438424966373
455.1051051051051 0.6028740517712325
455.35535535535536 0.6001044766683377
455.6056056056056 0.5973352345650602
455.85585585585585 0.5945664423973137
456.1061061061061 0.5917982166564455
456.3563563563564 0.5890306733860611
456.60660660660665 0.586263928179051
456.8568568568569 0.5834980961748109
457.10710710710714 0.5807332920566735
457.3573573573574 0.5779696300495443
457.60760760760763 0.5752072239177473
457.8578578578579 0.5724461869630819
458.1081081081081 0.5696866320230968
458.3583583583584 0.5669286714695787
458.6086086086086 0.5641724172072641
458.85885885885887 0.5614179806727713
459.1091091091091 0.5586654728337597
459.35935935935936 0.5559150041883152
459.6096096096096 0.5531666847645679
459.85985985985985 0.5504206241205404
460.1101101101101 0.5476769313442345
460.36036036036035 0.5449357150539521
460.6106106106106 0.5421970833988602
460.86086086086084 0.5394611440597944
461.1111111111111 0.5367280042503108
461.3613613613614 0.5339977707179817
461.61161161161164 0.5312705497459451
461.8618618618619 0.528546447154699
462.11211211211213 0.5258255683041549
462.3623623623624 0.5231080180959441
462.6126126126126 0.5203939009759821
462.86286286286287 0.5176833209372917
463.1131131131131 0.514976381523087
463.36336336336336 0.5122731858301209
463.6136136136136 0.5095738365122962
463.86386386386386 0.5068784357845413
464.11411411411416 0.5041870854269558
464.3643643643644 0.5014998867892235
464.61461461461465 0.49881694079529215
464.8648648648649 0.49613834794832756
465.11511511511515 0.4934642083359383
465.3653653653654 0.4907946216356722
465.61561561561564 0.4881296871207863
465.8658658658659 0.4854695036662909
466.11611611611613 0.4828141697552673
466.3663663663664 0.48016378348545974
466.6166166166166 0.4775184425761426
466.86686686686687 0.4748782443752608
467.1171171171171 0.4722432858668459
467.36736736736736 0.4696136636787041
467.6176176176176 0.4669894740903799
467.86786786786786 0.464370813041389
468.1181181181181 0.4617577761397257
468.36836836836835 0.4591504586706383
468.6186186186186 0.4565489556056748
468.86886886886884 0.4539533616119951
469.11911911911915 0.45136377106194825
469.3693693693694 0.44878027804291576
469.61961961961964 0.44620297636741074
469.8698698698699 0.44363195958344076
470.12012012012013 0.4410673209851242
470.3703703703704 0.43850915362355886
470.6206206206206 0.4359575503179413
470.8708708708709 0.4334126036669306
471.1211211211211 0.4308744060602549
471.37137137137137 0.4283430496905556
471.6216216216216 0.42581862656546443
471.8718718718719 0.42330122851990837
472.12212212212216 0.4207909472286418
472.3723723723724 0.4182878742189899
472.62262262262266 0.41579210088381036
472.8728728728729 0.4133037184946593
473.12312312312315 0.4108228182151564
473.3733733733734 0.4083494911145439
473.62362362362364 0.4058838281814318
473.8738738738739 0.40342592033772107
474.12412412412414 0.40097585845269823
474.3743743743744 0.3985337333572923
474.62462462462463 0.3960996358584859
474.8748748748749 0.39367365675387117
475.1251251251251 0.3912558868463421
475.37537537537537 0.3888464169589126
475.6256256256256 0.38644533794964964
475.87587587587586 0.3840527407267139
476.1261261261261 0.3816687162634926
476.37637637637636 0.37929335561381655
476.6266266266266 0.37692674992724884
476.8768768768769 0.3745689904644312
477.12712712712715 0.3722201686124803
477.3773773773774 0.3698803759004114
477.62762762762765 0.36754970401458803
477.8778778778779 0.3652282448141745
478.12812812812814 0.36291609034658107
478.3783783783784 0.36061333286288505
478.62862862862863 0.35832006483321477
478.8788788788789 0.35603637896207835
479.1291291291292 0.35376236820362233
479.37937937937943 0.35149812577680595
479.6296296296297 0.34924374518046664
479.8798798798799 0.3469993202082687
480.13013013013017 0.3447649449635114
480.3803803803804 0.34254071387377927
480.63063063063066 0.3403267217054162
480.8808808808809 0.33812306357780475
481.13113113113116 0.33592983497742895
481.3813813813814 0.33374713177170434
481.63163163163165 0.33157505022254996
481.8818818818819 0.3294136869996854
482.13213213213214 0.32726313919362965
482.3823823823824 0.3251235043283808
482.63263263263264 0.32299488037375357
482.8828828828829 0.3208773657573539
483.13313313313313 0.31877105937616607
483.3833833833834 0.3166760606077298
483.6336336336336 0.3145924693208845
483.88388388388387 0.31252038588605563
484.1341341341341 0.31045991118505945
484.38438438438436 0.30841114662040203
484.6346346346346 0.3063741941240472
484.88488488488485 0.30434915616562774
485.13513513513516 0.30233613576007623
485.3853853853854 0.3003352364746491
485.63563563563565 0.29834656243531515
485.8858858858859 0.2963702183324875
486.13613613613614 0.2944063094260702
486.3863863863864 0.29245494154979124
486.63663663663664 0.2905162211147985
486.88688688688694 0.288590255112489
487.1371371371372 0.28667715111654934
487.38738738738743 0.28477701728417104
487.6376376376377 0.28288996235642494
487.8878878878879 0.2810160956577602
488.1381381381382 0.2791555270946021
488.3883883883884 0.2773083671530231
488.63863863863867 0.27547472689545893
488.8888888888889 0.2736547179564426
489.13913913913916 0.27184845253732937
489.3893893893894 0.2700560433999869
489.63963963963965 0.26827760385942195
489.8898898898899 0.26651324777531943
490.14014014014015 0.26476308954246497
490.3903903903904 0.2630272440800276
490.64064064064064 0.261305826819674
490.8908908908909 0.25959895369249203
491.14114114114113 0.2579067411146945
491.3913913913914 0.256229305972083
491.6416416416416 0.25456676560324276
491.8918918918919 0.2529192377814486
492.1421421421421 0.2512868406952567
492.39239239239237 0.24966969292775854
492.6426426426426 0.24806791343447698
492.8928928928929 0.24648162151988118
493.14314314314316 0.24491093681250076
493.3933933933934 0.24335597923861457
493.64364364364366 0.241816868994502
493.8938938938939 0.24029372651723127
494.14414414414415 0.23878667245396915
494.3943943943944 0.2372958276297955
494.6446446446447 0.23582131301400516
494.89489489489495 0.23436324968488342
495.1451451451452 0.23292175879293708
495.39539539539544 0.2314969615225725
495.6456456456457 0.2300889790522047
495.89589589589593 0.2286979325127881
496.1461461461462 0.22732394294475727
496.3963963963964 0.22596713125337037
496.6466466466467 0.22462761816244634
496.8968968968969 0.22330552416648977
497.14714714714717 0.2220009694811985
497.3973973973974 0.2207140739923495
497.64764764764766 0.21944495720306137
497.8978978978979 0.21819373817943147
498.14814814814815 0.2169605354945491
498.3983983983984 0.21574546717088577
498.64864864864865 0.21454865062106604
498.8988988988989 0.21337020258702522
499.14914914914914 0.21221023907755784
499.3993993993994 0.21106887530426868
499.64964964964963 0.2099462256159326
499.8998998998999 0.2088424034312777
500.1501501501501 0.207757521170203
500.4004004004004 0.20669169018344768
500.6506506506507 0.2056450206807265
500.9009009009009 0.20461762165735298
501.15115115115117 0.20360960081936713
501.4014014014014 0.20262106450719378
501.65165165165166 0.20165211761785434
501.9019019019019 0.20070286352575706
502.15215215215215 0.19977340400209637
502.40240240240246 0.1988638391328886
502.6526526526527 0.19797426723568
502.90290290290295 0.1971047847749558
503.1531531531532 0.19625548627629189
503.40340340340344 0.19542646423928386
503.6536536536537 0.19461780904929413
503.90390390390394 0.19382960888805992
504.1541541541542 0.19306194964320575
504.40440440440443 0.19231491481670665
504.6546546546547 0.191588585432351
504.9049049049049 0.19088303994225161
505.15515515515517 0.19019835413245997
505.4054054054054 0.1895346010277349
505.65565565565566 0.1888918507955245
505.9059059059059 0.18827017064921847
506.15615615615616 0.18766962475073143
506.4064064064064 0.18709027411247903
506.65665665665665 0.18653217649881199
506.9069069069069 0.18599538632697377
507.15715715715714 0.18547995456764926
507.4074074074074 0.18498592864517632
507.65765765765764 0.18451335233748922
507.9079079079079 0.18406226567587036
508.15815815815813 0.1836327048445836
508.40840840840843 0.18322470208046732
508.6586586586587 0.18283828557256637
508.9089089089089 0.18247347936188113
509.1591591591592 0.18213030324131949
509.4094094094094 0.18180877265593165
509.65965965965967 0.1815088986035155
509.9099099099099 0.18123068753567748
510.16016016016016 0.18097414125943795
510.41041041041046 0.18073925683946984
510.6606606606607 0.1805260265010613
510.91091091091096 0.18033443753389378
511.1611611611612 0.18016447219672893
511.41141141141145 0.18001610762309822
511.6616616616617 0.17988931572808944
511.91191191191194 0.17978406311632705
512.1621621621622 0.17970031099124165
512.4124124124124 0.1796380150657279
512.6626626626627 0.17959712547428644
512.9129129129129 0.17957758668675083
513.1631631631632 0.17957933742369692
513.4134134134134 0.17960231057363513
513.6636636636637 0.17964643311208484
513.9139139139139 0.1797116260226313
514.1641641641642 0.17979780422006464
514.4144144144144 0.1799048764757017
514.6646646646647 0.18003274534499056
514.9149149149149 0.18018130709749647
515.1651651651651 0.18035045164937097
515.4154154154154 0.18054006249840038
515.6656656656656 0.18075001666173496
515.9159159159159 0.1809801846163947
516.1661661661662 0.18123043024264984
516.4164164164165 0.1815006107703721
516.6666666666667 0.18179057672845245
516.916916916917 0.18210017189737937
517.1671671671672 0.18242923326506993
517.4174174174175 0.18277759098604732
517.6676676676677 0.18314506834405342
517.917917917918 0.18353148171818603
518.1681681681682 0.18393664055264802
518.4184184184185 0.18436034733019319
518.6686686686687 0.18480239754935313
518.918918918919 0.18526257970552606
519.1691691691692 0.18574067527600685
519.4194194194195 0.18623645870903632
519.6696696696697 0.18674969741694344
519.91991991992 0.18728015177345347
520.1701701701702 0.18782757511523207
520.4204204204204 0.1883917137477317
520.6706706706707 0.1889723069554051
520.9209209209209 0.18956908701634761
521.1711711711712 0.19018177922142582
521.4214214214214 0.19081010189794884
521.6716716716717 0.19145376643793344
521.9219219219219 0.19211247733101267
522.1721721721722 0.19278593220203294
522.4224224224224 0.1934738218533808
522.6726726726727 0.19417583031207913
522.9229229229229 0.1948916348816862
523.1731731731732 0.19562090619902872
523.4234234234234 0.19636330829579604
523.6736736736736 0.19711849866501832
523.9239239239239 0.19788612833244795
524.1741741741741 0.1986658419328587
524.4244244244244 0.1994572777912738
524.6746746746746 0.20026006800912954
524.9249249249249 0.20107383855537583
525.1751751751751 0.2018982093625129
525.4254254254254 0.20273279442755665
525.6756756756756 0.20357720191792206
525.925925925926 0.20443103428220966
526.1761761761762 0.20529388836587265
526.4264264264265 0.20616535553174575
526.6766766766767 0.20704502178539966
526.926926926927 0.2079324679052919
527.1771771771772 0.20882726957767406
527.4274274274275 0.20972899753621305
527.6776776776777 0.21063721770627736
527.927927927928 0.21155149135383716
528.1781781781782 0.21247137523892015
528.4284284284284 0.21339642177356122
528.6786786786787 0.21432617918418057
528.9289289289289 0.21526019167831723
529.1791791791792 0.21619799961564387
529.4294294294294 0.21713913968318085
529.6796796796797 0.218083145074626
529.9299299299299 0.21902954567370908
530.1801801801802 0.21997786824147764
530.4304304304304 0.22092763660741543
530.6806806806807 0.22187837186429044
530.9309309309309 0.22282959256662496
531.1811811811812 0.22378081493267638
531.4314314314314 0.22473155304981263
531.6816816816818 0.2256813190831625
531.931931931932 0.22662962348741517
532.1821821821823 0.2275759752216457
532.4324324324325 0.22851988196702788
532.6826826826828 0.2294608503473034
532.932932932933 0.23039838615186697
533.1831831831832 0.23133199456132364
533.4334334334335 0.23226118037537263
533.6836836836837 0.23318544824286758
533.933933933934 0.23410430289390044
534.1841841841842 0.23501724937375268
534.4344344344345 0.2359237932785548
534.6846846846847 0.23682344099249292
534.934934934935 0.23771569992639618
535.1851851851852 0.23860007875754025
535.4354354354355 0.2394760876704951
535.6856856856857 0.24034323859884676
535.935935935936 0.24120104546761845
536.1861861861862 0.24204902443621587
536.4364364364365 0.24288669414171837
536.6866866866867 0.24371357594233736
536.936936936937 0.24452919416086122
537.1871871871872 0.24533307632790452
537.4374374374374 0.2461247534247794
537.6876876876877 0.24690376012580384
537.9379379379379 0.24766963503986372
538.1881881881882 0.24842192095104249
538.4384384384384 0.24916016505813307
538.6886886886887 0.24988391921284683
538.9389389389389 0.25059274015653277
539.1891891891892 0.2512861897552226
539.4394394394394 0.25196383523281574
539.6896896896897 0.2526252494022195
539.9399399399399 0.2532700108942617
540.1901901901902 0.25389770438419107
540.4404404404404 0.25450792081558504
540.6906906906906 0.25510025762148386
540.9409409409409 0.25567431894257187
541.1911911911911 0.2562297158422293
541.4414414414415 0.25676606651827816
541.6916916916917 0.2572829965112492
541.941941941942 0.2577801389090007
542.1921921921922 0.25825713454751653
542.4424424424425 0.2587136322077211
542.6926926926927 0.2591492888081453
542.942942942943 0.25956376959328537
543.1931931931932 0.2599567483174954
543.4434434434435 0.26032790742426043
543.6936936936937 0.2606769382207009
543.943943943944 0.26100354104715884
544.1941941941942 0.2613074254417257
544.4444444444445 0.261588310299571
544.6946946946947 0.2618459240269377
544.944944944945 0.2620800046896728
545.1951951951952 0.2622903001561678
545.4454454454454 0.26247656823458665
545.6956956956957 0.262638576804264
545.9459459459459 0.26277610394116224
546.1961961961962 0.26288893803727864
546.4464464464464 0.2629768779139016
546.6966966966967 0.26303973292861815
546.9469469469469 0.2630773230759807
547.1971971971973 0.26308947908174685
547.4474474474475 0.2630760424906109
547.6976976976978 0.2630368657473516
547.947947947948 0.2629718122713267
548.1981981981983 0.2628807565242491
548.4484484484485 0.2627635840711875
548.6986986986988 0.2626201916347381
548.948948948949 0.2624504871423207
549.1991991991993 0.26225438976655996
549.4494494494495 0.2620318299587147
549.6996996996997 0.2617827494751297
549.94994994995 0.26150710139668465
550.2002002002002 0.2612048501412259
550.4504504504505 0.26087597146896996
550.7007007007007 0.2605204524808744
550.950950950951 0.2601382916099793
551.2012012012012 0.25972949860572575
551.4514514514515 0.25929409451126734
551.7017017017017 0.25883211163379427
551.951951951952 0.25834359350789676
552.2022022022022 0.2578285948520002
552.4524524524525 0.2572871815179113
552.7027027027027 0.256719430433519
552.952952952953 0.2561254295387013
553.2032032032032 0.2555052777144947
553.4534534534534 0.25485908470558716
553.7037037037037 0.25418697103620475
553.9539539539539 0.2534890679194636
554.2042042042042 0.25276551716026746
554.4544544544544 0.2520164710518359
554.7047047047047 0.2512420922659522
554.9549549549549 0.25044255373702784
555.2052052052052 0.24961803854008313
555.4554554554554 0.24876873976275007
555.7057057057057 0.2478948603714088
555.9559559559559 0.24699661307157195
556.2062062062062 0.24607422016263894
556.4564564564564 0.24512791338714318
556.7067067067067 0.24415793377462314
556.956956956957 0.24316453148024947
557.2072072072073 0.24214796561834934
557.4574574574575 0.24110850409096246
557.7077077077078 0.24004642341158428
557.957957957958 0.23896200852423785
558.2082082082082 0.23785555261803112
558.4584584584585 0.2367273569373548
558.7087087087087 0.2355777305878805
558.958958958959 0.23440699033852136
559.2092092092092 0.23321546041952126
559.4594594594595 0.23200347231683982
559.7097097097097 0.23077136456300376
559.95995995996 0.22951948252459875
560.2102102102102 0.22824817818657453
560.4604604604605 0.22695780993354245
560.7107107107107 0.22564874232824253
560.960960960961 0.22432134588736097
561.2112112112112 0.22297599685488018
561.4614614614615 0.22161307697314284
561.7117117117117 0.2202329732518154
561.961961961962 0.21883607773493483
562.2122122122122 0.2174227872662238
562.4624624624624 0.2159935032528607
562.7127127127128 0.21454863142788955
562.962962962963 0.21308858161145916
563.2132132132133 0.21161376747106925
563.4634634634635 0.2101246062810204
563.7137137137138 0.20862151868124468
563.963963963964 0.2071049284357045
564.2142142142143 0.2055752621905434
564.4644644644645 0.2040329492321703
564.7147147147148 0.20247842124546023
564.964964964965 0.20091211207225002
565.2152152152153 0.1993344574703084
565.4654654654655 0.19774589487295738
565.7157157157158 0.196146863149519
565.965965965966 0.19453780236676144
566.2162162162163 0.19291915355151407
566.4664664664665 0.191291358454621
566.7167167167167 0.18965485931639803
566.966966966967 0.1880100986337565
567.2172172172172 0.186357518929155
567.4674674674675 0.18469756252153527
567.7177177177177 0.1830306712993986
567.967967967968 0.1813572864961718
568.2182182182182 0.17967784846801282
568.4684684684685 0.177992796474199
568.7187187187187 0.17630256846023998
568.968968968969 0.1746076008438523
569.2192192192192 0.17290832830392902
569.4694694694695 0.1712051835726349
569.7197197197197 0.16949859723075197
569.96996996997 0.16778899750639864
570.2202202202202 0.16607681007723848
570.4704704704704 0.16436245787629336
570.7207207207207 0.16264636090146994
570.9709709709709 0.16092893602890404
571.2212212212212 0.15921059683022354
571.4714714714714 0.15749175339382648
571.7217217217217 0.1557728121502651
571.9719719719719 0.15405417570182312
572.2222222222222 0.1523362426563693
572.4724724724725 0.15061940746556335
572.7227227227228 0.14890406026749298
572.972972972973 0.147190586733798
573.2232232232233 0.14547936792136235
573.4734734734735 0.14377078012861946
573.7237237237238 0.14206519475653248
573.973973973974 0.1403629781742961
574.2242242242243 0.13866449158980693
574.4744744744745 0.1369700909249411
574.7247247247248 0.13528012669567677
574.974974974975 0.13359494389709042
575.2252252252252 0.13191488189325531
575.4754754754755 0.13024027431206261
575.7257257257257 0.12857144894498335
575.975975975976 0.1269087276517834
576.2262262262262 0.12525242627020006
576.4764764764765 0.12360285453058394
576.7267267267267 0.12196031597550605
576.976976976977 0.12032510788432452
577.2272272272272 0.1186975212027025
577.4774774774775 0.11707784047706381
577.7277277277277 0.11546634379396857
577.977977977978 0.11386330272438788
578.2282282282283 0.11226898227285108
578.4784784784786 0.11068364083144061
578.7287287287288 0.10910753013859044
578.9789789789791 0.10754089524266582
579.2292292292293 0.10598397447027291
579.4794794794796 0.10443699939925845
579.7297297297298 0.10290019483635138
579.97997997998 0.10137377879939542
580.2302302302303 0.09985796250411866
580.4804804804805 0.09835295035538244
580.7307307307308 0.0968589399428499
580.980980980981 0.09537612204101018
581.2312312312313 0.09390468061349247
581.4814814814815 0.09244479282160124
581.7317317317318 0.09099662903700076
581.981981981982 0.08956035285847513
582.2322322322323 0.08813612113268769
582.4824824824825 0.08672408397886036
582.7327327327328 0.08532438481729317
582.982982982983 0.08393716040164004
583.2332332332332 0.08256254085485662
583.4834834834835 0.08120064970873327
583.7337337337337 0.07985160394692498
583.983983983984 0.07851551405138794
584.2342342342342 0.07719248405213176
584.4844844844845 0.07588261158019415
584.7347347347347 0.07458598792374423
584.984984984985 0.07330269808721916
585.2352352352352 0.07203282085339807
585.4854854854855 0.07077642884831596
585.7357357357357 0.06953358860891974
585.985985985986 0.06830436065336797
586.2362362362362 0.0670887995538749
586.4864864864865 0.06588695401199934
586.7367367367367 0.06469886693627847
586.986986986987 0.06352457552210602
587.2372372372372 0.06236411133375482
587.4874874874874 0.061217500388443064
587.7377377377377 0.06008476324234404
587.987987987988 0.058965915078438465
588.2382382382383 0.05786096579611269
588.4884884884885 0.056769920102395344
588.7387387387388 0.05569277760474358
588.988988988989 0.0546295329052725
589.2392392392393 0.053580175696332874
589.4894894894895 0.052544690857339295
589.7397397397398 0.051523058552751994
589.98998998999 0.050515254331117185
590.2402402402403 0.04952124922507049
590.4904904904905 0.048541009852210326
590.7407407407408 0.04757449851674824
590.990990990991 0.046621673311844886
591.2412412412413 0.04568248822254146
591.4914914914915 0.044756893229197445
591.7417417417417 0.04384483441134736
591.991991991992 0.04294625405189005
592.2422422422422 0.042061090741526155
592.4924924924925 0.041189279483360174
592.7427427427427 0.04033075179758604
592.992992992993 0.03948543582617578
593.2432432432432 0.038653256437493275
593.4934934934935 0.037834135330756406
593.7437437437438 0.03702799114027246
593.9939939939941 0.03623473953937588
594.2442442442443 0.03545429334399183
594.4944944944946 0.03468656261576335
594.7447447447448 0.03393145476466927
594.9949949949951 0.03318887465106959
595.2452452452453 0.03245872468711397
595.4954954954956 0.03174090493745247
595.7457457457458 0.031035313219187715
595.995995995996 0.030341845201011953
596.2462462462463 0.029660394501472384
596.4964964964965 0.02899085278631165
596.7467467467468 0.028333109864831587
596.996996996997 0.027687053785230537
597.2472472472473 0.027052570928866853
597.4974974974975 0.026429546103402746
597.7477477477478 0.025817862634784937
597.997997997998 0.025217402458020927
598.2482482482483 0.024628046206710826
598.4984984984985 0.024049673301297588
598.7487487487488 0.02348216203600015
598.998998998999 0.02292538966439567
599.2492492492493 0.022379232483619622
599.4994994994995 0.021843565917153914
599.7497497497498 0.021318264596175533
600.0 0.02080320243943987
