350.0 0.6592406302004438
350.25025025025025 0.6619890481951796
350.5005005005005 0.664735047996607
350.75075075075074 0.6674785046913895
351.001001001001 0.6702192930089386
351.25125125125123 0.6729572873304214
351.5015015015015 0.6756923616978405
351.7517517517517 0.6784243898231881
352.00200200200203 0.6811532450976707
352.2522522522523 0.6838788006010036
352.5025025025025 0.6866009291107803
352.75275275275277 0.6893195031119053
353.003003003003 0.6920343948060982
353.25325325325326 0.6947454761214646
353.5035035035035 0.6974526187221338
353.75375375375376 0.7001556940179609
354.004004004004 0.7028545731742942
354.25425425425425 0.7055491271218067
354.5045045045045 0.7082392265663884
354.75475475475474 0.7109247419991015
355.005005005005 0.7136055437061962
355.25525525525524 0.7162815017791854
355.5055055055055 0.7189524861249771
355.75575575575573 0.7216183664760669
356.00600600600603 0.724279012400784
356.2562562562563 0.7269342933135922
356.5065065065065 0.7295840784854498
356.7567567567568 0.7322282370542166
357.007007007007 0.7348666380351163
357.25725725725727 0.7374991503312488
357.5075075075075 0.7401256427441526
357.75775775775776 0.7427459839844153
358.008008008008 0.7453600426823317
358.25825825825825 0.7479676873986085
358.5085085085085 0.7505687866351133
358.75875875875874 0.7531632088456682
359.009009009009 0.7557508224468855
359.25925925925924 0.7583314958290456
359.5095095095095 0.7609050973670142
359.75975975975973 0.7634714954311992
360.01001001001003 0.7660305583985457
360.2602602602603 0.7685821546635646
360.5105105105105 0.7711261526494024
360.7607607607608 0.773662420818939
361.011011011011 0.7761908276859207
361.26126126126127 0.7787112418261257
361.5115115115115 0.7812235318885573
361.76176176176176 0.7837275666066679
362.012012012012 0.786223214809609
362.26226226226225 0.7887103454335093
362.5125125125125 0.7911888275327752
362.76276276276275 0.7936585302914169
363.013013013013 0.7961193230343954
363.26326326326324 0.7985710752389905
363.5135135135135 0.8010136565461896
363.7637637637638 0.8034469367720928
364.01401401401404 0.8058707859193333
364.2642642642643 0.8082850741885189
364.51451451451453 0.8106896719896817
364.7647647647648 0.8130844499537419
365.015015015015 0.8154692789439841
365.26526526526527 0.817844030067542
365.5155155155155 0.8202085746868919
365.76576576576576 0.8225627844313529
366.016016016016 0.824906531208593
366.26626626626626 0.8272396872161384
366.5165165165165 0.8295621249528865
366.76676676676675 0.8318737172306192
367.017017017017 0.8341743371855165
367.26726726726724 0.8364638582896682
367.5175175175175 0.8387421543625821
367.7677677677678 0.8410090995826889
368.01801801801804 0.8432645684988376
368.2682682682683 0.8455084360417892
368.51851851851853 0.8477405775356959
368.7687687687688 0.8499608687095724
369.019019019019 0.8521691857087555
369.2692692692693 0.8543654051063491
369.5195195195195 0.8565494039146551
369.76976976976977 0.8587210595965877
370.02002002002 0.8608802500770714
370.27027027027026 0.8630268537544161
370.5205205205205 0.865160749511676
370.77077077077075 0.8672818167279824
371.021021021021 0.8693899352898554
371.2712712712713 0.8714849856024897
371.52152152152155 0.8735668486010112
371.7717717717718 0.8756354057617113
372.02202202202204 0.8776905391132458
372.2722722722723 0.8797321312478056
372.52252252252254 0.8817600653322539
372.7727727727728 0.8837742251192304
373.02302302302303 0.8857744949582187
373.2732732732733 0.8877607598065776
373.5235235235235 0.8897329052405338
373.77377377377377 0.8916908174661343
374.024024024024 0.8936343833301582
374.27427427427426 0.895563490330985
374.5245245245245 0.8974780266294183
374.77477477477476 0.8993778810594656
375.025025025025 0.9012629431390684
375.27527527527525 0.9031331030807855
375.52552552552555 0.9049882518024259
375.7757757757758 0.9068282809376282
376.02602602602605 0.9086530828463915
376.2762762762763 0.9104625506255468
376.52652652652654 0.9122565781191766
376.7767767767768 0.9140350599289745
377.02702702702703 0.9157978914245481
377.2772772772773 0.917544968753661
377.5275275275275 0.9192761888524129
377.77777777777777 0.9209914494553583
378.028028028028 0.9226906491055595
378.27827827827826 0.9243736871645747
378.5285285285285 0.9260404638223795
378.77877877877876 0.9276908801072191
379.02902902902906 0.9293248378953914
379.2792792792793 0.9309422399209587
379.52952952952955 0.9325429897853879
379.7797797797798 0.9341269919671159
380.03003003003005 0.9356941518310403
380.2802802802803 0.937244375637934
380.53053053053054 0.9387775705537813
380.7807807807808 0.9402936446590364
381.03103103103103 0.9417925069578
381.2812812812813 0.9432740673869157
381.5315315315315 0.9447382368249826
381.7817817817818 0.9461849271012847
382.032032032032 0.9476140510046335
382.28228228228227 0.9490255222921261
382.5325325325325 0.9504192556978135
382.78278278278276 0.9517951669412809
383.033033033033 0.9531531727361375
383.2832832832833 0.9544931907984157
383.53353353353356 0.9558151398548745
383.7837837837838 0.9571189396512149
384.03403403403405 0.9584045109601939
384.2842842842843 0.9596717755896468
384.53453453453454 0.9609206563904107
384.7847847847848 0.9621510772641495
385.03503503503504 0.9633629631710795
385.2852852852853 0.9645562401375954
385.53553553553553 0.965730835263793
385.7857857857858 0.9668866767308898
386.036036036036 0.9680236938085429
386.28628628628627 0.9691418168620607
386.5365365365365 0.9702409773595086
386.7867867867868 0.9713211078787097
387.03703703703707 0.9723821421141348
387.2872872872873 0.9734240148836858
387.53753753753756 0.974446662135369
387.7877877877878 0.9754500209538561
388.03803803803805 0.976434029566935
388.2882882882883 0.9773986273518477
388.53853853853855 0.9783437548415131
388.7887887887888 0.9792693537306385
389.03903903903904 0.9801753668817115
389.2892892892893 0.9810617383308803
389.53953953953953 0.9819284132937128
389.7897897897898 0.9827753381708406
390.04004004004 0.9836024605534837
390.2902902902903 0.9844097292288538
390.5405405405405 0.985197094185441
390.79079079079077 0.9859645066181754
391.04104104104107 0.9867119189334704
391.2912912912913 0.9874392847541407
391.54154154154156 0.988146558924199
391.7917917917918 0.9888336975135281
392.04204204204206 0.9895006578224286
392.2922922922923 0.99014739838604
392.54254254254255 0.9907738789786388
392.7927927927928 0.9913800606178063
393.04304304304304 0.991965905568473
393.2932932932933 0.9925313773468329
393.54354354354354 0.9930764407241303
393.7937937937938 0.993601061730317
394.044044044044 0.9941052076575821
394.2942942942943 0.9945888470637495
394.5445445445446 0.9950519497755467
394.7947947947948 0.9954944868917418
395.0450450450451 0.9959164307861502
395.2952952952953 0.9963177551105085
395.54554554554556 0.9966984347972165
395.7957957957958 0.9970584460619482
396.04604604604606 0.9973977664061261
396.2962962962963 0.9977163746192668
396.54654654654655 0.9980142507811899
396.7967967967968 0.9982913762640937
397.04704704704704 0.9985477337344968
397.2972972972973 0.9987833071550454
397.54754754754754 0.9989980817861851
397.7977977977978 0.9991920441876982
398.04804804804803 0.9993651822201057
398.2982982982983 0.9995174850459329
398.5485485485485 0.9996489431308413
398.7987987987988 0.9997595482446224
399.0490490490491 0.9998492934620571
399.2992992992993 0.9999181731636382
399.54954954954957 0.9999661830361574
399.7997997997998 0.999993320073155
400.05005005005006 0.9999995825752341
400.3003003003003 0.9999849701502384
400.55055055055055 0.9999494837132924
400.8008008008008 0.999893125486707
401.05105105105105 0.9998158989997471
401.3013013013013 0.9997178090882639
401.55155155155154 0.9995988618941897
401.8018018018018 0.999459064864898
402.05205205205203 0.9992984267524256
402.30230230230234 0.999116957612561
402.5525525525526 0.998914668803794
402.80280280280283 0.9986915729861318
403.0530530530531 0.9984476841197789
403.3033033033033 0.9981830174636812
403.55355355355357 0.9978975895739355
403.8038038038038 0.9975914183020632
404.05405405405406 0.9972645227931503
404.3043043043043 0.9969169234838525
404.55455455455456 0.9965486421002662
404.8048048048048 0.9961597016556654
405.05505505505505 0.9957501264481059
405.3053053053053 0.9953199420578954
405.55555555555554 0.994869175344932
405.8058058058058 0.9943978544459089
406.05605605605604 0.9939060087713881
406.3063063063063 0.9933936690027428
406.5565565565566 0.9928608670889679
406.80680680680683 0.9923076362433602
407.0570570570571 0.9917340109400686
407.3073073073073 0.9911400269105147
407.5575575575576 0.9905257211396843
407.8078078078078 0.9898911318622896
408.05805805805807 0.9892362985588047
408.3083083083083 0.988561261951373
408.55855855855856 0.987866063999587
408.8088088088088 0.9871507478961437
409.05905905905905 0.9864153580623726
409.3093093093093 0.9856599401436399
409.55955955955955 0.9848845410046281
409.8098098098098 0.9840892087244922
410.0600600600601 0.9832739925918923
410.31031031031034 0.9824389430999056
410.5605605605606 0.9815841119408155
410.81081081081084 0.9807095520007801
411.0610610610611 0.9798153173543829
411.31131131131133 0.9789014632590614
411.5615615615616 0.9779680461494197
411.8118118118118 0.9770151236314232
412.06206206206207 0.9760427544764757
412.3123123123123 0.9750509986153824
412.56256256256256 0.9740399171321964
412.8128128128128 0.973009572257953
413.06306306306305 0.9719600273642891
413.3133133133133 0.970891346956952
413.56356356356355 0.9698035966691964
413.8138138138138 0.968696843255071
414.06406406406404 0.9675711545825965
414.3143143143143 0.9664265996268347
414.5645645645646 0.9652632484628506
414.81481481481484 0.964081172258569
415.0650650650651 0.9628804432675242
415.31531531531533 0.961661134821507
415.5655655655656 0.9604233213231087
415.8158158158158 0.9591670782381623
416.06606606606607 0.9578924820880829
416.3163163163163 0.9565996104421092
416.56656656656656 0.9552885419094451
416.8168168168168 0.953959356131305
417.06706706706706 0.9526121337728618
417.3173173173173 0.9512469565150996
417.5675675675676 0.9498639070465734
417.81781781781785 0.948463069055076
418.0680680680681 0.9470445272192108
418.31831831831835 0.9456083671998776
418.5685685685686 0.9441546756316667
418.81881881881884 0.9426835401141664
419.0690690690691 0.9411950492031838
419.31931931931933 0.9396892924018787
419.5695695695696 0.9381663601518158
419.8198198198198 0.9366263438239315
420.0700700700701 0.9350693357094212
420.3203203203203 0.9334954290105455
420.57057057057057 0.9319047178313571
420.8208208208208 0.9302972971683511
421.07107107107106 0.928673262901039
421.3213213213213 0.9270327117824466
421.57157157157155 0.9253757414295403
421.8218218218218 0.92370245031358
422.07207207207205 0.9220129377504018
422.32232232232235 0.9203073038906314
422.5725725725726 0.9185856497098309
422.82282282282284 0.9168480769985757
423.0730730730731 0.9150946883524703
423.32332332332334 0.9133255871620991
423.5735735735736 0.9115408776029142
423.82382382382383 0.9097406646250645
424.0740740740741 0.9079250539431643
424.3243243243243 0.906094152026004
424.57457457457457 0.9042480660862067
424.8248248248248 0.9023869040698286
425.07507507507506 0.9005107746459059
425.32532532532537 0.8986197871959514
425.5755755755756 0.8967140518034022
425.82582582582586 0.8947936792430148
426.0760760760761 0.8928587809702175
426.32632632632635 0.8909094691104164
426.5765765765766 0.8889458564482556
426.82682682682685 0.8869680564168392
427.0770770770771 0.8849761830869086
427.32732732732734 0.8829703511559839
427.5775775775776 0.8809506759374667
427.82782782782783 0.878917273349707
428.0780780780781 0.8768702599050374
428.3283283283283 0.8748097526987735
428.5785785785786 0.872735869398184
428.8288288288288 0.8706487282314326
429.07907907907907 0.868548447976491
429.3293293293293 0.8664351479500277
429.57957957957956 0.864308947996272
429.8298298298298 0.8621699684758558
430.08008008008005 0.860018330254635
430.33033033033036 0.8578541546924917
430.5805805805806 0.8556775636321209
430.83083083083085 0.8534886793877988
431.0810810810811 0.8512876247341405
431.33133133133134 0.8490745228948442
431.5815815815816 0.846849497531426
431.83183183183183 0.844612672731947
432.0820820820821 0.8423641729997319
432.3323323323323 0.8401041232420857
432.5825825825826 0.8378326487590059
432.8328328328328 0.8355498752318938
433.0830830830831 0.8332559287122673
433.33333333333337 0.8309509356104775
433.5835835835836 0.8286350226844265
433.83383383383386 0.8263083170282949
434.0840840840841 0.8239709460612775
434.33433433433436 0.8216230375163278
434.5845845845846 0.8192647194289157
434.83483483483485 0.8168961201257995
435.0850850850851 0.8145173682138145
435.33533533533534 0.8121285925686781
435.5855855855856 0.8097299223238171
435.83583583583584 0.807321486859216
436.0860860860861 0.8049034157902895
436.33633633633633 0.8024758389567815
436.5865865865866 0.8000388864116931
436.8368368368368 0.7975926884102391
437.08708708708707 0.7951373753988389
437.3373373373373 0.7926730780041404
437.58758758758756 0.7901999270220821
437.8378378378378 0.7877180534069922
438.0880880880881 0.7852275882607307
438.33833833833836 0.782728662821874
438.5885885885886 0.780221408454943
438.83883883883885 0.7777059566396817
439.0890890890891 0.775182438960384
439.33933933933935 0.7726509870952734
439.5895895895896 0.7701117328059364
439.83983983983984 0.7675648079268136
440.0900900900901 0.765010344354749
440.34034034034033 0.7624484740386015
440.5905905905906 0.75987932896892
440.8408408408409 0.757303041167684
441.09109109109113 0.7547197426781165
441.3413413413414 0.7521295655545616
441.5915915915916 0.7495326418524425
441.84184184184187 0.7469291036182923
442.0920920920921 0.7443190828798637
442.34234234234236 0.741702711636322
442.5925925925926 0.7390801218485197
442.84284284284286 0.7364514454293603
443.0930930930931 0.7338168142342494
443.34334334334335 0.7311763600516399
443.5935935935936 0.7285302145936698
443.84384384384384 0.7258785094869002
444.0940940940941 0.7232213762631522
444.34434434434434 0.7205589463504471
444.5945945945946 0.7178913510640544
444.84484484484483 0.7152187215976472
445.0950950950951 0.7125411890145709
445.3453453453453 0.7098588842392267
445.59559559559557 0.7071719380485738
445.8458458458459 0.7044804810637513
446.0960960960961 0.701784643741829
446.34634634634637 0.6990845563676786
446.5965965965966 0.6963803490459824
446.84684684684686 0.6936721516933729
447.0970970970971 0.6909600940307103
447.34734734734735 0.6882443055755013
447.5975975975976 0.6855249156344605
447.84784784784785 0.6828020532962217
448.0980980980981 0.6800758474241974
448.34834834834834 0.6773464266495955
448.59859859859864 0.6746139193645916
448.8488488488489 0.6718784537156663
449.09909909909913 0.6691401575971022
449.3493493493494 0.6663991586446558
449.5995995995996 0.6636555842293989
449.8498498498499 0.6609095614517367
450.1001001001001 0.6581612171356073
450.35035035035037 0.655410677822864
450.6006006006006 0.6526580697678467
450.85085085085086 0.6499035189321448
451.1011011011011 0.6471471509795564
451.35135135135135 0.6443890912712472
451.6016016016016 0.6416294648611135
451.85185185185185 0.638868396491354
452.1021021021021 0.6361060105882537
452.35235235235234 0.6333424312581839
452.6026026026026 0.630577782283824
452.85285285285283 0.6278121871206077
453.1031031031031 0.625045768893399
453.3533533533533 0.6222786503934024
453.60360360360363 0.6195109540753094
453.8538538538539 0.6167428020546925
454.1041041041041 0.6139743161056384
454.35435435435437 0.6112056176586407
454.6046046046046 0.608436827798744
454.85485485485486 0.605668067263951
455.1051051051051 0.6028994564438924
455.35535535535536 0.6001311153787697
455.6056056056056 0.5973631637585698
455.85585585585585 0.5945957209225605
456.1061061061061 0.5918289058590688
456.3563563563564 0.5890628372055463
456.60660660660665 0.5862976332489339
456.8568568568569 0.5835334119263136
457.10710710710714 0.5807702908258723
457.3573573573574 0.5780083871881685
457.60760760760763 0.5752478179077116
457.8578578578579 0.5724886995348571
458.1081081081081 0.5697311482780238
458.3583583583584 0.5669752800062362
458.6086086086086 0.5642212102519977
458.85885885885887 0.5614690542144983
459.1091091091091 0.558718926763163
459.35935935935936 0.5559709424415425
459.6096096096096 0.5532252154715546
459.85985985985985 0.5504818597580765
460.1101101101101 0.5477409888938971
460.36036036036035 0.5450027161650284
460.6106106106106 0.5422671545563852
460.86086086086084 0.5395344167578335
461.1111111111111 0.5368046151706151
461.3613613613614 0.5340778619141475
461.61161161161164 0.5313542688332122
461.8618618618619 0.528633947505521
462.11211211211213 0.5259170092496791
462.3623623623624 0.5232035651335399
462.6126126126126 0.5204937259829563
462.86286286286287 0.5177876023909321
463.1131131131131 0.51508530472718
463.36336336336336 0.5123869431480834
463.6136136136136 0.5096926276070706
463.86386386386386 0.5070024678653995
464.11411411411416 0.50431657350336
464.3643643643644 0.5016350539318939
464.61461461461465 0.498958018404631
464.8648648648649 0.4962855760303529
465.11511511511515 0.49361783578587703
465.3653653653654 0.4909549065293678
465.61561561561564 0.48829689701407286
465.8658658658659 0.48564391590248995
466.11611611611613 0.4829960717809601
466.3663663663664 0.4803534731746913
466.6166166166166 0.47771622856321255
466.86686686686687 0.47508444639625586
467.1171171171171 0.4724582351100697
467.36736736736736 0.4698377031441598
467.6176176176176 0.46722295895845906
467.86786786786786 0.4646141110509225
468.1181181181181 0.46201126797554903
468.36836836836835 0.45941453836082474
468.6186186186186 0.45682403092858775
468.86886886886884 0.4542398545133105
469.11911911911915 0.45166211808179585
469.3693693693694 0.4490909307532876
469.61961961961964 0.446526401819982
469.8698698698699 0.44396864076794734
470.12012012012013 0.44141775729843896
470.3703703703704 0.43887386134960565
470.6206206206206 0.4363370631185839
470.8708708708709 0.4338074730839703
471.1211211211211 0.4312852020286681
471.37137137137137 0.4287703610630986
471.6216216216216 0.42626306164877004
471.8718718718719 0.42376341562219416
472.12212212212216 0.4212715352191466
472.3723723723724 0.41878753309925054
472.62262262262266 0.4163115223708855
472.8728728728729 0.4138436166164031
473.12312312312315 0.4113839299176398
473.3733733733734 0.40893257688171386
473.62362362362364 0.4064896726670965
473.8738738738739 0.40405533300993945
474.12412412412414 0.40162967425064827
474.3743743743744 0.39921281336068504
474.62462462462463 0.3968048679695846
474.8748748748749 0.3944059563921686
475.1251251251251 0.3920161976559411
475.37537537537537 0.3896357115286462
475.6256256256256 0.3872646185459702
475.87587587587586 0.3849030400393704
476.1261261261261 0.38255109816400723
476.37637637637636 0.3802089159267627
476.6266266266266 0.3778766172143212
476.8768768768769 0.3755543268212906
477.12712712712715 0.3732421704783436
477.3773773773774 0.37094027488034803
477.62762762762765 0.36864876771447064
477.8778778778779 0.366367777688223
478.12812812812814 0.36409743455742455
478.3783783783784 0.3618378691540553
478.62862862862863 0.3595892134139721
478.8788788788789 0.3573516004044569
479.1291291291292 0.35512516435156916
479.37937937937943 0.35291004066727427
479.6296296296297 0.35070636597630866
479.8798798798799 0.3485142781427602
480.13013013013017 0.34633391629632365
480.3803803803804 0.3441654208582003
480.63063063063066 0.3420089335666057
480.8808808808809 0.33986459750185305
481.13113113113116 0.337732557110972
481.3813813813814 0.33561295823183085
481.63163163163165 0.3335059481167202
481.8818818818819 0.33141167545536154
482.13213213213214 0.329330290397303
482.3823823823824 0.3272619445736587
482.63263263263264 0.32520679111815537
482.8828828828829 0.3231649846874409
483.13313313313313 0.3211366814806162
483.3833833833834 0.3191220392579449
483.6336336336336 0.3171212173586995
483.88388388388387 0.31513437671809913
484.1341341341341 0.3131616798832938
484.38438438438436 0.3112032910283514
484.6346346346346 0.30925937596820036
484.88488488488485 0.3073301021714816
485.13513513513516 0.3054156387722647
485.3853853853854 0.30351615658057984
485.63563563563565 0.30163182809171546
485.8858858858859 0.2997628274942385
486.13613613613614 0.2979093306766856
486.3863863863864 0.29607151523287556
486.63663663663664 0.2942495604657965
486.88688688688694 0.29244364739001566
487.1371371371372 0.2906539587325673
487.38738738738743 0.28888067893225855
487.6376376376377 0.2871239941373567
487.8878878878879 0.285384092201597
488.1381381381382 0.283661162678467
488.3883883883884 0.2819553968137143
488.63863863863867 0.28026698753602935
488.8888888888889 0.27859612944585344
489.13913913913916 0.27694301880226035
489.3893893893894 0.2753078535078648
489.63963963963965 0.2736908330917063
489.8898898898899 0.27209215869006087
490.14014014014015 0.27051203302513155
490.3903903903904 0.26895066038156973
490.64064064064064 0.2674082465807796
490.8908908908909 0.2658849989529599
491.14114114114113 0.26438112630683475
491.3913913913914 0.26289683889703014
491.6416416416416 0.26143234838904944
491.8918918918919 0.2599878678218053
492.1421421421421 0.25856361156766433
492.39239239239237 0.25715979528996247
492.6426426426426 0.2557766358979504
492.8928928928929 0.2544143514991287
493.14314314314316 0.2530731613489362
493.3933933933934 0.25175328579774814
493.64364364364366 0.2504549462351573
493.8938938938939 0.249178365031496
494.14414414414415 0.2479237654765684
494.3943943943944 0.2466913717155626
494.6446446446447 0.24548140868211143
494.89489489489495 0.24429410202847496
495.1451451451452 0.243129678052816
495.39539539539544 0.24198836362354742
495.6456456456457 0.24087038610072706
495.89589589589593 0.23977597325447986
496.1461461461462 0.23870535318042907
496.3963963963964 0.23765875421212115
496.6466466466467 0.23663640483042941
496.8968968968969 0.23563853356992576
497.14714714714717 0.23466536892221138
497.3973973973974 0.23371713923619955
497.64764764764766 0.23279407261534693
497.8978978978979 0.23189639681183144
498.14814814814815 0.23102433911767933
498.3983983983984 0.23017812625284426
498.64864864864865 0.22935798425024573
498.8988988988989 0.2285641383377782
499.14914914914914 0.22779681281730113
499.3993993993994 0.22705623094062932
499.64964964964963 0.22634261478253936
499.8998998998999 0.22565618511081711
500.1501501501501 0.22499716125336963
500.4004004004004 0.22436576096243277
500.6506506506507 0.2237622002759036
500.9009009009009 0.22318669337583652
501.15115115115117 0.2226394524441389
501.4014014014014 0.222120687515511
501.65165165165166 0.22163060632767598
501.9019019019019 0.22116941416894795
502.15215215215215 0.22073731372319372
502.40240240240246 0.2203345049122425
502.6526526526527 0.2199611847358075
502.90290290290295 0.21961754710897938
503.1531531531532 0.21930378269736372
503.40340340340344 0.219020078749932
503.6536536536537 0.21876661892966182
503.90390390390394 0.21854358314204625
504.1541541541542 0.2183511473615552
504.40440440440443 0.2181894834561355
504.6546546546547 0.21805875900984126
504.9049049049049 0.21795913714368725
505.15515515515517 0.21789077633482606
505.4054054054054 0.2178538302341487
505.65565565565566 0.21784844748241605
505.9059059059059 0.2178747715250304
506.15615615615616 0.21793294042556013
506.4064064064064 0.21802308667813391
506.65665665665665 0.2181453370188266
506.9069069069069 0.2182998122361596
507.15715715715714 0.21848662698084376
507.4074074074074 0.21870588957489673
507.65765765765764 0.21895770182026839
507.9079079079079 0.21924215880711317
508.15815815815813 0.2195593487218508
508.40840840840843 0.219909352655159
508.6586586586587 0.22029224441004763
508.9089089089089 0.22070809031016325
509.1591591591592 0.22115694900848
509.4094094094094 0.22163887129653148
509.65965965965967 0.22215389991434492
509.9099099099099 0.2227020693612393
510.16016016016016 0.2232834057076517
510.41041041041046 0.22389792640816064
510.6606606606607 0.2245456401158739
510.91091091091096 0.22522654649835605
511.1611611611612 0.2259406360552661
511.41141141141145 0.22668788993788397
511.6616616616617 0.2274682797707021
511.91191191191194 0.22828176747526308
512.1621621621622 0.22912830509642232
512.4124124124124 0.230007834631221
512.6626626626627 0.23092028786055008
512.9129129129129 0.23186558618379255
513.1631631631632 0.2328436404566277
513.4134134134134 0.233854350832185
513.6636636636637 0.2348976066057341
513.9139139139139 0.23597328606309786
514.1641641641642 0.23708125633297644
514.4144144144144 0.2382213732433695
514.6646646646647 0.2393934811822844
514.9149149149149 0.2405974129629161
515.1651651651651 0.24183298969348682
515.4154154154154 0.24310002065192876
515.6656656656656 0.24439830316559702
515.9159159159159 0.24572762249619365
516.1661661661662 0.24708775173008712
516.4164164164165 0.2484784516742032
516.6666666666667 0.24989947075767466
516.916916916917 0.25135054493941533
517.1671671671672 0.2528313976218004
517.4174174174175 0.2543417395706225
517.6676676676677 0.2558812688414925
517.917917917918 0.2574496707128515
518.1681681681682 0.25904661762575804
518.4184184184185 0.26067176913060874
518.6686686686687 0.26232477184095015
518.918918918919 0.26400525939453456
519.1691691691692 0.2657128524217664
519.4194194194195 0.2674471585216867
519.6696696696697 0.2692077722456329
519.91991991992 0.2709942750887113
520.1701701701702 0.272806235489212
520.4204204204204 0.27464320883609256
520.6706706706707 0.27650473748464954
520.9209209209209 0.27839035078049523
521.1711711711712 0.2802995650919462
521.4214214214214 0.28223188385092945
521.6716716716717 0.2841867976025029
521.9219219219219 0.2861637840630812
522.1721721721722 0.2881623081874525
522.4224224224224 0.2901818222446646
522.6726726726727 0.29222176590285176
522.9229229229229 0.2942815663230673
523.1731731731732 0.2963606382621799
523.4234234234234 0.29845838418488363
523.6736736736736 0.30057419438486566
523.9239239239239 0.3027074471151664
524.1741741741741 0.30485750872776146
524.4244244244244 0.30702373382238346
524.6746746746746 0.30920546540459903
524.9249249249249 0.311402035053142
525.1751751751751 0.3136127630965022
525.4254254254254 0.31583695879875484
525.6756756756756 0.31807392055461275
525.925925925926 0.3203229360936717
526.1761761761762 0.32258328269380615
526.4264264264265 0.3248542274036857
526.6766766766767 0.3271350272743354
526.926926926927 0.32942492959969494
527.1771771771772 0.3317231721660947
527.4274274274275 0.33402898351057453
527.6776776776777 0.3363415831879505
527.927927927928 0.3386601820465349
528.1781781781782 0.3409839825124023
528.4284284284284 0.343312178882084
528.6786786786787 0.3456439576235688
528.9289289289289 0.34797849768547584
529.1791791791792 0.3503149708142578
529.4294294294294 0.3526525418792837
529.6796796796797 0.3549903692056431
529.9299299299299 0.3573276049145038
530.1801801801802 0.3596633952708458
530.4304304304304 0.3619968810383895
530.6806806806807 0.36432719784152406
530.9309309309309 0.3666534765340346
531.1811811811812 0.36897484357442184
531.4314314314314 0.37129042140759505
531.6816816816818 0.3735993288527161
531.931931931932 0.3759006814969571
532.1821821821823 0.3781935920949465
532.4324324324325 0.38047717097363704
532.6826826826828 0.382750526442357
532.932932932933 0.3850127652077788
533.1831831831832 0.38726299279353676
533.4334334334335 0.38950031396422335
533.6836836836837 0.3917238331534798
533.933933933934 0.39393265489589935
534.1841841841842 0.3961258842624476
534.4344344344345 0.3983026272991049
534.6846846846847 0.40046199146842737
534.934934934935 0.40260308609371775
535.1851851851852 0.4047250228054956
535.4354354354355 0.4068269159899482
535.6856856856857 0.40890788323904104
535.935935935936 0.41096704580196447
536.1861861861862 0.4130035290375849
536.4364364364365 0.4150164628675711
536.6866866866867 0.41700498222985904
536.936936936937 0.4189682275321183
537.1871871871872 0.42090534510487887
537.4374374374374 0.4228154876539777
537.6876876876877 0.4246978147119795
537.9379379379379 0.4265514930882279
538.1881881881882 0.4283756973171794
538.4384384384384 0.4301696101046746
538.6886886886887 0.4319324227717976
538.9389389389389 0.4336633356959779
539.1891891891892 0.43536155874898597
539.4394394394394 0.4370263117314787
539.6896896896897 0.438656824803746
539.9399399399399 0.44025233891231874
540.1901901901902 0.4418121062120913
540.4404404404404 0.44333539048362347
540.6906906906906 0.44482146754527974
540.9409409409409 0.4462696256598748
541.1911911911911 0.44767916593549145
541.4414414414415 0.4490494027201431
541.6916916916917 0.4503796639899558
541.941941941942 0.45166929173055553
542.1921921921922 0.45291764231133463
542.4424424424425 0.45412408685229644
542.6926926926927 0.45528801158316756
542.942942942943 0.4564088181944793
543.1931931931932 0.457485924180325
543.4434434434435 0.4585187631725026
543.6936936936937 0.45950678526576577
543.943943943944 0.460449457333903
544.1941941941942 0.46134626333638334
544.4444444444445 0.4621967046153033
544.6946946946947 0.4630003001823864
544.944944944945 0.4637565869957885
545.1951951951952 0.4644651202264735
545.4454454454454 0.4651254735139322
545.6956956956957 0.4657372392110233
545.9459459459459 0.46630002861772885
546.1961961961962 0.4668134722036215
546.4464464464464 0.46727721981885273
546.6966966966967 0.46769094089347985
546.9469469469469 0.4680543246249607
547.1971971971973 0.46836708015365297
547.4474474474475 0.46862893672616635
547.6976976976978 0.4688396438464278
547.947947947948 0.46899897141432695
548.1981981981983 0.46910670985182296
548.4484484484485 0.4691626702164031
548.6986986986988 0.4691666843017942
548.948948948949 0.46911860472584066
549.1991991991993 0.46901830500547215
549.4494494494495 0.46886567961869613
549.6996996996997 0.4686606440535624
549.94994994995 0.4684031348440559
550.2002002002002 0.46809310959288875
550.4504504504505 0.4677305469811713
550.7007007007007 0.46731544676495373
550.950950950951 0.46684782975864386
551.2012012012012 0.46632773780531367
551.4514514514515 0.4657552337339235
551.7017017017017 0.4651304013035006
551.951951951952 0.46445334513432174
552.2022022022022 0.4637241906261609
552.4524524524525 0.462943083863674
552.7027027027027 0.46211019150900445
552.952952952953 0.46122570068170193
553.2032032032032 0.4602898188260627
553.4534534534534 0.45930277356600513
553.7037037037037 0.4582648125476089
553.9539539539539 0.457176203269455
554.2042042042042 0.4560372329009137
554.4544544544544 0.45484820808854076
554.7047047047047 0.4536094547507484
554.9549549549549 0.4523213178609301
555.2052052052052 0.4509841612192278
555.4554554554554 0.4495983672131377
555.7057057057057 0.44816433656716315
555.9559559559559 0.4466824880817297
556.2062062062062 0.44515325836158615
556.4564564564564 0.4435771015339272
556.7067067067067 0.4419544889564771
556.956956956957 0.4402859089157846
557.2072072072073 0.43857186631599065
557.4574574574575 0.4368128823583224
557.7077077077078 0.4350094942116014
557.957957957958 0.4331622546740331
558.2082082082082 0.43127173182656797
558.4584584584585 0.42933850867812595
558.7087087087087 0.4273631828029818
558.958958958959 0.4253463659706148
559.2092092092092 0.42328868376833273
559.4594594594595 0.4211907752169824
559.7097097097097 0.4190532923800673
559.95995995996 0.41687689996659416
560.2102102102102 0.4146622749279756
560.4604604604605 0.41241010604931966
560.7107107107107 0.4101210935354395
560.960960960961 0.4077959485919217
561.2112112112112 0.40543539300159037
561.4614614614615 0.40304015869671056
561.7117117117117 0.40061098732727346
561.961961961962 0.3981486298257096
562.2122122122122 0.39565384596837466
562.4624624624624 0.3931274039341568
562.7127127127128 0.3905700798605507
562.962962962963 0.38798265739755367
563.2132132132133 0.3853659272597133
563.4634634634635 0.38272068677669785
563.7137137137138 0.38004773944271636
563.963963963964 0.37734789446514216
564.2142142142143 0.37462196631268047
564.4644644644645 0.3718707742634212
564.7147147147148 0.36909514195311754
564.964964964965 0.3662958969240253
565.2152152152153 0.36347387017463667
565.4654654654655 0.3606298957106401
565.7157157157158 0.3577648100974316
565.965965965966 0.354879452014502
566.2162162162163 0.3519746618120174
566.4664664664665 0.3490512810699093
566.7167167167167 0.3461101521597833
566.966966966967 0.3431521178099515
567.2172172172172 0.3401780206738883
567.4674674674675 0.3371887029024044
567.7177177177177 0.3341850057198278
567.967967967968 0.33116776900447314
568.2182182182182 0.3281378308736776
568.4684684684685 0.32509602727367276
568.7187187187187 0.3220431915745556
568.968968968969 0.31898015417061587
569.2192192192192 0.3159077420862696
569.4694694694695 0.3128267785878405
569.7197197197197 0.3097380828014254
569.96996996997 0.30664246933707034
570.2202202202202 0.3035407479194782
570.4704704704704 0.3004337230254591
570.7207207207207 0.297322193528328
570.9709709709709 0.29420695234944544
571.2212212212212 0.2910887861170899
571.4714714714714 0.2879684748328396
571.7217217217217 0.28484679154563736
571.9719719719719 0.2817245020336976
572.2222222222222 0.2786023644944137
572.4724724724725 0.2754811292424062
572.7227227227228 0.27236153841585853
572.972972972973 0.2692443256912476
573.2232232232233 0.26613021600661557
573.4734734734735 0.2630199252934726
573.7237237237238 0.2599141602174415
573.973973973974 0.2568136179277341
574.2242242242243 0.2537189858155457
574.4744744744745 0.2506309412814404
574.7247247247248 0.24755015151179705
574.974974974975 0.2444772732643702
575.2252252252252 0.24141295266301918
575.4754754754755 0.23835782500164274
575.7257257257257 0.23531251455735355
575.975975975976 0.23227763441291566
576.2262262262262 0.22925378628846
576.4764764764765 0.22624156038248544
576.7267267267267 0.22324153522214468
576.976976976977 0.22025427752280455
577.2272272272272 0.21728034205686517
577.4774774774775 0.21432027153181216
577.7277277277277 0.21137459647746903
577.977977977978 0.20844383514241033
578.2282282282283 0.20552849339948598
578.4784784784786 0.20262906466041006
578.7287287287288 0.19974602979933148
578.9789789789791 0.19687985708534536
579.2292292292293 0.19403100212384783
579.4794794794796 0.19119990780666066
579.7297297297298 0.1883870042708355
579.97997997998 0.1855927088660418
580.2302302302303 0.18281742613043792
580.4804804804805 0.18006154777491773
580.7307307307308 0.1773254526756201
580.980980980981 0.17460950687458257
581.2312312312313 0.17191406358841585
581.4814814814815 0.16923946322486985
581.7317317317318 0.16658603340715822
581.981981981982 0.1639540890059021
582.2322322322323 0.1613439321785511
582.4824824824825 0.1587558524161335
582.7327327327328 0.15619012659718515
582.982982982983 0.15364701904870162
583.2332332332332 0.15112678161395515
583.4834834834835 0.14862965372701353
583.7337337337337 0.14615586249379758
583.983983983984 0.14370562277950605
584.2342342342342 0.14127913730223962
584.4844844844845 0.13887659673264915
584.7347347347347 0.1364981797994319
584.984984984985 0.13414405340049868
585.2352352352352 0.1318143727196317
585.4854854854855 0.12950928134845086
585.7357357357357 0.12722891141350634
585.985985985986 0.12497338370831247
586.2362362362362 0.1227428078301376
586.4864864864865 0.12053728232136374
586.7367367367367 0.1183568948152289
586.986986986987 0.11620172218576492
587.2372372372372 0.11407183070174244
587.4874874874874 0.11196727618443596
587.7377377377377 0.109888104169021
587.987987987988 0.10783435006941465
588.2382382382383 0.10580603934637874
588.4884884884885 0.10380318767868504
588.7387387387388 0.10182580113717567
588.988988988989 0.09987387636152023
589.2392392392393 0.09794740073949222
589.4894894894895 0.0960463525885812
589.7397397397398 0.09417070133976062
589.98998998999 0.09232040772323243
590.2402402402403 0.09049542395597082
590.4904904904905 0.0886956939308902
590.7407407407408 0.08692115340746434
590.990990990991 0.08517173020362503
591.2412412412413 0.08344734438877227
591.4914914914915 0.08174790847772904
591.7417417417417 0.0800733276254772
591.991991991992 0.07842349982251333
592.2422422422422 0.07679831609066616
592.4924924924925 0.07519766067921986
592.7427427427427 0.07362141126119096
592.992992992993 0.0720694391296091
593.2432432432432 0.07054160939365532
593.4934934934935 0.0690377811745148
593.7437437437438 0.06755780780080313
593.9939939939941 0.06610153700343398
594.2442442442443 0.06466881110978469
594.4944944944946 0.06325946723704359
594.7447447447448 0.06187333748460296
594.9949949949951 0.06051024912537877
595.2452452452453 0.05917002479593777
595.4954954954956 0.05785248268531694
595.7457457457458 0.056557436722422805
595.995995995996 0.05528469676190383
596.2462462462463 0.05403406876839069
596.4964964964965 0.052805354999004836
596.7467467467468 0.051598354184038304
596.996996996997 0.05041286170571191
597.2472472472473 0.04924866977492321
597.4974974974975 0.04810556760589846
597.7477477477478 0.046983341588667196
597.997997997998 0.04588177545928242
598.2482482482483 0.04480065046771139
598.4984984984985 0.043739745543327734
598.7487487487488 0.04269883745793829
598.998998998999 0.041677700986281464
599.2492492492493 0.04067610906393897
599.4994994994995 0.03969383294260472
599.7497497497498 0.038730642342659834
600.0 0.03778630560300514
