350.0 0.6592406302004438
350.25025025025025 0.6619890481951796
350.5005005005005 0.664735047996607
350.75075075075074 0.6674785046913895
351.001001001001 0.6702192930089386
351.25125125125123 0.6729572873304214
351.5015015015015 0.6756923616978405
351.7517517517517 0.6784243898231881
352.00200200200203 0.6811532450976707
352.2522522522523 0.6838788006010036
352.5025025025025 0.6866009291107803
352.75275275275277 0.6893195031119053
353.003003003003 0.6920343948060982
353.25325325325326 0.6947454761214646
353.5035035035035 0.6974526187221338
353.75375375375376 0.7001556940179609
354.004004004004 0.7028545731742942
354.25425425425425 0.7055491271218067
354.5045045045045 0.7082392265663884
354.75475475475474 0.7109247419991015
355.005005005005 0.7136055437061962
355.25525525525524 0.7162815017791854
355.5055055055055 0.7189524861249771
355.75575575575573 0.7216183664760669
356.00600600600603 0.724279012400784
356.2562562562563 0.7269342933135922
356.5065065065065 0.7295840784854498
356.7567567567568 0.7322282370542166
357.007007007007 0.7348666380351163
357.25725725725727 0.7374991503312488
357.5075075075075 0.7401256427441526
357.75775775775776 0.7427459839844153
358.008008008008 0.7453600426823317
358.25825825825825 0.7479676873986085
358.5085085085085 0.7505687866351133
358.75875875875874 0.7531632088456681
359.009009009009 0.7557508224468854
359.25925925925924 0.7583314958290455
359.5095095095095 0.7609050973670141
359.75975975975973 0.7634714954311991
360.01001001001003 0.7660305583985456
360.2602602602603 0.7685821546635645
360.5105105105105 0.7711261526494023
360.7607607607608 0.7736624208189389
361.011011011011 0.7761908276859207
361.26126126126127 0.7787112418261257
361.5115115115115 0.7812235318885573
361.76176176176176 0.7837275666066678
362.012012012012 0.7862232148096089
362.26226226226225 0.7887103454335092
362.5125125125125 0.7911888275327751
362.76276276276275 0.7936585302914168
363.013013013013 0.7961193230343951
363.26326326326324 0.7985710752389903
363.5135135135135 0.8010136565461894
363.7637637637638 0.8034469367720926
364.01401401401404 0.805870785919333
364.2642642642643 0.8082850741885187
364.51451451451453 0.8106896719896813
364.7647647647648 0.8130844499537415
365.015015015015 0.8154692789439837
365.26526526526527 0.8178440300675417
365.5155155155155 0.8202085746868915
365.76576576576576 0.8225627844313524
366.016016016016 0.8249065312085925
366.26626626626626 0.8272396872161378
366.5165165165165 0.8295621249528858
366.76676676676675 0.8318737172306184
367.017017017017 0.8341743371855157
367.26726726726724 0.8364638582896673
367.5175175175175 0.8387421543625813
367.7677677677678 0.8410090995826879
368.01801801801804 0.8432645684988365
368.2682682682683 0.845508436041788
368.51851851851853 0.8477405775356945
368.7687687687688 0.849960868709571
369.019019019019 0.852169185708754
369.2692692692693 0.8543654051063474
369.5195195195195 0.8565494039146532
369.76976976976977 0.8587210595965857
370.02002002002 0.8608802500770691
370.27027027027026 0.8630268537544138
370.5205205205205 0.8651607495116733
370.77077077077075 0.8672818167279795
371.021021021021 0.8693899352898523
371.2712712712713 0.8714849856024861
371.52152152152155 0.8735668486010074
371.7717717717718 0.8756354057617072
372.02202202202204 0.8776905391132412
372.2722722722723 0.8797321312478006
372.52252252252254 0.8817600653322485
372.7727727727728 0.8837742251192244
373.02302302302303 0.8857744949582123
373.2732732732733 0.8877607598065707
373.5235235235235 0.8897329052405262
373.77377377377377 0.891690817466126
374.024024024024 0.8936343833301491
374.27427427427426 0.8955634903309749
374.5245245245245 0.8974780266294073
374.77477477477476 0.8993778810594537
375.025025025025 0.9012629431390554
375.27527527527525 0.9031331030807712
375.52552552552555 0.9049882518024104
375.7757757757758 0.9068282809376113
376.02602602602605 0.9086530828463729
376.2762762762763 0.9104625506255266
376.52652652652654 0.9122565781191545
376.7767767767768 0.9140350599289504
377.02702702702703 0.915797891424522
377.2772772772773 0.9175449687536323
377.5275275275275 0.9192761888523817
377.77777777777777 0.9209914494553243
378.028028028028 0.9226906491055225
378.27827827827826 0.9243736871645344
378.5285285285285 0.9260404638223355
378.77877877877876 0.9276908801071712
379.02902902902906 0.9293248378953393
379.2792792792793 0.9309422399209019
379.52952952952955 0.9325429897853259
379.7797797797798 0.9341269919670484
380.03003003003005 0.9356941518309668
380.2802802802803 0.937244375637854
380.53053053053054 0.9387775705536943
380.7807807807808 0.9402936446589416
381.03103103103103 0.9417925069576969
381.2812812812813 0.9432740673868035
381.5315315315315 0.9447382368248606
381.7817817817818 0.9461849271011518
382.032032032032 0.947614051004489
382.28228228228227 0.9490255222919689
382.5325325325325 0.9504192556976425
382.78278278278276 0.951795166941095
383.033033033033 0.9531531727359355
383.2832832832833 0.954493190798196
383.53353353353356 0.9558151398546358
383.7837837837838 0.9571189396509555
384.03403403403405 0.9584045109599119
384.2842842842843 0.9596717755893405
384.53453453453454 0.9609206563900778
384.7847847847848 0.962151077263788
385.03503503503504 0.9633629631706868
385.2852852852853 0.964556240137169
385.53553553553553 0.9657308352633299
385.7857857857858 0.966886676730387
386.036036036036 0.9680236938079971
386.28628628628627 0.9691418168614683
386.5365365365365 0.9702409773588657
386.7867867867868 0.9713211078780121
387.03703703703707 0.9723821421133777
387.2872872872873 0.9734240148828645
387.53753753753756 0.974446662134478
387.7877877877878 0.9754500209528897
388.03803803803805 0.976434029565887
388.2882882882883 0.9773986273507111
388.53853853853855 0.9783437548402809
388.7887887887888 0.9792693537293026
389.03903903903904 0.9801753668802635
389.2892892892893 0.9810617383293109
389.53953953953953 0.9819284132920121
389.7897897897898 0.9827753381689978
390.04004004004 0.983602460551487
390.2902902902903 0.984409729226691
390.5405405405405 0.9851970941830983
390.79079079079077 0.9859645066156382
391.04104104104107 0.986711918930723
391.2912912912913 0.9874392847511658
391.54154154154156 0.9881465589209785
391.7917917917918 0.988833697510042
392.04204204204206 0.9895006578186555
392.2922922922923 0.9901473983819568
392.54254254254255 0.9907738789742203
392.7927927927928 0.9913800606130259
393.04304304304304 0.9919659055633016
393.2932932932933 0.9925313773412393
393.54354354354354 0.9930764407180805
393.7937937937938 0.9936010617237749
394.044044044044 0.9941052076505086
394.2942942942943 0.9945888470561022
394.5445445445446 0.9950519497672801
394.7947947947948 0.9954944868828068
395.0450450450451 0.9959164307764942
395.2952952952953 0.9963177551000743
395.54554554554556 0.9966984347859431
395.7957957957958 0.9970584460497693
396.04604604604606 0.997397766392971
396.2962962962963 0.9977163746050588
396.54654654654655 0.9980142507658468
396.7967967967968 0.9982913762475267
397.04704704704704 0.9985477337166107
397.2972972972973 0.9987833071357375
397.54754754754754 0.9989980817653451
397.7977977977978 0.9991920441652072
398.04804804804803 0.9993651821958359
398.2982982982983 0.999517485019747
398.5485485485485 0.9996489431025914
398.7987987987988 0.9997595482141499
399.0490490490491 0.999849293429191
399.2992992992993 0.9999181731281952
399.54954954954957 0.99996618299794
399.7997997997998 0.9999933200319513
400.05005005005006 0.9999995825308163
400.3003003003003 0.9999849701023616
400.55055055055055 0.999949483661694
400.8008008008008 0.9998931254311045
401.05105105105105 0.9998158989398375
401.3013013013013 0.9997178090237213
401.55155155155154 0.9995988618246646
401.8018018018018 0.9994590647900153
402.05205205205203 0.9992984266717826
402.30230230230234 0.9991169575257253
402.5525525525526 0.9989146687103017
402.80280280280283 0.9986915728854853
403.0530530530531 0.9984476840114445
403.3033033033033 0.9981830173470861
403.55355355355357 0.9978975894484655
403.8038038038038 0.9975914181670597
404.05405405405406 0.9972645226479071
404.3043043043043 0.9969169233276126
404.55455455455456 0.9965486419322179
404.8048048048048 0.996159701474939
405.05505505505505 0.9957501262537694
405.3053053053053 0.9953199418489499
405.55555555555554 0.9948691751203074
405.8058058058058 0.9943978542044588
406.05605605605604 0.9939060085118848
406.3063063063063 0.9933936687238715
406.5565565565566 0.9928608667893204
406.80680680680683 0.992307635921429
407.0570570570571 0.9917340105942399
407.3073073073073 0.9911400265390612
407.5575575575576 0.9905257207407571
407.8078078078078 0.9898911314339104
408.05805805805807 0.9892362980988567
408.3083083083083 0.9885612614575916
408.55855855855856 0.98786606346955
408.8088088088088 0.98715074732726
409.05905905905905 0.9864153574518718
409.3093093093093 0.9856599394885596
409.55955955955955 0.984884540301801
409.8098098098098 0.9840892079705326
410.0600600600601 0.9832739917831814
410.31031031031034 0.9824389422325762
410.5605605605606 0.9815841110107351
410.81081081081084 0.9807095510035337
411.0610610610611 0.979815316285254
411.31131131131133 0.978901462113012
411.5615615615616 0.9779680449210697
411.8118118118118 0.9770151223150272
412.06206206206207 0.9760427530658995
412.3123123123123 0.9750509971040772
412.56256256256256 0.9740399155131719
412.8128128128128 0.9730095705237487
413.06306306306305 0.9719600255069435
413.3133133133133 0.9708913449679705
413.56356356356355 0.9698035945395161
413.8138138138138 0.9686968409750247
414.06406406406404 0.9675711521418734
414.3143143143143 0.966426597014439
414.5645645645646 0.9652632456670575
414.81481481481484 0.9640811692668781
415.0650650650651 0.9628804400666103
415.31531531531533 0.961661131397167
415.5655655655656 0.9604233176602063
415.8158158158158 0.959167074320568
416.06606606606607 0.9578924778986123
416.3163163163163 0.9565996059624554
416.56656656656656 0.9552885371201086
416.8168168168168 0.9539593510115185
417.06706706706706 0.9526121283005106
417.3173173173173 0.9512469506666374
417.5675675675676 0.9498639007969334
417.81781781781785 0.9484630623775756
418.0680680680681 0.9470445200854515
418.31831831831835 0.9456083595796386
418.5685685685686 0.9441546674927925
418.81881881881884 0.9426835314224474
419.0690690690691 0.9411950399222296
419.31931931931933 0.9396892824929849
419.5695695695696 0.9381663495738213
419.8198198198198 0.9366263325330696
420.0700700700701 0.9350693236591601
420.3203203203203 0.9334954161514201
420.57057057057057 0.9319047041107917
420.8208208208208 0.9302972825304711
421.07107107107106 0.9286732472864712
421.3213213213213 0.9270326951281094
421.57157157157155 0.9253757236684202
421.8218218218218 0.923702431374497
422.07207207207205 0.9220129175577597
422.32232232232235 0.9203072823641548
422.5725725725726 0.9185856267642867
422.82282282282284 0.9168480525434793
423.0730730730731 0.9150946622917752
423.32332332332334 0.9133255593938676
423.5735735735736 0.9115408480189718
423.82382382382383 0.9097406331106328
424.0740740740741 0.9079250203764742
424.3243243243243 0.9060941162778878
424.57457457457457 0.9042480280196666
424.8248248248248 0.9023868635395811
425.07507507507506 0.9005107314979018
425.32532532532537 0.8986197412668688
425.5755755755756 0.8967140029201115
425.82582582582586 0.8947936272220142
426.0760760760761 0.8928587256170377
426.32632632632635 0.8909094102189928
426.5765765765766 0.888945793800267
426.82682682682685 0.886967989781008
427.0770770770771 0.8849761122182669
427.32732732732734 0.8829702757950963
427.5775775775776 0.8809505958096141
427.82782782782783 0.8789171881640245
428.0780780780781 0.876870169353607
428.3283283283283 0.874809656455668
428.5785785785786 0.8727357671184606
428.8288288288288 0.8706486195500719
429.07907907907907 0.8685483325072814
429.3293293293293 0.8664350252843893
429.57957957957956 0.8643088177020196
429.8298298298298 0.8621698300958968
430.08008008008005 0.8600181833055989
430.33033033033036 0.8578539986632886
430.5805805805806 0.855677397982425
430.83083083083085 0.8534885035464524
431.0810810810811 0.8512874380974771
431.33133133133134 0.8490743248249233
431.5815815815816 0.8468492873541793
431.83183183183183 0.8446124497352278
432.0820820820821 0.8423639364312662
432.3323323323323 0.8401038723073186
432.5825825825826 0.8378323826188386
432.8328328328328 0.8355495930003065
433.0830830830831 0.8332556294538218
433.33333333333337 0.830950618337695
433.5835835835836 0.8286346863550333
433.83383383383386 0.8263079605423315
434.0840840840841 0.8239705682580625
434.33433433433436 0.8216226371712725
434.5845845845846 0.8192642952501803
434.83483483483485 0.8168956707507854
435.0850850850851 0.8145168922054828
435.33533533533534 0.8121280884116895
435.5855855855856 0.8097293884204823
435.83583583583584 0.8073209215252493
436.0860860860861 0.8049028172503566
436.33633633633633 0.8024752053398327
436.5865865865866 0.8000382157460708
436.8368368368368 0.7975919786185507
437.08708708708707 0.7951366242925849
437.3373373373373 0.7926722832780863
437.58758758758756 0.790199086248362
437.8378378378378 0.7877171640289348
438.0880880880881 0.7852266475863919
438.33833833833836 0.7827276680172676
438.5885885885886 0.7802203565369521
438.83883883883885 0.7777048444686406
439.0890890890891 0.7751812632323144
439.33933933933935 0.7726497443337597
439.5895895895896 0.7701104193536269
439.83983983983984 0.7675634199365297
440.0900900900901 0.7650088777801863
440.34034034034033 0.7624469246246063
440.5905905905906 0.7598776922413223
440.8408408408409 0.7573013124226693
441.09109109109113 0.7547179169711173
441.3413413413414 0.7521276376886477
441.5915915915916 0.7495306063661904
441.84184184184187 0.7469269547731121
442.0920920920921 0.7443168146467611
442.34234234234236 0.7417003176820731
442.5925925925926 0.7390775955212334
442.84284284284286 0.7364487797434052
443.0930930930931 0.733814001854519
443.34334334334335 0.7311733932771292
443.5935935935936 0.7285270853403373
443.84384384384384 0.7258752092697855
444.0940940940941 0.7232178961777207
444.34434434434434 0.7205552770531319
444.5945945945946 0.7178874827519629
444.84484484484483 0.7152146439874011
445.0950950950951 0.7125368913202459
445.3453453453453 0.7098543551493566
445.59559559559557 0.7071671657021844
445.8458458458459 0.7044754530253864
446.0960960960961 0.7017793469755301
446.34634634634637 0.6990789772098804
446.5965965965966 0.6963744731772813
446.84684684684686 0.6936659641091284
447.0970970970971 0.6909535790104351
447.34734734734735 0.6882374466509953
447.5975975975976 0.6855176955566441
447.84784784784785 0.6827944540006184
448.0980980980981 0.6800678499950193
448.34834834834834 0.6773380112823791
448.59859859859864 0.6746050653273336
448.8488488488489 0.671869139308405
449.09909909909913 0.6691303601098897
449.3493493493494 0.6663888543138637
449.5995995995996 0.6636447481922992
449.8498498498499 0.6608981676992987
450.1001001001001 0.658149238463447
450.35035035035037 0.6553980857802835
450.6006006006006 0.652644834604898
450.85085085085086 0.64988960954465
451.1011011011011 0.6471325348520163
451.35135135135135 0.6443737344175654
451.6016016016016 0.6416133317630655
451.85185185185185 0.6388514500347238
452.1021021021021 0.6360882119965625
452.35235235235234 0.6333237400239315
452.6026026026026 0.6305581560971611
452.85285285285283 0.6277915817953572
453.1031031031031 0.6250241382903395
453.3533533533533 0.6222559463407277
453.60360360360363 0.6194871262861734
453.8538538538539 0.616717798041748
454.1041041041041 0.6139480810924761
454.35435435435437 0.6111780944880307
454.6046046046046 0.6084079568375822
454.85485485485486 0.6056377863048088
455.1051051051051 0.6028677006030676
455.35535535535536 0.6000978169907297
455.6056056056056 0.5973282522666828
455.85585585585585 0.594559122766002
456.1061061061061 0.5917905443557896
456.3563563563564 0.5890226324311898
456.60660660660665 0.5862555019115803
456.8568568568569 0.5834892672369352
457.10710710710714 0.5807240423643737
457.3573573573574 0.5779599407648882
457.60760760760763 0.5751970754202562
457.8578578578579 0.5724355588201381
458.1081081081081 0.569675502959365
458.3583583583584 0.5669170193354143
458.6086086086086 0.5641602189460806
458.85885885885887 0.5614052122873395
459.1091091091091 0.5586521093514089
459.35935935935936 0.5559010196250084
459.6096096096096 0.5531520520878211
459.85985985985985 0.5504053152111563
460.1101101101101 0.5476609169568187
460.36036036036035 0.5449189647761831
460.6106106106106 0.5421795656094789
460.86086086086084 0.5394428258852846
461.1111111111111 0.5367088515202347
461.3613613613614 0.5339777479189403
461.61161161161164 0.5312496199741283
461.8618618618619 0.5285245720669935
462.11211211211213 0.5258027080677738
462.3623623623624 0.5230841313365451
462.6126126126126 0.5203689447242386
462.86286286286287 0.5176572505738817
463.1131131131131 0.5149491507220638
463.36336336336336 0.5122447465006303
463.6136136136136 0.5095441387386025
463.86386386386386 0.5068474277643267
464.11411411411416 0.5041547134078547
464.3643643643644 0.501466095003556
464.61461461461465 0.4987816713929575
464.8648648648649 0.49610154092782127
465.11511511511515 0.49342580147345355
465.3653653653654 0.4907545504122483
465.61561561561564 0.48808788464746466
465.8658658658659 0.4854259006072411
466.11611611611613 0.4827686942488441
466.3663663663664 0.48011636106315186
466.6166166166166 0.4774689960793751
466.86686686686687 0.47482669387001203
467.1171171171171 0.4721895485560399
467.36736736736736 0.4695576538123402
467.6176176176176 0.4669311028733601
467.86786786786786 0.4643099885390057
468.1181181181181 0.4616944031807699
468.36836836836835 0.45908443874809174
468.6186186186186 0.45648018677494656
468.86886886886884 0.4538817383866663
469.11911911911915 0.45128918430698634
469.3693693693694 0.4487026148653228
469.61961961961964 0.44612212000426793
469.8698698698699 0.44354778928731414
470.12012012012013 0.44097971190679547
470.3703703703704 0.43841797669204713
470.6206206206206 0.4358626721177806
470.8708708708709 0.43331388631267065
471.1211211211211 0.4307717070681516
471.37137137137137 0.42823622184741983
471.6216216216216 0.42570751779463806
471.8718718718719 0.42318568174433696
472.12212212212216 0.42067080023101555
472.3723723723724 0.4181629594989247
472.62262262262266 0.41566224551204156
472.8728728728729 0.4131687439642233
473.12312312312315 0.41068254028953555
473.3733733733734 0.40820371967275143
473.62362362362364 0.40573236706001564
473.8738738738739 0.4032685671696665
474.12412412412414 0.4008124045032107
474.3743743743744 0.3983639633564441
474.62462462462463 0.3959233278307112
474.8748748748749 0.3934905818442968
475.1251251251251 0.3910658091439424
475.37537537537537 0.3886490933164792
475.6256256256256 0.3862405178005695
475.87587587587586 0.3838401658985498
476.1261261261261 0.38144812078836393
476.37637637637636 0.37906446553558
476.6266266266266 0.3766892831054807
476.8768768768769 0.37432265637521633
477.12712712712715 0.3719646681460145
477.3773773773774 0.36961540115542724
477.62762762762765 0.36727493808961736
477.8778778778779 0.3649433615956624
478.12812812812814 0.3626207542938702
478.3783783783784 0.3603071987900925
478.62862862862863 0.35800277768802546
478.8788788788789 0.3557075736014837
479.1291291291292 0.3534216691666356
479.37937937937943 0.35114514705418887
479.6296296296297 0.3488780899815061
479.8798798798799 0.3466205807246458
480.13013013013017 0.3443727021303083
480.3803803803804 0.34213453712767405
480.63063063063066 0.33990616874011886
480.8808808808809 0.3376876800967927
481.13113113113116 0.33547915444404325
481.3813813813814 0.3332806751566727
481.63163163163165 0.3310923257490074
481.8818818818819 0.3289141898857663
482.13213213213214 0.32674635139271135
482.3823823823824 0.3245888942670613
482.63263263263264 0.3224419026876531
482.8828828828829 0.3203054610248322
483.13313313313313 0.31817965385005353
483.3833833833834 0.31606456594517607
483.6336336336336 0.31396028231143075
483.88388388388387 0.31186688817804475
484.1341341341341 0.30978446901050083
484.38438438438436 0.3077131105184147
484.6346346346346 0.30565289866300893
484.88488488488485 0.3036039196641643
485.13513513513516 0.30156626000702913
485.3853853853854 0.2995400064481664
485.63563563563565 0.29752524602121505
485.8858858858859 0.2955220660420497
486.13613613613614 0.29353055411341633
486.3863863863864 0.2915507981290202
486.63663663663664 0.28958288627704903
486.88688688688694 0.2876269070431073
487.1371371371372 0.2856829492125449
487.38738738738743 0.28375110187214914
487.6376376376377 0.28183145441119206
487.8878878878879 0.279924096521801
488.1381381381382 0.27802911819863585
488.3883883883884 0.27614660973785027
488.63863863863867 0.2742766617353163
488.8888888888889 0.27241936508408987
489.13913913913916 0.2705748109710966
489.3893893893894 0.2687430908730174
489.63963963963965 0.2669242965513509
489.8898898898899 0.2651185200466341
490.14014014014015 0.26332585367179834
490.3903903903904 0.2615463900046421
490.64064064064064 0.25978022187939764
490.8908908908909 0.25802744237737507
491.14114114114113 0.25628814481665946
491.3913913913914 0.25456242274084623
491.6416416416416 0.25285036990679105
491.8918918918919 0.25115208027135943
492.1421421421421 0.2494676479771548
492.39239239239237 0.24779716733720752
492.6426426426426 0.24614073281860865
492.8928928928929 0.2444984390250693
493.14314314314316 0.2428703806783919
493.3933933933934 0.24125665259883117
493.64364364364366 0.23965734968433816
493.8938938938939 0.23807256688866507
494.14414414414415 0.23650239919831934
494.3943943943944 0.23494694160835372
494.6446446446447 0.2334062890969786
494.89489489489495 0.23188053659898555
495.1451451451452 0.23036977897796737
495.39539539539544 0.22887411099732877
495.6456456456457 0.22739362729007412
495.89589589589593 0.22592842232736515
496.1461461461462 0.22447859038583934
496.3963963963964 0.22304422551368266
496.6466466466467 0.22162542149545056
496.8968968968969 0.22022227181563078
497.14714714714717 0.21883486962094525
497.3973973973974 0.21746330768138697
497.64764764764766 0.21610767834998998
497.8978978978979 0.21476807352133148
498.14814814814815 0.21344458458876656
498.3983983983984 0.21213730240039613
498.64864864864865 0.21084631721377112
498.8988988988989 0.20957171864933696
499.14914914914914 0.20831359564262203
499.3993993993994 0.20707203639517852
499.64964964964963 0.20584712832428093
499.8998998998999 0.20463895801139284
500.1501501501501 0.20344761114941134
500.4004004004004 0.2022731724887014
500.6506506506507 0.20111572578193218
500.9009009009009 0.19997535372773206
501.15115115115117 0.19885213791317416
501.4014014014014 0.19774615875511448
501.65165165165166 0.19665749544039893
501.9019019019019 0.19558622586495936
502.15215215215215 0.19453242657182204
502.40240240240246 0.1934961726880501
502.6526526526527 0.19247753786064814
502.90290290290295 0.1914765941914499
503.1531531531532 0.19049341217102395
503.40340340340344 0.18952806061162183
503.6536536536537 0.1885806065792022
503.90390390390394 0.18765111532456333
504.1541541541542 0.18673965021361838
504.40440440440443 0.18584627265684944
504.6546546546547 0.18497104203797843
504.9049049049049 0.18411401564189273
505.15515515515517 0.18327524858186844
505.4054054054054 0.18245479372613144
505.65565565565566 0.1816527016238016
505.9059059059059 0.18086902043026548
506.15615615615616 0.18010379583202427
506.4064064064064 0.17935707097106532
506.65665665665665 0.17862888636880836
506.9069069069069 0.1779192798496773
507.15715715715714 0.17722828646435063
507.4074074074074 0.17655593841274622
507.65765765765764 0.17590226496679445
507.9079079079079 0.17526729239305966
508.15815815815813 0.1746510438752668
508.40840840840843 0.1740535394367944
508.6586586586587 0.17347479586319606
508.9089089089089 0.17291482662481059
509.1591591591592 0.17237364179952935
509.4094094094094 0.17185124799578172
509.65965965965967 0.17134764827580812
509.9099099099099 0.17086284207928704
510.16016016016016 0.17039682514738452
510.41041041041046 0.16994958944729716
510.6606606606607 0.16952112309735817
510.91091091091096 0.1691114102927782
511.1611611611612 0.16872043123209463
511.41141141141145 0.16834816204440178
511.6616616616617 0.16799457471743626
511.91191191191194 0.16765963702659303
512.1621621621622 0.1673433124649465
512.4124124124124 0.16704556017435465
512.6626626626627 0.16676633487772052
512.9129129129129 0.1665055868124904
513.1631631631632 0.16626326166546423
513.4134134134134 0.16603930050899765
513.6636636636637 0.16583363973867252
513.9139139139139 0.16564621101251464
514.1641641641642 0.16547694119183667
514.4144144144144 0.16532575228378474
514.6646646646647 0.1651925613856671
514.9149149149149 0.16507728063114155
515.1651651651651 0.16497981713834203
515.4154154154154 0.1649000729600183
515.6656656656656 0.16483794503576948
515.9159159159159 0.16479332514644496
516.1661661661662 0.16476609987079052
516.4164164164165 0.1647561505444143
516.6666666666667 0.16476335322114694
516.916916916917 0.16478757863687038
517.1671671671672 0.1648286921758873
517.4174174174175 0.16488655383990353
517.6676676676677 0.16496101821969367
517.917917917918 0.16505193446951966
518.1681681681682 0.1651591462843705
518.4184184184185 0.1652824918800893
518.6686686686687 0.16542180397645387
518.918918918919 0.16557690978327394
519.1691691691692 0.16574763098956696
519.4194194194195 0.16593378375587375
519.6696696696697 0.16613517870977107
519.91991991992 0.166351620944639
520.1701701701702 0.16658291002173709
520.4204204204204 0.16682883997564146
520.6706706706707 0.16708919932309396
520.9209209209209 0.1673637710753107
521.1711711711712 0.16765233275379574
521.4214214214214 0.16795465640970364
521.6716716716717 0.16827050864679105
521.9219219219219 0.16859965064799556
522.1721721721722 0.16894183820567804
522.4224224224224 0.16929682175555988
522.6726726726727 0.169664346414386
522.9229229229229 0.17004415202134093
523.1731731731732 0.17043597318324094
523.4234234234234 0.17083953932352414
523.6736736736736 0.1712545747350565
523.9239239239239 0.17168079863676833
524.1741741741741 0.172117925234133
524.4244244244244 0.1725656637834964
524.6746746746746 0.17302371866026217
524.9249249249249 0.17349178943093427
525.1751751751751 0.17396957092901555
525.4254254254254 0.17445675333475708
525.6756756756756 0.17495302225874937
525.925925925926 0.17545805882934418
526.1761761761762 0.17597153978388924
526.4264264264265 0.17649313756376078
526.6766766766767 0.17702252041316574
526.926926926927 0.17755935248169116
527.1771771771772 0.1781032939305689
527.4274274274275 0.17865400104262266
527.6776776776777 0.17921112633585912
527.927927927928 0.17977431868066274
528.1781781781782 0.1803432234205496
528.4284284284284 0.18091748249643053
528.6786786786787 0.18149673457433352
528.9289289289289 0.18208061517652757
529.1791791791792 0.18266875681599037
529.4294294294294 0.18326078913415517
529.6796796796797 0.1838563390418717
529.9299299299299 0.18445503086351042
530.1801801801802 0.1850564864841356
530.4304304304304 0.18566032549967187
530.6806806806807 0.18626616536998206
530.9309309309309 0.18687362157477255
531.1811811811812 0.18748230777224
531.4314314314314 0.188091835960367
531.6816816816818 0.18870181664077412
531.931931931932 0.1893118589850297
532.1821821821823 0.18992157100332052
532.4324324324325 0.1905305597153756
532.6826826826828 0.19113843132353997
532.932932932933 0.19174479138788902
533.1831831831832 0.19234924500327036
533.4334334334335 0.19295139697815997
533.6836836836837 0.1935508520152145
533.933933933934 0.1941472148934007
534.1841841841842 0.19474009065157893
534.4344344344345 0.1953290847734173
534.6846846846847 0.19591380337350928
534.934934934935 0.19649385338456582
535.1851851851852 0.19706884274555142
535.4354354354355 0.19763838059063188
535.6856856856857 0.1982020774387982
535.935935935936 0.19875954538403195
536.1861861861862 0.1993103982858736
536.4364364364365 0.19985425196025522
536.6866866866867 0.20039072437045694
536.936936936937 0.20091943581804694
537.1871871871872 0.20144000913366095
537.4374374374374 0.20195206986747985
537.6876876876877 0.20245524647925994
537.9379379379379 0.2029491705277727
538.1881881881882 0.20343347685950824
538.4384384384384 0.2039078037964977
538.6886886886887 0.20437179332310912
538.9389389389389 0.20482509127167148
539.1891891891892 0.20526734750678177
539.4394394394394 0.20569821610814995
539.6896896896897 0.20611735555183786
539.9399399399399 0.20652442888974745
540.1901901901902 0.206919103927216
540.4404404404404 0.20730105339857546
540.6906906906906 0.2076699551405349
540.9409409409409 0.20802549226324615
541.1911911911911 0.20836735331891376
541.4414414414415 0.20869523246781188
541.6916916916917 0.20900882964157255
541.941941941942 0.20930785070361202
542.1921921921922 0.20959200760656208
542.4424424424425 0.20986101854657727
542.6926926926927 0.21011460811438976
542.942942942943 0.21035250744298692
543.1931931931932 0.21057445435178798
543.4434434434435 0.2107801934871999
543.6936936936937 0.21096947645943473
543.943943943944 0.2111420619754728
544.1941941941942 0.21129771596806127
544.4444444444445 0.21143621172063795
544.6946946946947 0.21155732998807547
544.944944944945 0.21166085911314386
545.1951951951952 0.21174659513859134
545.4454454454454 0.21181434191475024
545.6956956956957 0.21186391120257422
545.9459459459459 0.2118951227720206
546.1961961961962 0.2119078044956929
546.4464464464464 0.21190179243766383
546.6966966966967 0.21187693093740273
546.9469469469469 0.21183307268873575
547.1971971971973 0.21177007881377036
547.4474474474475 0.211687818931722
547.6976976976978 0.21158617122258258
547.947947947948 0.2114650224855766
548.1981981981983 0.21132426819235564
548.4484484484485 0.21116381253488364
548.6986986986988 0.21098356846797406
548.948948948949 0.21078345774644075
549.1991991991993 0.2105634109568319
549.4494494494495 0.21032336754371936
549.6996996996997 0.21006327583052156
549.94994994995 0.20978309303484186
550.2002002002002 0.2094827852783102
550.4504504504505 0.20916232759091963
550.7007007007007 0.2088217039098546
550.950950950951 0.2084609070728132
551.2012012012012 0.20807993880582876
551.4514514514515 0.20767880970560326
551.7017017017017 0.2072575392163677
551.951951951952 0.20681615560129052
552.2022022022022 0.20635469590846012
552.4524524524525 0.20587320593147068
552.7027027027027 0.20537174016464765
552.952952952953 0.2048503617529512
553.2032032032032 0.2043091424366027
553.4534534534534 0.20374816249048266
553.7037037037037 0.2031675106583537
553.9539539539539 0.20256728408196573
554.2042042042042 0.20194758822510592
554.4544544544544 0.20130853679265967
554.7047047047047 0.20065025164475314
554.9549549549549 0.1999728627060523
555.2052052052052 0.199276507870297
555.4554554554554 0.1985613329001532
555.7057057057057 0.19782749132247018
555.9559559559559 0.1970751443190325
556.2062062062062 0.19630446061290213
556.4564564564564 0.19551561635044717
556.7067067067067 0.19470879497915963
556.956956956957 0.19388418712136568
557.2072072072073 0.193041990443939
557.4574574574575 0.1921824095241225
557.7077077077078 0.19130565571158
557.957957957958 0.19041194698678904
558.2082082082082 0.18950150781589692
558.4584584584585 0.18857456900216205
558.7087087087087 0.1876313675341052
558.958958958959 0.186672146430498
559.2092092092092 0.18569715458231842
559.4594594594595 0.18470664659180416
559.7097097097097 0.1837008826087379
559.95995995996 0.1826801281640999
560.2102102102102 0.18164465400122426
560.4604604604605 0.18059473590459818
560.7107107107107 0.17953065452644326
560.960960960961 0.17845269521122079
561.2112112112112 0.17736114781820264
561.4614614614615 0.17625630654225094
561.7117117117117 0.17513846973295089
561.961961961962 0.17400793971224116
562.2122122122122 0.1728650225906861
562.4624624624624 0.17171002808253671
562.7127127127128 0.17054326931972424
562.962962962963 0.16936506266493553
563.2132132132133 0.16817572752390825
563.4634634634635 0.16697558615710104
563.7137137137138 0.16576496349087677
563.963963963964 0.1645441869283451
564.2142142142143 0.16331358616000913
564.4644644644645 0.16207349297435758
564.7147147147148 0.1608242410685459
564.964964964965 0.15956616585930616
565.2152152152153 0.15829960429422632
565.4654654654655 0.15702489466353672
565.7157157157158 0.1557423764125409
565.965965965966 0.15445238995482632
566.2162162162163 0.15315527648638824
566.4664664664665 0.15185137780079894
566.7167167167167 0.1505410361055517
566.966966966967 0.14922459383970776
567.2172172172172 0.14790239349297168
567.4674674674675 0.146574777426318
567.7177177177177 0.1452420876942913
567.967967967968 0.14390466586909648
568.2182182182182 0.14256285286659665
568.4684684684685 0.14121698877433056
568.7187187187187 0.1398674126816611
568.968968968969 0.1385144625121614
569.2192192192192 0.1371584748583439
569.4694694694695 0.13579978481883348
569.7197197197197 0.1344387258380836
569.96996996997 0.13307562954873073
570.2202202202202 0.13171082561667852
570.4704704704704 0.13034464158900191
570.7207207207207 0.12897740274475547
570.9709709709709 0.1276094319487687
571.2212212212212 0.12624104950850698
571.4714714714714 0.1248725730340732
571.7217217217217 0.12350431730142203
571.9719719719719 0.12213659411885451
572.2222222222222 0.1207697121968582
572.4724724724725 0.11940397702135266
572.7227227227228 0.11803969073040159
572.972972972973 0.11667715199443561
573.2232232232233 0.11531665590004901
573.4734734734735 0.11395849383740615
573.7237237237238 0.11260295339130523
573.973973973974 0.11125031823593662
574.2242242242243 0.10990086803337222
574.4744744744745 0.10855487833581627
574.7247247247248 0.1072126204916467
574.974974974975 0.10587436155527048
575.2252252252252 0.10454036420081435
575.4754754754755 0.1032108866396676
575.7257257257257 0.10188618254189082
575.975975975976 0.10056650096150033
576.2262262262262 0.09925208626563506
576.4764764764765 0.09794317806760856
576.7267267267267 0.09664001116384639
576.976976976977 0.09534281547470452
577.2272272272272 0.09405181598916183
577.4774774774775 0.09276723271337672
577.7277277277277 0.09148928062309346
577.977977977978 0.09021816961988227
578.2282282282283 0.08895410449119234
578.4784784784786 0.08769728487419826
578.7287287287288 0.08644790522340517
578.9789789789791 0.08520615478199593
579.2292292292293 0.0839722175568792
579.4794794794796 0.0827462722974079
579.7297297297298 0.08152849247773035
579.97997997998 0.08031904628273383
580.2302302302303 0.07911809659753885
580.4804804804805 0.07792580100049862
580.7307307307308 0.07674231175965736
580.980980980981 0.07556777583261708
581.2312312312313 0.07440233486976164
581.4814814814815 0.0732461252207841
581.7317317317318 0.07209927794446139
581.981981981982 0.07096191882161838
582.2322322322323 0.06983416837122183
582.4824824824825 0.06871614186954209
582.7327327327328 0.06760794937232018
582.982982982983 0.06650969573987464
583.2332332332332 0.065421480665082
583.4834834834835 0.0643433987041632
583.7337337337337 0.06327553931020682
583.983983983984 0.06221798686935842
584.2342342342342 0.061170820739604795
584.4844844844845 0.06013411529208039
584.7347347347347 0.05910793995482231
584.984984984985 0.05809235925889927
585.2352352352352 0.05708743288683968
585.4854854854855 0.05609321572328224
585.7357357357357 0.055109757907773095
585.985985985986 0.054137104889631846
586.2362362362362 0.05317529748480921
586.4864864864865 0.05222437193465825
586.7367367367367 0.051284359966540856
586.986986986987 0.05035528885619129
587.2372372372372 0.04943718149175792
587.4874874874874 0.04853005643944484
587.7377377377377 0.0476339280106748
587.987987987988 0.04674880633069442
588.2382382382383 0.045874697408546175
588.4884884884885 0.04501160320832292
588.7387387387388 0.04415952172163556
588.988988988989 0.04331844704121056
589.2392392392393 0.042488369435543044
589.4894894894895 0.04166927542452882
589.7397397397398 0.04086114785599984
589.98998998999 0.04006396598308837
590.2402402402403 0.039277705542345415
590.4904904904905 0.03850233883254035
590.7407407407408 0.03773783479406921
590.990990990991 0.03698415908889985
591.2412412412413 0.03624127418098375
591.4914914914915 0.035509139417064545
591.7417417417417 0.0347877111078149
591.991991991992 0.03407694260923423
592.2422422422422 0.033376784404241154
592.4924924924925 0.03268718418439525
592.7427427427427 0.03200808693168481
592.992992992993 0.03133943500031745
593.2432432432432 0.030681168198452766
593.4934934934935 0.03003322386981681
593.7437437437438 0.0293955369751398
593.9939939939941 0.028768040173361365
594.2442442442443 0.02815066390254363
594.4944944944946 0.027543336460443293
594.7447447447448 0.026945984084685858
594.9949949949951 0.026358531032492288
595.2452452452453 0.025780899659908027
595.4954954954956 0.025213010500486355
595.7457457457458 0.024654782343378943
595.995995995996 0.024106132310788984
596.2462462462463 0.023566975934742804
596.4964964964965 0.023037227233138353
596.7467467467468 0.02251679878502991
596.996996996997 0.022005601805110193
597.2472472472473 0.021503546217352766
597.4974974974975 0.021010540727778818
597.7477477477478 0.02052649289631437
597.997997997998 0.020051309207705554
598.2482482482483 0.01958489514146069
598.4984984984985 0.01912715524079005
598.7487487487488 0.01867799318051562
598.998998998999 0.018237311833924224
599.2492492492493 0.017805013338539788
599.4994994994995 0.01738099916079121
599.7497497497498 0.016965170159554458
600.0 0.016557426648548552
