350.0 0.6592406302004438
350.25025025025025 0.6619890481951796
350.5005005005005 0.664735047996607
350.75075075075074 0.6674785046913895
351.001001001001 0.6702192930089386
351.25125125125123 0.6729572873304214
351.5015015015015 0.6756923616978405
351.7517517517517 0.6784243898231881
352.00200200200203 0.6811532450976707
352.2522522522523 0.6838788006010036
352.5025025025025 0.6866009291107803
352.75275275275277 0.6893195031119053
353.003003003003 0.6920343948060982
353.25325325325326 0.6947454761214646
353.5035035035035 0.6974526187221338
353.75375375375376 0.7001556940179609
354.004004004004 0.7028545731742942
354.25425425425425 0.7055491271218067
354.5045045045045 0.7082392265663884
354.75475475475474 0.7109247419991015
355.005005005005 0.7136055437061962
355.25525525525524 0.7162815017791854
355.5055055055055 0.7189524861249771
355.75575575575573 0.7216183664760669
356.00600600600603 0.724279012400784
356.2562562562563 0.7269342933135922
356.5065065065065 0.7295840784854498
356.7567567567568 0.7322282370542166
357.007007007007 0.7348666380351163
357.25725725725727 0.7374991503312488
357.5075075075075 0.7401256427441526
357.75775775775776 0.7427459839844153
358.008008008008 0.7453600426823317
358.25825825825825 0.7479676873986085
358.5085085085085 0.7505687866351133
358.75875875875874 0.7531632088456681
359.009009009009 0.7557508224468854
359.25925925925924 0.7583314958290455
359.5095095095095 0.7609050973670141
359.75975975975973 0.7634714954311991
360.01001001001003 0.7660305583985457
360.2602602602603 0.7685821546635646
360.5105105105105 0.7711261526494024
360.7607607607608 0.773662420818939
361.011011011011 0.7761908276859207
361.26126126126127 0.7787112418261257
361.5115115115115 0.7812235318885573
361.76176176176176 0.7837275666066678
362.012012012012 0.7862232148096089
362.26226226226225 0.7887103454335092
362.5125125125125 0.7911888275327751
362.76276276276275 0.7936585302914168
363.013013013013 0.7961193230343953
363.26326326326324 0.7985710752389904
363.5135135135135 0.8010136565461895
363.7637637637638 0.8034469367720927
364.01401401401404 0.805870785919333
364.2642642642643 0.8082850741885188
364.51451451451453 0.8106896719896814
364.7647647647648 0.8130844499537416
365.015015015015 0.8154692789439838
365.26526526526527 0.8178440300675418
365.5155155155155 0.8202085746868916
365.76576576576576 0.8225627844313526
366.016016016016 0.8249065312085927
366.26626626626626 0.8272396872161379
366.5165165165165 0.8295621249528861
366.76676676676675 0.8318737172306186
367.017017017017 0.8341743371855159
367.26726726726724 0.8364638582896676
367.5175175175175 0.8387421543625815
367.7677677677678 0.8410090995826882
368.01801801801804 0.8432645684988368
368.2682682682683 0.8455084360417884
368.51851851851853 0.847740577535695
368.7687687687688 0.8499608687095714
369.019019019019 0.8521691857087546
369.2692692692693 0.854365405106348
369.5195195195195 0.8565494039146538
369.76976976976977 0.8587210595965864
370.02002002002 0.8608802500770699
370.27027027027026 0.8630268537544146
370.5205205205205 0.8651607495116742
370.77077077077075 0.8672818167279804
371.021021021021 0.8693899352898533
371.2712712712713 0.8714849856024873
371.52152152152155 0.8735668486010086
371.7717717717718 0.8756354057617085
372.02202202202204 0.8776905391132428
372.2722722722723 0.8797321312478023
372.52252252252254 0.8817600653322503
372.7727727727728 0.8837742251192264
373.02302302302303 0.8857744949582144
373.2732732732733 0.887760759806573
373.5235235235235 0.8897329052405287
373.77377377377377 0.8916908174661288
374.024024024024 0.8936343833301521
374.27427427427426 0.8955634903309783
374.5245245245245 0.897478026629411
374.77477477477476 0.8993778810594577
375.025025025025 0.9012629431390597
375.27527527527525 0.903133103080776
375.52552552552555 0.9049882518024156
375.7757757757758 0.9068282809376169
376.02602602602605 0.9086530828463791
376.2762762762763 0.9104625506255334
376.52652652652654 0.9122565781191618
376.7767767767768 0.9140350599289584
377.02702702702703 0.9157978914245307
377.2772772772773 0.9175449687536419
377.5275275275275 0.9192761888523922
377.77777777777777 0.9209914494553356
378.028028028028 0.9226906491055348
378.27827827827826 0.9243736871645478
378.5285285285285 0.9260404638223502
378.77877877877876 0.9276908801071871
379.02902902902906 0.9293248378953566
379.2792792792793 0.9309422399209208
379.52952952952955 0.9325429897853466
379.7797797797798 0.9341269919670709
380.03003003003005 0.9356941518309914
380.2802802802803 0.9372443756378807
380.53053053053054 0.9387775705537232
380.7807807807808 0.9402936446589732
381.03103103103103 0.9417925069577312
381.2812812812813 0.9432740673868409
381.5315315315315 0.9447382368249012
381.7817817817818 0.9461849271011961
382.032032032032 0.9476140510045372
382.28228228228227 0.9490255222920213
382.5325325325325 0.9504192556976995
382.78278278278276 0.951795166941157
383.033033033033 0.9531531727360029
383.2832832832833 0.9544931907982692
383.53353353353356 0.9558151398547154
383.7837837837838 0.957118939651042
384.03403403403405 0.9584045109600059
384.2842842842843 0.9596717755894425
384.53453453453454 0.9609206563901889
384.7847847847848 0.9621510772639085
385.03503503503504 0.9633629631708177
385.2852852852853 0.9645562401373112
385.53553553553553 0.9657308352634842
385.7857857857858 0.9668866767305546
386.036036036036 0.9680236938081791
386.28628628628627 0.9691418168616658
386.5365365365365 0.97024097735908
386.7867867867868 0.9713211078782447
387.03703703703707 0.97238214211363
387.2872872872873 0.9734240148831382
387.53753753753756 0.9744466621347749
387.7877877877878 0.9754500209532119
388.03803803803805 0.9764340295662364
388.2882882882883 0.9773986273510901
388.53853853853855 0.9783437548406917
388.7887887887888 0.9792693537297479
389.03903903903904 0.9801753668807461
389.2892892892893 0.981061738329834
389.53953953953953 0.981928413292579
389.7897897897898 0.982775338169612
390.04004004004 0.9836024605521526
390.2902902902903 0.9844097292274119
390.5405405405405 0.9851970941838792
390.79079079079077 0.9859645066164839
391.04104104104107 0.9867119189316388
391.2912912912913 0.9874392847521575
391.54154154154156 0.9881465589220519
391.7917917917918 0.9888336975112041
392.04204204204206 0.9895006578199131
392.2922922922923 0.9901473983833179
392.54254254254255 0.9907738789756931
392.7927927927928 0.9913800606146193
393.04304304304304 0.9919659055650254
393.2932932932933 0.9925313773431038
393.54354354354354 0.9930764407200972
393.7937937937938 0.9936010617259556
394.044044044044 0.9941052076528664
394.2942942942943 0.9945888470586512
394.5445445445446 0.9950519497700356
394.7947947947948 0.9954944868857851
395.0450450450451 0.9959164307797128
395.2952952952953 0.9963177551035524
395.54554554554556 0.996698434789701
395.7957957957958 0.997058446053829
396.04604604604606 0.997397766397356
396.2962962962963 0.9977163746097948
396.54654654654655 0.9980142507709612
396.7967967967968 0.9982913762530491
397.04704704704704 0.9985477337225728
397.2972972972973 0.9987833071421734
397.54754754754754 0.9989980817722918
397.7977977977978 0.9991920441727042
398.04804804804803 0.9993651822039259
398.2982982982983 0.9995174850284756
398.5485485485485 0.999648943112008
398.7987987987988 0.9997595482243075
399.0490490490491 0.9998492934401464
399.2992992992993 0.9999181731400095
399.54954954954957 0.9999661830106792
399.7997997997998 0.9999933200456859
400.05005005005006 0.9999995825456223
400.3003003003003 0.9999849701183205
400.55055055055055 0.9999494836788935
400.8008008008008 0.9998931254496387
401.05105105105105 0.9998158989598074
401.3013013013013 0.9997178090452354
401.55155155155154 0.9995988618478396
401.8018018018018 0.9994590648149762
402.05205205205203 0.9992984266986636
402.30230230230234 0.9991169575546704
402.5525525525526 0.9989146687414658
402.80280280280283 0.9986915729190341
403.0530530530531 0.9984476840475559
403.3033033033033 0.9981830173859512
403.55355355355357 0.9978975894902888
403.8038038038038 0.9975914182120609
404.05405405405406 0.9972645226963215
404.3043043043043 0.9969169233796926
404.55455455455456 0.996548641988234
404.8048048048048 0.9961597015351812
405.05505505505505 0.9957501263185482
405.3053053053053 0.9953199419185984
405.55555555555554 0.9948691751951823
405.8058058058058 0.9943978542849422
406.05605605605604 0.993906008598386
406.3063063063063 0.9933936688168286
406.5565565565566 0.9928608668892029
406.80680680680683 0.9923076360287394
407.0570570570571 0.9917340107095162
407.3073073073073 0.991140026662879
407.5575575575576 0.9905257208737328
407.8078078078078 0.9898911315767034
408.05805805805807 0.9892362982521727
408.3083083083083 0.9885612616221854
408.55855855855856 0.987866063646229
408.8088088088088 0.9871507475168879
409.05905905905905 0.986415357655372
409.3093093093093 0.9856599397069197
409.55955955955955 0.9848845405360767
409.8098098098098 0.9840892082218524
410.0600600600601 0.9832739920527517
410.31031031031034 0.982438942521686
410.5605605605606 0.9815841113207618
410.81081081081084 0.9807095513359493
411.0610610610611 0.9798153166416302
411.31131131131133 0.9789014624950284
411.5615615615616 0.9779680453305197
411.8118118118118 0.9770151227538258
412.06206206206207 0.9760427535360916
412.3123123123123 0.9750509976078455
412.56256256256256 0.9740399160528468
412.8128128128128 0.9730095711018169
413.06306306306305 0.9719600261260587
413.3133133133133 0.9708913456309644
413.56356356356355 0.9698035952494095
413.8138138138138 0.9686968417350401
414.06406406406404 0.9675711529554478
414.3143143143143 0.9664265978852375
414.5645645645646 0.9652632465989885
414.81481481481484 0.9640811702641084
415.0650650650651 0.9628804411335816
415.31531531531533 0.9616611325386136
415.5655655655656 0.9604233188811737
415.8158158158158 0.9591670756264328
416.06606606606607 0.9578924792951026
416.3163163163163 0.9565996074556733
416.56656656656656 0.9552885387165542
416.8168168168168 0.953959352718114
417.06706706706706 0.9526121301246276
417.3173173173173 0.9512469526161248
417.5675675675676 0.9498639028801468
417.81781781781785 0.9484630646034091
418.0680680680681 0.9470445224633712
418.31831831831835 0.9456083621197183
418.5685685685686 0.9441546702057506
418.81881881881884 0.9426835343196871
419.0690690690691 0.941195043015881
419.31931931931933 0.9396892857959495
419.5695695695696 0.9381663530998194
419.8198198198198 0.9366263362966902
420.0700700700701 0.9350693276759138
420.3203203203203 0.9334954204377952
420.57057057057057 0.9319047086843135
420.8208208208208 0.9302972874097644
421.07107107107106 0.9286732524913272
421.3213213213213 0.9270327006795551
421.57157157157155 0.9253757295887935
421.8218218218218 0.9237024376875247
422.07207207207205 0.9220129242886405
422.32232232232235 0.920307289539647
422.5725725725726 0.9185856344128014
422.82282282282284 0.9168480606951781
423.0730730730731 0.9150946709786735
423.32332332332334 0.9133255686499449
423.5735735735736 0.911540857880286
423.82382382382383 0.9097406436154434
424.0740740740741 0.9079250315653709
424.3243243243243 0.9060941281939265
424.57457457457457 0.9042480407085133
424.8248248248248 0.9023868770496636
425.07507507507506 0.9005107458805699
425.32532532532537 0.898619756576563
425.5755755755756 0.8967140192145417
425.82582582582586 0.8947936445623478
426.0760760760761 0.8928587440680977
426.32632632632635 0.8909094298494673
426.5765765765766 0.8889458146829299
426.82682682682685 0.8869680119929517
427.0770770770771 0.8849761358411474
427.32732732732734 0.8829703009153922
427.5775775775776 0.8809506225188983
427.82782782782783 0.878917216559252
428.0780780780781 0.8768701995374171
428.3283283283283 0.8748096885367032
428.5785785785786 0.8727358012117017
428.8288288288288 0.8706486557771921
429.07907907907907 0.8685483709970179
429.3293293293293 0.8664350661729355
429.57957957957956 0.8643088611334371
429.8298298298298 0.8621698762225498
430.08008008008005 0.860018232288611
430.33033033033036 0.857854050673023
430.5805805805806 0.8556774531989904
430.83083083083085 0.8534885621602346
431.0810810810811 0.8512875003096982
431.33133133133134 0.8490743908482302
431.5815815815816 0.8468493574132615
431.83183183183183 0.8446125240674675
432.0820820820821 0.8423640152874214
432.3323323323323 0.840103955952241
432.5825825825826 0.8378324713322277
432.8328328328328 0.8355496870775023
433.0830830830831 0.8332557292066369
433.33333333333337 0.8309507240952893
433.5835835835836 0.828634798464831
433.83383383383386 0.8263080793709859
434.0840840840841 0.8239706941924675
434.33433433433436 0.8216227706196242
434.5845845845846 0.819264436643092
434.83483483483485 0.8168958205424568
435.0850850850851 0.8145170508749268
435.33533533533534 0.8121282564640191
435.5855855855856 0.8097295663882605
435.83583583583584 0.8073211099699048
436.0860860860861 0.8049030167636675
436.33633633633633 0.8024754165454824
436.5865865865866 0.8000384393012782
436.8368368368368 0.7975922152157802
437.08708708708707 0.7951368746613362
437.3373373373373 0.792672548186771
437.58758758758756 0.7901993665062687
437.8378378378378 0.7877174604882873
438.0880880880881 0.7852269611445049
438.33833833833836 0.782727999618803
438.5885885885886 0.7802207071762824
438.83883883883885 0.777705215192321
439.0890890890891 0.7751816551416709
439.33933933933935 0.7726501585875976
439.5895895895896 0.7701108571710633
439.83983983983984 0.7675638825999576
440.0900900900901 0.7650093666383738
440.34034034034033 0.762447441095938
440.5905905905906 0.7598782378171882
440.8408408408409 0.7573018886710076
441.09109109109113 0.754718525540117
441.3413413413414 0.752128280310619
441.5915915915916 0.7495312848616078
441.84184184184187 0.7469276710548388
442.0920920920921 0.744317570724462
442.34234234234236 0.7417011156668227
442.5925925925926 0.7390784376303289
442.84284284284286 0.7364496683053903
443.0930930930931 0.7338149393144291
443.34334334334335 0.7311743822019661
443.5935935935936 0.7285281284247814
443.84384384384384 0.7258763093421571
444.0940940940941 0.7232190562061979
444.34434434434434 0.720556500152237
444.5945945945946 0.7178887721893268
444.84484484484483 0.7152160031908165
445.0950950950951 0.7125383238850208
445.3453453453453 0.70985586484598
445.59559559559557 0.7071687564843142
445.8458458458459 0.7044771290381746
446.0960960960961 0.7017811125642964
446.34634634634637 0.6990808369291465
446.5965965965966 0.6963764318001817
446.84684684684686 0.69366802663721
447.0970970970971 0.6909557506838602
447.34734734734735 0.688239732959164
447.5975975975976 0.6855201022492495
447.84784784784785 0.6827969870991528
448.0980980980981 0.6800705158047453
448.34834834834834 0.6773408164047846
448.59859859859864 0.6746080166730862
448.8488488488489 0.6718722441108255
449.09909909909913 0.6691336259389605
449.3493493493494 0.6663922890907944
449.5995995995996 0.6636483602046658
449.8498498498499 0.660901965616778
450.1001001001001 0.658153231354167
450.35035035035037 0.6554022831278102
450.6006006006006 0.6526492463258808
450.85085085085086 0.6498942460071483
451.1011011011011 0.6471374068945297
451.35135135135135 0.6443788533687926
451.6016016016016 0.6416187094624148
451.85185185185185 0.6388570988536005
452.1021021021021 0.6360941448604596
452.35235235235234 0.633329970435349
452.6026026026026 0.6305646981593821
452.85285285285283 0.6277984502371073
453.1031031031031 0.6250313484913593
453.3533533533533 0.6222635143582859
453.60360360360363 0.6194950688825521
453.8538538538539 0.6167261327127295
454.1041041041041 0.6139568260968635
454.35435435435437 0.611187268878234
454.6046046046046 0.6084175804913028
454.85485485485486 0.6056478799578562
455.1051051051051 0.6028782858833426
455.35535535535536 0.6001089164534097
455.6056056056056 0.5973398894306452
455.85585585585585 0.5945713221515215
456.1061061061061 0.5918033315235494
456.3563563563564 0.5890360340226419
456.60660660660665 0.5862695456906982
456.8568568568569 0.5835039821333946
457.10710710710714 0.5807394585182065
457.3573573573574 0.5779760895726483
457.60760760760763 0.5752139895827414
457.8578578578579 0.5724532723917112
458.1081081081081 0.5696940513989179
458.3583583583584 0.5669364395590216
458.6086086086086 0.5641805493813863
458.85885885885887 0.5614264929297258
459.1091091091091 0.5586743818219936
459.35935935935936 0.5559243272305198
459.6096096096096 0.553176439882399
459.85985985985985 0.5504308300601297
460.1101101101101 0.5476876076025116
460.36036036036035 0.5449468819057981
460.6106106106106 0.5422087619251144
460.86086086086084 0.5394733561761342
461.1111111111111 0.5367407727370281
461.3613613613614 0.534011119250676
461.61161161161164 0.5312845029271563
461.8618618618619 0.5285610305465027
462.11211211211213 0.5258408084617423
462.3623623623624 0.5231239426022101
462.6126126126126 0.5204105384771445
462.86286286286287 0.5177007011795651
463.1131131131131 0.5149945353904358
463.36336336336336 0.5122921453831147
463.6136136136136 0.5095936350280919
463.86386386386386 0.5068991077980176
464.11411411411416 0.5042086667730231
464.3643643643644 0.5015224146463353
464.61461461461465 0.498840453730182
464.8648648648649 0.4961628859619985
465.11511511511515 0.4934898129109281
465.3653653653654 0.4908213357846215
465.61561561561564 0.48815755543633405
465.8658658658659 0.4854985723723241
466.11611611611613 0.48284448675954944
466.3663663663664 0.480195398433665
466.6166166166166 0.47755140690732095
466.86686686686687 0.47491261137876
467.1171171171171 0.4722791107407165
467.36736736736736 0.4696510035896134
467.6176176176176 0.46702838823505977
467.86786786786786 0.4644113627096446
468.1181181181181 0.4618000247790296
468.36836836836835 0.4591944719523361
468.6186186186186 0.456594801492827
468.86886886886884 0.454001110428881
469.11911911911915 0.4514134955652562
469.3693693693694 0.4488320534946444
469.61961961961964 0.4462568806095059
469.8698698698699 0.4436880731141919
470.12012012012013 0.4411257270373433
470.3703703703704 0.43856993824456664
470.6206206206206 0.43602080245138175
470.8708708708709 0.4334784152364372
471.1211211211211 0.43094287205499043
471.37137137137137 0.4284142682526461
471.6216216216216 0.42589269907934874
471.8718718718719 0.4233782597036227
472.12212212212216 0.42087104522705926
472.3723723723724 0.4183711506990333
472.62262262262266 0.4158786711316562
472.8728728728729 0.4133937015149499
473.12312312312315 0.41091633683223694
473.3733733733734 0.40844667207573887
473.62362362362364 0.40598480226237593
473.8738738738739 0.40353082244975746
474.12412412412414 0.40108482775235654
474.3743743743744 0.39864691335785774
474.62462462462463 0.396217174543669
474.8748748748749 0.3937957066935874
475.1251251251251 0.3913826053146086
475.37537537537537 0.38897796605386814
475.6256256256256 0.3865818847157031
475.87587587587586 0.38419445727882334
476.1261261261261 0.38181577991357835
476.37637637637636 0.37944594899930756
476.6266266266266 0.3770850611417609
476.8768768768769 0.3747332131905744
477.12712712712715 0.3723905022567909
477.3773773773774 0.37005702573040083
477.62762762762765 0.36773288129790177
477.8778778778779 0.36541816695984924
478.12812812812814 0.3631129810483883
478.3783783783784 0.3608174222447468
478.62862862862863 0.35853158959667436
478.8788788788789 0.3562555825358081
479.1291291291292 0.3539895008949468
479.37937937937943 0.35173344492521735
479.6296296296297 0.34948751531310696
479.8798798798799 0.3472518131973506
480.13013013013017 0.34502644018564677
480.3803803803804 0.3428114983711828
480.63063063063066 0.3406070903489478
480.8808808808809 0.3384133192318128
481.13113113113116 0.3362302886663528
481.3813813813814 0.3340581028483921
481.63163163163165 0.331896866538245
481.8818818818819 0.3297466850756314
482.13213213213214 0.3276076643942419
482.3823823823824 0.3254799110359271
482.63263263263264 0.3233635321644872
482.8828828828829 0.3212586355790351
483.13313313313313 0.31916532972690775
483.3833833833834 0.317083723716099
483.6336336336336 0.315013927327187
483.88388388388387 0.3129560510247295
484.1341341341341 0.3109102059680985
484.38438438438436 0.30887650402172695
484.6346346346346 0.30685505776473937
484.88488488488485 0.3048459804999367
485.13513513513516 0.30284938626210767
485.3853853853854 0.30086538982563754
485.63563563563565 0.29889410671138184
485.8858858858859 0.2969356531927793
486.13613613613614 0.29499014630117276
486.3863863863864 0.2930577038303053
486.63663663663664 0.29113844433996483
486.88688688688694 0.28923248715874345
487.1371371371372 0.28733995238588567
487.38738738738743 0.2854609608921856
487.6376376376377 0.2835956343199136
487.8878878878879 0.281744095081733
488.1381381381382 0.2799064663585796
488.3883883883884 0.27808287209647164
488.63863863863867 0.2762734370022207
488.8888888888889 0.27447828653801104
489.13913913913916 0.27269754691481785
489.3893893893894 0.27093134508463323
489.63963963963965 0.26917980873146935
489.8898898898899 0.2674430662611097
490.14014014014015 0.2657212467895761
490.3903903903904 0.2640144801302846
490.64064064064064 0.2623228967798583
490.8908908908909 0.26064662790257
491.14114114114113 0.25898580531338455
491.3913913913914 0.2573405614595742
491.6416416416416 0.2557110294008772
491.8918918918919 0.25409734278817475
492.1421421421421 0.252499635840658
492.39239239239237 0.25091804332145917
492.6426426426426 0.24935270051172256
492.8928928928929 0.24780374318308912
493.14314314314316 0.24627130756857332
493.3933933933934 0.2447555303318035
493.64364364364366 0.2432565485346112
493.8938938938939 0.24177449960294206
494.14414414414415 0.240309521291069
494.3943943943944 0.23886175164409001
494.6446446446447 0.23743132895868954
494.89489489489495 0.23601839174214867
495.1451451451452 0.23462307866958357
495.39539539539544 0.23324552853940164
495.6456456456457 0.23188588022695844
495.89589589589593 0.2305442726364034
496.1461461461462 0.22922084465070258
496.3963963963964 0.22791573507982882
496.6466466466467 0.22662908260711018
496.8968968968969 0.2253610257337291
497.14714714714717 0.2241117027213673
497.3973973973974 0.22288125153299115
497.64764764764766 0.2216698097717756
497.8978978978979 0.2204775146181648
498.14814814814815 0.21930450276507082
498.3983983983984 0.21815091035121217
498.64864864864865 0.217016872892596
498.8988988988989 0.2159025252121507
499.14914914914914 0.21480800136751504
499.3993993993994 0.21373343457699545
499.64964964964963 0.2126789571437004
499.8998998998999 0.2116447003778676
500.1501501501501 0.21063079451739744
500.4004004004004 0.20963736864661187
500.6506506506507 0.208664550613256
500.9009009009009 0.20771246694376688
501.15115115115117 0.20678124275682908
501.4014014014014 0.20587100167524666
501.65165165165166 0.20498186573615795
501.9019019019019 0.20411395529962223
502.15215215215215 0.20326738895561258
502.40240240240246 0.2024422834294476
502.6526526526527 0.20163875348570126
502.90290290290295 0.2008569118306264
503.1531531531532 0.2000968690131372
503.40340340340344 0.19935873332439188
503.6536536536537 0.19864261069602207
503.90390390390394 0.19794860459705765
504.1541541541542 0.1972768159295973
504.40440440440443 0.19662734292327813
504.6546546546547 0.19600028102859937
504.9049049049049 0.19539572280915757
505.15515515515517 0.19481375783285432
505.4054054054054 0.19425447256213718
505.65565565565566 0.19371795024333976
505.9059059059059 0.1932042707951871
506.15615615615616 0.1927135106965362
506.4064064064064 0.19224574287342153
506.65665665665665 0.1918010365854811
506.9069069069069 0.19137945731183806
507.15715715715714 0.190981066636515
507.4074074074074 0.19060592213346306
507.65765765765764 0.19025407725128576
507.9079079079079 0.18992558119774416
508.15815815815813 0.18962047882412814
508.40840840840843 0.18933881050958262
508.6586586586587 0.1890806120454799
508.9089089089089 0.18884591451992816
509.1591591591592 0.18863474420251292
509.4094094094094 0.18844712242936495
509.65965965965967 0.1882830654886537
509.9099099099099 0.18814258450660443
510.16016016016016 0.18802568533414024
510.41041041041046 0.18793236843425165
510.6606606606607 0.18786262877019674
510.91091091091096 0.1878164556946375
511.1611611611612 0.18779383283981843
511.41141141141145 0.18779473800889585
511.6616616616617 0.18781914306852487
511.91191191191194 0.18786701384281637
512.1621621621622 0.18793831000877176
512.4124124124124 0.1880329849933101
512.6626626626627 0.18815098587199702
512.9129129129129 0.18829225326959112
513.1631631631632 0.18845672126251872
513.4134134134134 0.18864431728339343
513.6636636636637 0.18885496202769303
513.9139139139139 0.18908856936270904
514.1641641641642 0.18934504623888326
514.4144144144144 0.18962429260364633
514.6646646646647 0.18992620131787286
514.9149149149149 0.19025065807506641
515.1651651651651 0.1905975413233903
515.4154154154154 0.19096672219065508
515.6656656656656 0.19135806441237863
515.9159159159159 0.19177142426302785
516.1661661661662 0.19220665049055605
516.4164164164165 0.19266358425434393
516.6666666666667 0.19314205906665616
516.916916916917 0.1936419007377187
517.1671671671672 0.194162927324525
517.4174174174175 0.19470494908347652
517.6676676676677 0.19526776842695992
517.917917917918 0.1958511798839636
518.1681681681682 0.19645497006483303
518.4184184184185 0.19707891763026242
518.6686686686687 0.19772279326461928
518.918918918919 0.1983863596536941
519.1691691691692 0.1990693714669668
519.4194194194195 0.19977157534447806
519.6696696696697 0.20049270988839168
519.91991991992 0.20123250565932976
520.1701701701702 0.20199068517756208
520.4204204204204 0.20276696292912516
520.6706706706707 0.20356104537694583
520.9209209209209 0.2043726309770389
521.1711711711712 0.2052014101998459
521.4214214214214 0.20604706555677893
521.6716716716717 0.20690927163202832
521.9219219219219 0.20778769511969075
522.1721721721722 0.20868199486626948
522.4224224224224 0.20959182191859477
522.6726726726727 0.21051681957720791
522.9229229229229 0.2114566234552497
523.1731731731732 0.21241086154288727
523.4234234234234 0.21337915427731063
523.6736736736736 0.21436111461832622
523.9239239239239 0.21535634812956767
524.1741741741741 0.21636445306534247
524.4244244244244 0.2173850204631254
524.6746746746746 0.2184176342417078
524.9249249249249 0.21946187130500353
525.1751751751751 0.22051730165151112
525.4254254254254 0.221583488489423
525.6756756756756 0.2226599883573705
525.925925925926 0.22374635125078668
526.1761761761762 0.2248421207538615
526.4264264264265 0.22594683417706907
526.6766766766767 0.22706002270022227
526.926926926927 0.22818121152102575
527.1771771771772 0.22930992000907752
527.4274274274275 0.23044566186527327
527.6776776776777 0.2315879452865562
527.927927927928 0.23273627313595346
528.1781781781782 0.23389014311783382
528.4284284284284 0.235049047958315
528.6786786786787 0.23621247559074526
528.9289289289289 0.237379909346177
529.1791791791792 0.23855082814874617
529.4294294294294 0.23972470671586465
529.6796796796797 0.24090101576312883
529.9299299299299 0.24207922221384154
530.1801801801802 0.243258789413039
530.4304304304304 0.24443917734591109
530.6806806806807 0.245619842860496
530.9309309309309 0.24680023989452654
531.1811811811812 0.24797981970630062
531.4314314314314 0.249158031109443
531.6816816816818 0.2503343207114214
531.931931931932 0.2515081331556721
532.1821821821823 0.25267891136719584
532.4324324324325 0.25384609680146275
532.6826826826828 0.255009129696479
532.932932932933 0.25616744932785224
533.1831831831832 0.25732049426669246
533.4334334334335 0.2584677026401811
533.6836836836837 0.2596085123946362
533.933933933934 0.26074236156090025
534.1841841841842 0.2618686885218685
534.4344344344345 0.2629869322819798
534.6846846846847 0.264096532738482
534.934934934935 0.2651969309542831
535.1851851851852 0.26628756943219944
535.4354354354355 0.267367892390404
535.6856856856857 0.26843734603887914
535.935935935936 0.2694953788566761
536.1861861861862 0.27054144186977735
536.4364364364365 0.2715749889293605
536.6866866866867 0.27259547699025766
536.936936936937 0.27360236638940405
537.1871871871872 0.2745951211240669
537.4374374374374 0.2755732091296458
537.6876876876877 0.2765361025568331
537.9379379379379 0.2774832780479244
538.1881881881882 0.27841421701206526
538.4384384384384 0.2793284058992233
538.6886886886887 0.28022533647267195
538.9389389389389 0.2811045060797736
539.1891891891892 0.2819654179208498
539.4394394394394 0.2828075813159262
539.6896896896897 0.2836305119691406
539.9399399399399 0.28443373223060453
540.1901901901902 0.28521677135550777
540.4404404404404 0.2859791657602581
540.6906906906906 0.2867204592754498
540.9409409409409 0.28744020339545573
541.1911911911911 0.28813795752443966
541.4414414414415 0.28881328921858895
541.6916916916917 0.28946577442436694
541.941941941942 0.2900949977125932
542.1921921921922 0.2907005525081529
542.4424424424425 0.29128204131515034
542.6926926926927 0.2918390759373157
542.942942942943 0.29237127769348437
543.1931931931932 0.292878277627967
543.4434434434435 0.2933597167156341
543.6936936936937 0.2938152460615451
543.943943943944 0.2942445270949495
544.1941941941942 0.29464723175750196
544.4444444444445 0.29502304268552637
544.6946946946947 0.2953716533861791
544.944944944945 0.29569276840735875
545.1951951951952 0.29598610350121873
545.4454454454454 0.29625138578114424
545.6956956956957 0.29648835387205724
545.9459459459459 0.29669675805392337
546.1961961961962 0.29687636039833576
546.4464464464464 0.29702693489806015
546.6966966966967 0.2971482675894284
546.9469469469469 0.2972401566674774
547.1971971971973 0.2973024125937312
547.4474474474475 0.2973348581965368
547.6976976976978 0.2973373287638643
547.947947947948 0.2973096721284934
548.1981981981983 0.29725174874551136
548.4484484484485 0.2971634317620568
548.6986986986988 0.2970446070792474
548.948948948949 0.29689517340624066
549.1991991991993 0.29671504230637863
549.4494494494495 0.29650413823537825
549.6996996996997 0.2962623985715352
549.94994994995 0.2959897736379132
550.2002002002002 0.295686226716503
550.4504504504505 0.29535173405433685
550.7007007007007 0.2949862848615543
550.950950950951 0.2945898813014234
551.2012012012012 0.2941625384723237
551.4514514514515 0.29370428438171003
551.7017017017017 0.29321515991207864
551.951951951952 0.2926952187789676
552.2022022022022 0.292144527481027
552.4524524524525 0.2915631652422051
552.7027027027027 0.2909512239460999
552.952952952953 0.2903088080625348
553.2032032032032 0.2896360345664227
553.4534534534534 0.28893303284899013
553.7037037037037 0.2881999446214388
553.9539539539539 0.28743692381112884
554.2042042042042 0.2866441364503751
554.4544544544544 0.28582176055795333
554.7047047047047 0.2849699860134182
554.9549549549549 0.28408901442434487
555.2052052052052 0.2831790589866072
555.4554554554554 0.2822403443378147
555.7057057057057 0.28127310640403447
555.9559559559559 0.2802775922399316
556.2062062062062 0.2792540598624635
556.4564564564564 0.27820277807827387
556.7067067067067 0.2771240263049321
556.956956956957 0.276018094386172
557.2072072072073 0.2748852824012895
557.4574574574575 0.27372590046885575
557.7077077077078 0.27254026854492047
557.957957957958 0.27132871621587035
558.2082082082082 0.2700915824861206
558.4584584584585 0.2688292155608167
558.7087087087087 0.2675419726237307
558.958958958959 0.2662302196105369
559.2092092092092 0.2648943309776565
559.4594594594595 0.26353468946686354
559.7097097097097 0.2621516858658477
559.95995995996 0.2607457187649313
560.2102102102102 0.25931719431014133
560.4604604604605 0.25786652595283865
560.7107107107107 0.2563941341961087
560.960960960961 0.2549004463381211
561.2112112112112 0.25338589621266516
561.4614614614615 0.25185092392707076
561.7117117117117 0.2502959755977251
561.961961961962 0.24872150308339727
562.2122122122122 0.24712796371658227
562.4624624624624 0.2455158200330767
562.7127127127128 0.24388553949999972
562.962962962963 0.2422375942424749
563.2132132132133 0.2405724607691766
563.4634634634635 0.23889061969696662
563.7137137137138 0.23719255547482326
563.963963963964 0.23547875610727748
564.2142142142143 0.2337497128775662
564.4644644644645 0.23200592007071208
564.7147147147148 0.23024787469673644
564.964964964965 0.22847607621421254
565.2152152152153 0.22669102625436308
565.4654654654655 0.22489322834590447
565.7157157157158 0.2230831876408378
565.965965965966 0.22126141064138485
566.2162162162163 0.21942840492826463
566.4664664664665 0.2175846788905024
566.7167167167167 0.21573074145696222
566.966966966967 0.213867101829789
567.2172172172172 0.21199426921994385
567.4674674674675 0.21011275258501344
567.7177177177177 0.20822306036947014
567.967967967968 0.20632570024755534
568.2182182182182 0.20442117886895694
568.4684684684685 0.20251000160744462
568.7187187187187 0.20059267231262592
568.968968968969 0.19866969306497956
569.2192192192192 0.19674156393431913
569.4694694694695 0.1948087827418358
569.7197197197197 0.1928718448258642
569.96996996997 0.19093124281151055
570.2202202202202 0.18898746638427844
570.4704704704704 0.18704100206782098
570.7207207207207 0.1850923330059463
570.9709709709709 0.18314193874899426
571.2212212212212 0.18119029504470124
571.4714714714714 0.179237873633662
571.7217217217217 0.17728514204949378
571.9719719719719 0.17533256342380218
572.2222222222222 0.17338059629604335
572.4724724724725 0.17142969442837047
572.7227227227228 0.1694803066255539
572.972972972973 0.1675328765600396
573.2232232232233 0.16558784260223786
573.4734734734735 0.16364563765609497
573.7237237237238 0.16170668900001733
573.973973973974 0.15977141813320245
574.2242242242243 0.15784024062743005
574.4744744744745 0.15591356598435765
574.7247247247248 0.15399179749836348
574.974974974975 0.15207533212497037
575.2252252252252 0.15016456035488263
575.4754754754755 0.1482598660936593
575.7257257257257 0.14636162654704504
575.975975975976 0.1444702121119721
576.2262262262262 0.14258598627324337
576.4764764764765 0.14070930550590083
576.7267267267267 0.13884051918327914
576.976976976977 0.13697996949073785
577.2272272272272 0.13512799134506293
577.4774774774775 0.13328491231952186
577.7277277277277 0.13145105257455197
577.977977977978 0.12962672479405826
578.2282282282283 0.12781223412729023
578.4784784784786 0.12600787813626885
578.7287287287288 0.12421394674871394
578.9789789789791 0.12243072221644574
579.2292292292293 0.12065847907920206
579.4794794794796 0.11889748413382548
579.7297297297298 0.11714799640876539
579.97997997998 0.11541026714383647
580.2302302302303 0.11368453977517187
580.4804804804805 0.11197104992530499
580.7307307307308 0.1102700253983116
580.980980980981 0.10858168617993891
581.2312312312313 0.10690624444264636
581.4814814814815 0.10524390455547934
581.7317317317318 0.10359486309869366
581.981981981982 0.10195930888304629
582.2322322322323 0.10033742297366492
582.4824824824825 0.09872937871840588
582.7327327327328 0.0971353417806085
582.982982982983 0.0955554701761503
583.2332332332332 0.09398991431470637
583.4834834834835 0.09243881704511331
583.7337337337337 0.09090231370473707
583.983983983984 0.08938053217274096
584.2342342342342 0.08787359292714973
584.4844844844845 0.0863816091056033
584.7347347347347 0.08490468656969218
584.984984984985 0.08344292397276575
585.2352352352352 0.08199641283110368
585.4854854854855 0.08056523759833845
585.7357357357357 0.0791494757430175
585.985985985986 0.07774919782919205
586.2362362362362 0.07636446759991868
586.4864864864865 0.07499534206356008
586.7367367367367 0.0736418715827702
586.986986986987 0.07230409996604917
587.2372372372372 0.07098206456175275
587.4874874874874 0.06967579635444186
587.7377377377377 0.06838532006345686
587.987987987988 0.06711065424360116
588.2382382382383 0.06585181138782369
588.4884884884885 0.06460879803177695
588.7387387387388 0.06338161486014893
588.988988988989 0.062170256814647114
589.2392392392393 0.0609747132035261
589.4894894894895 0.05979496781254627
589.7397397397398 0.05863099901725343
589.98998998999 0.05748277989646972
590.2402402402403 0.05635027834688722
590.4904904904905 0.055233457198656966
590.7407407407408 0.05413227433186759
590.990990990991 0.05304668279380824
591.2412412412413 0.051976630916913256
591.4914914914915 0.05092206243728604
591.7417417417417 0.04988291661370233
591.991991991992 0.04885912834699393
592.2422422422422 0.047850628299716154
592.4924924924925 0.04685734301600345
592.7427427427427 0.04587919504152019
592.992992992993 0.04491610304341466
593.2432432432432 0.043967981930186945
593.4934934934935 0.0430347429713828
593.7437437437438 0.04211629391702757
593.9939939939941 0.0412125391167189
594.2442442442443 0.04032337963829064
594.4944944944946 0.03944871338597672
594.7447447447448 0.03858843521799155
594.9949949949951 0.03774243706345445
595.2452452452453 0.036910608038584605
595.4954954954956 0.03609283456209654
595.7457457457458 0.03528900046972689
595.995995995996 0.034498987127827264
596.2462462462463 0.033722673545958766
596.4964964964965 0.03295993648842718
596.7467467467468 0.03221065058469937
596.996996996997 0.031474688438644094
597.2472472472473 0.030751920736542912
597.4974974974975 0.030042216353818697
597.7477477477478 0.02934544246043198
597.997997997998 0.02866146462489784
598.2482482482483 0.027990146916877585
598.4984984984985 0.027331352008302612
598.7487487487488 0.02668494127298984
598.998998998999 0.02605077488470997
599.2492492492493 0.025428711913672845
599.4994994994995 0.024818610421395715
599.7497497497498 0.024220327553922914
600.0 0.02363371963336741
