350.0 0.6592406302004438
350.25025025025025 0.6619890481951796
350.5005005005005 0.664735047996607
350.75075075075074 0.6674785046913895
351.001001001001 0.6702192930089386
351.25125125125123 0.6729572873304214
351.5015015015015 0.6756923616978405
351.7517517517517 0.6784243898231881
352.00200200200203 0.6811532450976707
352.2522522522523 0.6838788006010036
352.5025025025025 0.6866009291107803
352.75275275275277 0.6893195031119053
353.003003003003 0.6920343948060982
353.25325325325326 0.6947454761214646
353.5035035035035 0.6974526187221338
353.75375375375376 0.7001556940179609
354.004004004004 0.7028545731742942
354.25425425425425 0.7055491271218067
354.5045045045045 0.7082392265663884
354.75475475475474 0.7109247419991015
355.005005005005 0.7136055437061962
355.25525525525524 0.7162815017791854
355.5055055055055 0.7189524861249771
355.75575575575573 0.7216183664760669
356.00600600600603 0.724279012400784
356.2562562562563 0.7269342933135922
356.5065065065065 0.7295840784854498
356.7567567567568 0.7322282370542166
357.007007007007 0.7348666380351163
357.25725725725727 0.7374991503312488
357.5075075075075 0.7401256427441526
357.75775775775776 0.7427459839844153
358.008008008008 0.7453600426823317
358.25825825825825 0.7479676873986085
358.5085085085085 0.7505687866351133
358.75875875875874 0.7531632088456681
359.009009009009 0.7557508224468854
359.25925925925924 0.7583314958290455
359.5095095095095 0.7609050973670142
359.75975975975973 0.7634714954311992
360.01001001001003 0.7660305583985457
360.2602602602603 0.7685821546635646
360.5105105105105 0.7711261526494024
360.7607607607608 0.773662420818939
361.011011011011 0.7761908276859207
361.26126126126127 0.7787112418261257
361.5115115115115 0.7812235318885573
361.76176176176176 0.7837275666066678
362.012012012012 0.7862232148096089
362.26226226226225 0.7887103454335093
362.5125125125125 0.7911888275327752
362.76276276276275 0.7936585302914169
363.013013013013 0.7961193230343953
363.26326326326324 0.7985710752389904
363.5135135135135 0.8010136565461895
363.7637637637638 0.8034469367720928
364.01401401401404 0.8058707859193331
364.2642642642643 0.8082850741885188
364.51451451451453 0.8106896719896816
364.7647647647648 0.8130844499537417
365.015015015015 0.8154692789439839
365.26526526526527 0.8178440300675419
365.5155155155155 0.8202085746868917
365.76576576576576 0.8225627844313528
366.016016016016 0.8249065312085928
366.26626626626626 0.8272396872161382
366.5165165165165 0.8295621249528862
366.76676676676675 0.8318737172306189
367.017017017017 0.8341743371855161
367.26726726726724 0.8364638582896678
367.5175175175175 0.8387421543625818
367.7677677677678 0.8410090995826885
368.01801801801804 0.8432645684988371
368.2682682682683 0.8455084360417887
368.51851851851853 0.8477405775356953
368.7687687687688 0.8499608687095719
369.019019019019 0.8521691857087549
369.2692692692693 0.8543654051063484
369.5195195195195 0.8565494039146543
369.76976976976977 0.858721059596587
370.02002002002 0.8608802500770705
370.27027027027026 0.8630268537544152
370.5205205205205 0.8651607495116749
370.77077077077075 0.8672818167279812
371.021021021021 0.8693899352898542
371.2712712712713 0.8714849856024882
371.52152152152155 0.8735668486010096
371.7717717717718 0.8756354057617096
372.02202202202204 0.877690539113244
372.2722722722723 0.8797321312478036
372.52252252252254 0.8817600653322517
372.7727727727728 0.883774225119228
373.02302302302303 0.8857744949582161
373.2732732732733 0.8877607598065749
373.5235235235235 0.8897329052405308
373.77377377377377 0.891690817466131
374.024024024024 0.8936343833301545
374.27427427427426 0.8955634903309809
374.5245245245245 0.8974780266294139
374.77477477477476 0.8993778810594608
375.025025025025 0.9012629431390632
375.27527527527525 0.9031331030807799
375.52552552552555 0.9049882518024197
375.7757757757758 0.9068282809376215
376.02602602602605 0.908653082846384
376.2762762762763 0.9104625506255387
376.52652652652654 0.9122565781191677
376.7767767767768 0.9140350599289648
377.02702702702703 0.9157978914245377
377.2772772772773 0.9175449687536495
377.5275275275275 0.9192761888524005
377.77777777777777 0.9209914494553447
378.028028028028 0.9226906491055447
378.27827827827826 0.9243736871645586
378.5285285285285 0.9260404638223619
378.77877877877876 0.9276908801071999
379.02902902902906 0.9293248378953706
379.2792792792793 0.9309422399209359
379.52952952952955 0.932542989785363
379.7797797797798 0.9341269919670889
380.03003003003005 0.9356941518310109
380.2802802802803 0.937244375637902
380.53053053053054 0.9387775705537464
380.7807807807808 0.9402936446589986
381.03103103103103 0.9417925069577587
381.2812812812813 0.9432740673868708
381.5315315315315 0.9447382368249339
381.7817817817818 0.9461849271012315
382.032032032032 0.9476140510045757
382.28228228228227 0.9490255222920632
382.5325325325325 0.9504192556977451
382.78278278278276 0.9517951669412065
383.033033033033 0.9531531727360567
383.2832832832833 0.9544931907983277
383.53353353353356 0.9558151398547791
383.7837837837838 0.9571189396511112
384.03403403403405 0.9584045109600811
384.2842842842843 0.9596717755895242
384.53453453453454 0.9609206563902776
384.7847847847848 0.9621510772640048
385.03503503503504 0.9633629631709225
385.2852852852853 0.9645562401374249
385.53553553553553 0.9657308352636077
385.7857857857858 0.9668866767306886
386.036036036036 0.9680236938083246
386.28628628628627 0.9691418168618237
386.5365365365365 0.9702409773592514
386.7867867867868 0.9713211078784307
387.03703703703707 0.9723821421138319
387.2872872872873 0.9734240148833573
387.53753753753756 0.9744466621350125
387.7877877877878 0.9754500209534696
388.03803803803805 0.9764340295665158
388.2882882882883 0.977398627351393
388.53853853853855 0.9783437548410203
388.7887887887888 0.9792693537301042
389.03903903903904 0.9801753668811323
389.2892892892893 0.9810617383302525
389.53953953953953 0.9819284132930325
389.7897897897898 0.9827753381701035
390.04004004004 0.983602460552685
390.2902902902903 0.9844097292279886
390.5405405405405 0.985197094184504
390.79079079079077 0.9859645066171605
391.04104104104107 0.9867119189323714
391.2912912912913 0.9874392847529507
391.54154154154156 0.9881465589229107
391.7917917917918 0.9888336975121337
392.04204204204206 0.9895006578209193
392.2922922922923 0.9901473983844067
392.54254254254255 0.9907738789768714
392.7927927927928 0.991380060615894
393.04304304304304 0.9919659055664044
393.2932932932933 0.9925313773445955
393.54354354354354 0.9930764407217104
393.7937937937938 0.9936010617277002
394.044044044044 0.9941052076547526
394.2942942942943 0.9945888470606905
394.5445445445446 0.99505194977224
394.7947947947948 0.9954944868881678
395.0450450450451 0.9959164307822878
395.2952952952953 0.9963177551063348
395.54554554554556 0.9966984347927073
395.7957957957958 0.9970584460570766
396.04604604604606 0.997397766400864
396.2962962962963 0.9977163746135835
396.54654654654655 0.9980142507750527
396.7967967967968 0.9982913762574669
397.04704704704704 0.9985477337273424
397.2972972972973 0.9987833071473222
397.54754754754754 0.9989980817778491
397.7977977977978 0.9991920441787019
398.04804804804803 0.9993651822103978
398.2982982982983 0.9995174850354586
398.5485485485485 0.9996489431195413
398.7987987987988 0.9997595482324334
399.0490490490491 0.9998492934489106
399.2992992992993 0.999918173149461
399.54954954954957 0.9999661830208705
399.7997997997998 0.9999933200566735
400.05005005005006 0.999999582557467
400.3003003003003 0.9999849701310877
400.55055055055055 0.999949483692653
400.8008008008008 0.999893125464466
401.05105105105105 0.9998158989757833
401.3013013013013 0.9997178090624468
401.55155155155154 0.9995988618663797
401.8018018018018 0.999459064834945
402.05205205205203 0.9992984267201684
402.30230230230234 0.9991169575778267
402.5525525525526 0.998914668766397
402.80280280280283 0.9986915729458732
403.0530530530531 0.9984476840764451
403.3033033033033 0.9981830174170432
403.55355355355357 0.9978975895237475
403.8038038038038 0.9975914182480617
404.05405405405406 0.9972645227350531
404.3043043043043 0.9969169234213566
404.55455455455456 0.9965486420330468
404.8048048048048 0.9961597015833749
405.05505505505505 0.9957501263703713
405.3053053053053 0.9953199419743173
405.55555555555554 0.9948691752550821
405.8058058058058 0.9943978543493288
406.05605605605604 0.9939060086675868
406.3063063063063 0.9933936688911943
406.5565565565566 0.9928608669691089
406.80680680680683 0.9923076361145876
407.0570570570571 0.9917340108017372
407.3073073073073 0.9911400267619334
407.5575575575576 0.9905257209801134
407.8078078078078 0.9898911316909379
408.05805805805807 0.9892362983748255
408.3083083083083 0.9885612617538604
408.55855855855856 0.9878660637875721
408.8088088088088 0.9871507476685902
409.05905905905905 0.9864153578181722
409.3093093093093 0.9856599398816077
409.55955955955955 0.9848845407234973
409.8098098098098 0.9840892084229084
410.0600600600601 0.983273992268408
410.31031031031034 0.9824389427529738
410.5605605605606 0.9815841115687833
410.81081081081084 0.9807095516018817
411.0610610610611 0.9798153169267313
411.31131131131133 0.9789014628006416
411.5615615615616 0.9779680456580797
411.8118118118118 0.9770151231048648
412.06206206206207 0.9760427539122453
412.3123123123123 0.9750509980108603
412.56256256256256 0.9740399164845867
412.8128128128128 0.9730095715642713
413.06306306306305 0.9719600266213508
413.3133133133133 0.9708913461613594
413.56356356356355 0.9698035958173242
413.8138138138138 0.9686968423430525
414.06406406406404 0.9675711536063073
414.3143143143143 0.9664265985818765
414.5645645645646 0.9652632473445334
414.81481481481484 0.9640811710618927
415.0650650650651 0.9628804419871586
415.31531531531533 0.961661133451771
415.5655655655656 0.9604233198579477
415.8158158158158 0.9591670766711246
416.06606606606607 0.9578924804122947
416.3163163163163 0.9565996086502476
416.56656656656656 0.9552885399937106
416.8168168168168 0.9539593540833904
417.06706706706706 0.9526121315839213
417.3173173173173 0.9512469541757147
417.5675675675676 0.9498639045467174
417.81781781781785 0.9484630663840758
418.0680680680681 0.9470445243657071
418.31831831831835 0.9456083641517821
418.5685685685686 0.944154672376117
418.81881881881884 0.9426835366374788
419.0690690690691 0.9411950454908021
419.31931931931933 0.9396892884383212
419.5695695695696 0.938166355920618
419.8198198198198 0.9366263393075867
420.0700700700701 0.9350693308893168
420.3203203203203 0.9334954238668953
420.57057057057057 0.931904712343131
420.8208208208208 0.930297291313199
421.07107107107106 0.9286732566552118
421.3213213213213 0.9270327051207118
421.57157157157155 0.9253757343250922
421.8218218218218 0.9237024427379469
422.07207207207205 0.922012929673345
422.32232232232235 0.9203072952800407
422.5725725725726 0.9185856405316132
422.82282282282284 0.9168480672165371
423.0730730730731 0.9150946779281922
423.32332332332334 0.9133255760548066
423.5735735735736 0.9115408657693373
423.82382382382383 0.9097406520192919
424.0740740740741 0.9079250405164881
424.3243243243243 0.9060941377267575
424.57457457457457 0.9042480508595907
424.8248248248248 0.9023868878577296
425.07507507507506 0.9005107573867043
425.32532532532537 0.8986197688243184
425.5755755755756 0.896714032250086
425.82582582582586 0.8947936584346146
426.0760760760761 0.8928587588289456
426.32632632632635 0.8909094455538469
426.5765765765766 0.8889458313890601
426.82682682682685 0.8869680297625067
427.0770770770771 0.8849761547394519
427.32732732732734 0.8829703210116289
427.5775775775776 0.8809506438863256
427.82782782782783 0.878917239275434
428.0780780780781 0.8768702236844652
428.3283283283283 0.8748097142015313
428.5785785785786 0.8727358284862947
428.8288288288288 0.8706486847588883
429.07907907907907 0.8685484017888071
429.3293293293293 0.8664350988837725
429.57957957957956 0.8643088958785711
429.8298298298298 0.8621699131238723
430.08008008008005 0.8600182714750206
430.33033033033036 0.8578540922808104
430.5805805805806 0.8556774973722425
430.83083083083085 0.8534886090512602
431.0810810810811 0.8512875500794751
431.33133133133134 0.8490744436668758
431.5815815815816 0.8468494134605273
431.83183183183183 0.8446125835332593
432.0820820820821 0.8423640783723456
432.3323323323323 0.8401040228681789
432.5825825825826 0.8378325423029389
432.8328328328328 0.8355497623392589
433.0830830830831 0.8332558090088891
433.33333333333337 0.8309508087013645
433.5835835835836 0.8286348881526692
433.83383383383386 0.8263081744339095
434.0840840840841 0.8239707949399916
434.33433433433436 0.8216228773783056
434.5845845845846 0.8192645497574215
434.83483483483485 0.8168959403757938
435.0850850850851 0.8145171778104818
435.33533533533534 0.8121283909058826
435.5855855855856 0.8097297087624832
435.83583583583584 0.8073212607256293
436.0860860860861 0.8049031763743163
436.33633633633633 0.802475585510002
436.5865865865866 0.8000386181454442
436.8368368368368 0.7975924044935638
437.08708708708707 0.7951370749563373
437.3373373373373 0.7926727601137188
437.58758758758756 0.790199590712594
437.8378378378378 0.7877176976557693
438.0880880880881 0.7852272119909952
438.33833833833836 0.7827282649000314
438.5885885885886 0.7802209876877466
438.83883883883885 0.7777055117712652
439.0890890890891 0.7751819686691561
439.33933933933935 0.7726504899906679
439.5895895895896 0.7701112074250125
439.83983983983984 0.7675642527307
440.0900900900901 0.765009757724924
440.34034034034033 0.7624478542730034
440.5905905905906 0.7598786742778809
440.8408408408409 0.7573023496696781
441.09109109109113 0.7547190123953168
441.3413413413414 0.752128794408196
441.5915915915916 0.7495318276579417
441.84184184184187 0.7469282440802203
442.0920920920921 0.7443181755866227
442.34234234234236 0.7417017540546224
442.5925925925926 0.7390791113176052
442.84284284284286 0.7364503791549782
443.0930930930931 0.7338156892823572
443.34334334334335 0.7311751733418356
443.5935935935936 0.7285289628923368
443.84384384384384 0.7258771894000544
444.0940940940941 0.7232199842289796
444.34434434434434 0.7205574786315211
444.5945945945946 0.7178898037392178
444.84484484484483 0.7152170905535488
445.0950950950951 0.7125394699368409
445.3453453453453 0.7098570726032787
445.59559559559557 0.707170029110018
445.8458458458459 0.7044784698484053
446.0960960960961 0.7017825250353095
446.34634634634637 0.6990823247045593
446.5965965965966 0.696377998698502
446.84684684684686 0.6936696766596752
447.0970970970971 0.6909574880226003
447.34734734734735 0.6882415620056989
447.5975975975976 0.6855220276033339
447.84784784784785 0.6827990135779803
448.0980980980981 0.6800726484525261
448.34834834834834 0.677343060502709
448.59859859859864 0.6746103777496884
448.8488488488489 0.6718747279527618
449.09909909909913 0.6691362386022172
449.3493493493494 0.666395036912339
449.5995995995996 0.663651249814559
449.8498498498499 0.6609050039507615
450.1001001001001 0.6581564256667432
450.35035035035037 0.6554056410058318
450.6006006006006 0.6526527757026672
450.85085085085086 0.6498979551771469
451.1011011011011 0.6471413045285404
451.35135135135135 0.6443829485297744
451.6016016016016 0.6416230116218943
451.85185185185185 0.6388616179087019
452.1021021021021 0.6360988911515773
452.35235235235234 0.633334954764483
452.6026026026026 0.6305699318091589
452.85285285285283 0.6278039449905075
453.1031031031031 0.6250371166521752
453.3533533533533 0.6222695687723324
453.60360360360363 0.619501422959655
453.8538538538539 0.6167328004495146
454.1041041041041 0.6139638221003735
454.35435435435437 0.6111946083903966
454.6046046046046 0.6084252794142793
454.85485485485486 0.6056559548802941
455.1051051051051 0.6028867541075625
455.35535535535536 0.6001177960235538
455.6056056056056 0.5973491991618151
455.85585585585585 0.5945810816599372
456.1061061061061 0.5918135612577571
456.3563563563564 0.5890467552958037
456.60660660660665 0.5862807807139925
456.8568568568569 0.5835157540505622
457.10710710710714 0.5807517914412729
457.3573573573574 0.5779890086188564
457.60760760760763 0.5752275209127294
457.8578578578579 0.5724674432489695
458.1081081081081 0.5697088901505603
458.3583583583584 0.5669519757379075
458.6086086086086 0.5641968137296308
458.85885885885887 0.5614435174436347
459.1091091091091 0.5586921997984614
459.35935935935936 0.5559429733149288
459.6096096096096 0.5531959501180612
459.85985985985985 0.5504512419393084
460.1101101101101 0.5477089601190658
460.36036036036035 0.5449692156094902
460.6106106106106 0.5422321189776227
460.86086086086084 0.539497780408814
461.1111111111111 0.5367663097104629
461.3613613613614 0.5340378163160646
461.61161161161164 0.5313124092895787
461.8618618618619 0.5285901973301099
462.11211211211213 0.525871288776917
462.3623623623624 0.523155791614742
462.6126126126126 0.5204438134794692
462.86286286286287 0.517735461664112
463.1131131131131 0.5150308431251335
463.36336336336336 0.5123300644891021
463.6136136136136 0.5096332320596834
463.86386386386386 0.5069404518249704
464.11411411411416 0.5042518294651579
464.3643643643644 0.5015674703605587
464.61461461461465 0.4988874795999616
464.8648648648649 0.49621196198934026
465.11511511511515 0.49354102206090766
465.3653653653654 0.49087476408252
465.61561561561564 0.4882132920674296
465.8658658658659 0.4855567097843904
466.11611611611613 0.4829051207681137
466.3663663663664 0.48025862833007554
466.6166166166166 0.47761733556967756
466.86686686686687 0.4749813453857583
467.1171171171171 0.47235076048845775
467.36736736736736 0.46972568341143195
467.6176176176176 0.46710621652441947
467.86786786786786 0.46449246204615574
468.1181181181181 0.46188452205763736
468.36836836836835 0.45928249851573155
468.6186186186186 0.4566864932671313
468.86886886886884 0.45409660806265284
469.11911911911915 0.451512944571872
469.3693693693694 0.4489356043981017
469.61961961961964 0.44636468909369637
469.8698698698699 0.44380030017569405
470.12012012012013 0.4412425391417816
470.3703703703704 0.43869150748658226
470.6206206206206 0.4361473067182626
470.8708708708709 0.4336100383754504
471.1211211211211 0.4310798040444615
471.37137137137137 0.4285567053768271
471.6216216216216 0.42604084410711723
471.8718718718719 0.42353232207105124
472.12212212212216 0.4210312412238942
472.3723723723724 0.4185377036591202
472.62262262262266 0.4160518116273479
472.8728728728729 0.4135736675555312
473.12312312312315 0.4111033740663981
473.3733733733734 0.4086410339981289
473.62362362362364 0.40618675042426416
473.8738738738739 0.40374062667383026
474.12412412412414 0.4013027663516733
474.3743743743744 0.3988732733589887
474.62462462462463 0.3964522519140352
474.8748748748749 0.39403980657301985
475.1251251251251 0.3916360422511416
475.37537537537537 0.38924106424377936
475.6256256256256 0.38685497824780996
475.87587587587586 0.3844778903830422
476.1261261261261 0.38210990721374993
476.37637637637636 0.3797511357702896
476.6266266266266 0.377401683570785
476.8768768768769 0.3750616586428609
477.12712712712715 0.37273116954541197
477.3773773773774 0.3704103253903797
477.62762762762765 0.3680992358645293
477.8778778778779 0.3657980112511987
478.12812812812814 0.3635067624520028
478.3783783783784 0.3612256010084702
478.62862862862863 0.35895463912359343
478.8788788788789 0.3566939896832676
479.1291291291292 0.3544437662775958
479.37937937937943 0.3522040832220401
479.6296296296297 0.34997505557838765
479.8798798798799 0.34775679917551444
480.13013013013017 0.34554943062991755
480.3803803803804 0.3433530673659898
480.63063063063066 0.341167827636011
480.8808808808809 0.3389938305398289
481.13113113113116 0.3368311960442005
481.3813813813814 0.33468004500176757
481.63163163163165 0.3325404991696351
481.8818818818819 0.3304126812275235
482.13213213213214 0.32829671479546635
482.3823823823824 0.3261927244510197
482.63263263263264 0.32410083574595444
482.8828828828829 0.3220211752223974
483.13313313313313 0.31995387042839113
483.3833833833834 0.31789904993283735
483.6336336336336 0.315856843339792
483.88388388388387 0.3138273813020774
484.1341341341341 0.3118107955341766
484.38438438438436 0.30980721882437673
484.6346346346346 0.30781678504612375
484.88488488488485 0.30583962916855467
485.13513513513516 0.3038758872661705
485.3853853853854 0.3019256965276145
485.63563563563565 0.2999891952635153
485.8858858858859 0.298066522913363
486.13613613613614 0.2961578200513779
486.3863863863864 0.2942632283913334
486.63663663663664 0.2923828907902975
486.88688688688694 0.2905169512512523
487.1371371371372 0.2886655549245583
487.38738738738743 0.2868288481082148
487.6376376376377 0.2850069782468908
487.8878878878879 0.2832000939296786
488.1381381381382 0.28140834488653454
488.3883883883884 0.2796318819833687
488.63863863863867 0.2778708572157441
488.8888888888889 0.276125423701148
489.13913913913916 0.27439573566979486
489.3893893893894 0.27268194845392585
489.63963963963965 0.2709842184755641
489.8898898898899 0.2693027032326902
490.14014014014015 0.2676375612837983
490.3903903903904 0.26598895223079866
490.64064064064064 0.2643570367002268
490.8908908908909 0.26274197632272595
491.14114114114113 0.2611439337107646
491.3913913913914 0.25956307243455656
491.6416416416416 0.25799955699614613
491.8918918918919 0.25645355280162696
492.1421421421421 0.2549252261314605
492.39239239239237 0.2534147441088605
492.6426426426426 0.2519222746662137
492.8928928928929 0.25044798650950495
493.14314314314316 0.24899204908071848
493.3933933933934 0.24755463251818136
493.64364364364366 0.24613590761482965
493.8938938938939 0.24473604577436364
494.14414414414415 0.24335521896526877
494.3943943943944 0.24199359967267906
494.6446446446447 0.2406513608480583
494.89489489489495 0.2393286758566792
495.1451451451452 0.23802571842287654
495.39539539539544 0.23674266257305995
495.6456456456457 0.2354796825764659
495.89589589589593 0.23423695288363397
496.1461461461462 0.23301464806259317
496.3963963963964 0.23181294273274575
496.6466466466467 0.23063201149643786
496.8968968968969 0.22947202886820775
497.14714714714717 0.22833316920170493
497.3973973973974 0.22721560661427453
497.64764764764766 0.22611951490920415
497.8978978978979 0.22504506749563147
498.14814814814815 0.22399243730611423
498.3983983983984 0.222961796711865
498.64864864864865 0.22195331743565588
498.8988988988989 0.2209671704624017
499.14914914914914 0.2200035259474295
499.3993993993994 0.219062553122449
499.64964964964963 0.218144420199236
499.8998998998999 0.2172492942710474
500.1501501501501 0.2163773412117863
500.4004004004004 0.21552872557294023
500.6506506506507 0.21470361047831504
500.9009009009009 0.21390215751659475
501.15115115115117 0.21312452663175302
501.4014014014014 0.2123708760113524
501.65165165165166 0.21164136197276517
501.9019019019019 0.21093613884735252
502.15215215215215 0.21025535886264504
502.40240240240246 0.20959917202256556
502.6526526526527 0.20896772598574376
502.90290290290295 0.20836116594196757
503.1531531531532 0.20777963448682782
503.40340340340344 0.20722327149460795
503.6536536536537 0.20669221398947799
503.90390390390394 0.2061865960150531
504.1541541541542 0.20570654850238046
504.40440440440443 0.2052521991364211
504.6546546546547 0.20482367222109613
504.9049049049049 0.20442108854296945
505.15515515515517 0.20404456523364303
505.4054054054054 0.20369421563094178
505.65565565565566 0.20337014913897028
505.9059059059059 0.20307247108712442
506.15615615615616 0.20280128258814578
506.4064064064064 0.2025566803953065
506.65665665665665 0.2023387567588193
506.9069069069069 0.20214759928156667
507.15715715715714 0.2019832907742465
507.4074074074074 0.20184590911003653
507.65765765765764 0.20173552707887882
507.9079079079079 0.20165221224149177
508.15815815815813 0.2015960267832172
508.40840840840843 0.20156702736781318
508.6586586586587 0.201565264991307
508.9089089089089 0.2015907848360222
509.1591591591592 0.20164362612489975
509.4094094094094 0.20172382197623157
509.65965965965967 0.20183139925893018
509.9099099099099 0.20196637844845838
510.16016016016016 0.20212877348354485
510.41041041041046 0.20231859162381527
510.6606606606607 0.2025358333084676
510.91091091091096 0.2027804920161249
511.1611611611612 0.20305255412599751
511.41141141141145 0.2033519987804911
511.6616616616617 0.2036787977493958
511.91191191191194 0.20403291529579506
512.1621621621622 0.20441430804383198
512.4124124124124 0.20482292484847447
512.6626626626627 0.20525870666741824
512.9129129129129 0.20572158643527172
513.1631631631632 0.2062114889401623
513.4134134134134 0.20672833070291008
513.6636636636637 0.20727201985890947
513.9139139139139 0.20784245604286458
514.1641641641642 0.20843953027652057
514.4144144144144 0.2090631248595356
514.6646646646647 0.2097131132636375
514.9149149149149 0.21038936003020628
515.1651651651651 0.2110917206714289
515.4154154154154 0.21182004157516457
515.6656656656656 0.212574159913666
515.9159159159159 0.2133539035562942
516.1661661661662 0.21415909098636848
516.4164164164165 0.21498953122228764
516.6666666666667 0.21584502374306358
516.916916916917 0.21672535841839735
517.1671671671672 0.21763031544343517
517.4174174174175 0.21855966527833492
517.6676676676677 0.21951316859277295
517.917917917918 0.22049057621551876
518.1681681681682 0.22149162908920306
518.4184184184185 0.22251605823040096
518.6686686686687 0.22356358469515164
518.918918918919 0.22463391955003031
519.1691691691692 0.22572676384888662
519.4194194194195 0.22684180861536152
519.6696696696697 0.22797873483128817
519.91991991992 0.2291372134310824
520.1701701701702 0.23031690530222204
520.4204204204204 0.23151746129191214
520.6706706706707 0.23273852222002733
520.9209209209209 0.23397971889842145
521.1711711711712 0.235240672156686
521.4214214214214 0.23652099287443917
521.6716716716717 0.2378202820202182
521.9219219219219 0.23913813069704692
522.1721721721722 0.24047412019474268
522.4224224224224 0.24182782204902273
522.6726726726727 0.24319879810746547
522.9229229229229 0.24458660060237675
523.1731731731732 0.24599077223060434
523.4234234234234 0.24741084624033985
523.6736736736736 0.24884634652494197
523.9239239239239 0.25029678772380715
524.1741741741741 0.2517616753303101
524.4244244244244 0.25324050580682866
524.6746746746746 0.2547327667068643
524.9249249249249 0.25623793680425894
525.1751751751751 0.25775548622950756
525.4254254254254 0.25928487661315575
525.6756756756756 0.26082556123626743
525.925925925926 0.26237698518794067
526.1761761761762 0.2639385855298394
526.4264264264265 0.2655097914677157
526.6766766766767 0.2670900245298675
526.926926926927 0.2686786987524934
527.1771771771772 0.2702752208718844
527.4274274274275 0.2718789905233938
527.6776776776777 0.2734894004471139
527.927927927928 0.27510583670018607
528.1781781781782 0.27672767887566124
528.4284284284284 0.2783543003278226
528.6786786786787 0.2799850684038747
528.9289289289289 0.28161934468189653
529.1791791791792 0.28325648521495084
529.4294294294294 0.28489584078123226
529.6796796796797 0.28653675714013455
529.9299299299299 0.28817857529410645
530.1801801801802 0.28982063175616174
530.4304304304304 0.2914622588229025
530.6806806806807 0.29310278485290725
530.9309309309309 0.2947415345503298
531.1811811811812 0.2963778292535491
531.4314314314314 0.29801098722870384
531.6816816816818 0.29964032396793927
531.931931931932 0.3012651524921861
532.1821821821823 0.30288478365829613
532.4324324324325 0.3044985264703325
532.6826826826828 0.3061056883948302
532.932932932933 0.3077055756798229
533.1831831831832 0.3092974936774302
533.4334334334335 0.310880747169798
533.6836836836837 0.3124546406981737
533.933933933934 0.3140184788948999
534.1841841841842 0.31557156681810017
534.4344344344345 0.3171132102888299
534.6846846846847 0.31864271623046014
534.934934934935 0.32015939301005697
535.1851851851852 0.32166255078151795
535.4354354354355 0.3231515018302217
535.6856856856857 0.3246255609189439
535.935935935936 0.3260840456347915
536.1861861861862 0.3275262767369004
536.4364364364365 0.32895157850464474
536.6866866866867 0.3303592790860982
536.936936936937 0.33174871084648977
537.1871871871872 0.3331192107163917
537.4374374374374 0.3344701205393786
537.6876876876877 0.3358007874188917
537.9379379379379 0.3371105640640458
538.1881881881882 0.33839880913411097
538.4384384384384 0.33966488758140384
538.6886886886887 0.34090817099232223
538.9389389389389 0.34212803792625535
539.1891891891892 0.3433238742521043
539.4394394394394 0.3444950734821472
539.6896896896897 0.3456410371029828
539.9399399399399 0.3467611749032902
540.1901901901902 0.3478549052981412
540.4404404404404 0.34892165564960426
540.6906906906906 0.3499608625833818
540.9409409409409 0.35097197230122334
541.1911911911911 0.3519544408888604
541.4414414414415 0.3529077346192106
541.6916916916917 0.35383133025060254
541.941941941942 0.3547247153197781
542.1921921921922 0.3555873884294256
542.4424424424425 0.35641885953000885
542.6926926926927 0.35721865019565646
542.942942942943 0.35798629389388237
543.1931931931932 0.3587213362489102
543.4434434434435 0.35942333529838155
543.6936936936937 0.3600918617432334
543.943943943944 0.36072649919053096
544.1941941941942 0.36132684438905455
544.4444444444445 0.3618925074574372
544.6946946946947 0.36242311210466205
544.944944944945 0.36291829584273066
545.1951951951952 0.36337771019132065
545.4454454454454 0.3638010208742594
545.6956956956957 0.36418790800764367
545.9459459459459 0.36453806627944557
546.1961961961962 0.3648512051204501
546.4464464464464 0.3651270488663772
546.6966966966967 0.365365336911049
546.9469469469469 0.36556582385047076
547.1971971971973 0.36572827961769994
547.4474474474475 0.3658524896083887
547.6976976976978 0.36593825479688974
547.947947947948 0.3659853918428268
548.1981981981983 0.365993733188036
548.4484484484485 0.3659631271437953
548.6986986986988 0.3658934379682661
548.948948948949 0.3657845459340807
549.1991991991993 0.365636347386016
549.4494494494495 0.3654487547887054
549.6996996996997 0.36522169676434607
549.94994994995 0.3649551181203703
550.2002002002002 0.36464897986705735
550.4504504504505 0.3643032592250706
550.7007007007007 0.3639179496229141
550.950950950951 0.3634930606843116
551.2012012012012 0.3630286182055197
551.4514514514515 0.36252466412259543
551.7017017017017 0.3619812564686474
551.951951951952 0.36139846932110925
552.2022022022022 0.3607763927390806
552.4524524524525 0.3601151326907927
552.7027027027027 0.35941481097126177
552.952952952953 0.35867556511020166
553.2032032032032 0.3578975482702787
553.4534534534534 0.35708092913579614
553.7037037037037 0.35622589179190683
553.9539539539539 0.3553326355944593
554.2042042042042 0.35440137503059066
554.4544544544544 0.3534323395701883
554.7047047047047 0.3524257735083503
554.9549549549549 0.351381935798979
555.2052052052052 0.3503010998796555
555.4554554554554 0.3491835534879439
555.7057057057057 0.348029598469286
555.9559559559559 0.3468395505766509
556.2062062062062 0.3456137392621126
556.4564564564564 0.3443525074605352
556.7067067067067 0.34305621136555015
556.956956956957 0.34172522019801704
557.2072072072073 0.34035991596717
557.4574574574575 0.33896069322464245
557.7077077077078 0.33752795881159287
557.957957957958 0.33606213159913545
558.2082082082082 0.33456364222229956
558.4584584584585 0.3330329328077404
558.7087087087087 0.3314704566954312
558.958958958959 0.3298766781545681
559.2092092092092 0.32825207209392704
559.4594594594595 0.3265971237669111
559.7097097097097 0.32491232847153556
559.95995995996 0.32319819124559646
560.2102102102102 0.32145522655727504
560.4604604604605 0.31968395799143107
560.7107107107107 0.31788491793184104
560.960960960961 0.31605864723964133
561.2112112112112 0.3142056949282353
561.4614614614615 0.3123266178349267
561.7117117117117 0.3104219802895445
561.961961961962 0.3084923537803222
562.2122122122122 0.30653831661729924
562.4624624624624 0.30456045359350875
562.7127127127128 0.3025593556442201
562.962962962963 0.30053561950450647
563.2132132132133 0.2984898473653913
563.4634634634635 0.29642264652885914
563.7137137137138 0.29433462906198055
563.963963963964 0.29222641145042333
564.2142142142143 0.29009861425161193
564.4644644644645 0.28795186174779575
564.7147147147148 0.2857867815992889
564.964964964965 0.28360400449813766
565.2152152152153 0.2814041638224725
565.4654654654655 0.27918789529179877
565.7157157157158 0.27695583662347534
565.965965965966 0.2747086271906317
566.2162162162163 0.27244690768176577
566.4664664664665 0.27017131976226516
566.7167167167167 0.2678825057380907
566.966966966967 0.265581108221854
567.2172172172172 0.26326776980152167
567.4674674674675 0.26094313271196984
567.7177177177177 0.2586078385096132
567.967967967968 0.2562625277503225
568.2182182182182 0.25390783967084524
568.4684684684685 0.2515444118739359
568.7187187187187 0.2491728800173978
568.968968968969 0.24679387750723408
569.2192192192192 0.24440803519509932
569.4694694694695 0.24201598108023772
569.7197197197197 0.2396183400160887
569.96996996997 0.23721573342173446
570.2202202202202 0.2348087789983584
570.4704704704704 0.23239809045087628
570.7207207207207 0.229984277214899
570.9709709709709 0.22756794418917475
571.2212212212212 0.2251496914736567
571.4714714714714 0.22273011411333307
571.7217217217217 0.22030980184795124
571.9719719719719 0.21788933886776038
572.2222222222222 0.2154693035753915
572.4724724724725 0.21305026835398477
572.7227227227228 0.21063279934167578
572.972972972973 0.2082174562125228
573.2232232232233 0.20580479196398896
573.4734734734735 0.20339535271104606
573.7237237237238 0.200989677486987
573.973973973974 0.19858829805101513
574.2242242242243 0.19619173870267634
574.4744744744745 0.1938005161031908
574.7247247247248 0.19141513910373692
574.974974974975 0.1890361085807303
575.2252252252252 0.18666391727813725
575.4754754754755 0.18429904965685268
575.7257257257257 0.18194198175116846
575.975975975976 0.17959318103234953
576.2262262262262 0.17725310627933002
576.4764764764765 0.1749222074565347
576.7267267267267 0.17260092559882537
576.976976976977 0.17028969270356453
577.2272272272272 0.16798893162978384
577.4774774774775 0.165699056004438
577.7277277277277 0.1634204701357188
577.977977977978 0.1611535689333991
578.2282282282283 0.15889873783616854
578.4784784784786 0.15665635274592535
578.7287287287288 0.15442677996896098
578.9789789789791 0.1522103761640056
579.2292292292293 0.15000748829706037
579.4794794794796 0.14781845360295956
579.7297297297298 0.14564359955359343
579.97997997998 0.14348324383271863
580.2302302302303 0.1413376943172783
580.4804804804805 0.13920724906515008
580.7307307307308 0.13709219630923503
580.980980980981 0.13499281445779637
581.2312312312313 0.13290937210095416
581.4814814814815 0.13084212802323555
581.7317317317318 0.1287913312220795
581.981981981982 0.12675722093218864
582.2322322322323 0.12474002665561941
582.4824824824825 0.12273996819749693
582.7327327327328 0.12075725570723916
582.982982982983 0.11879208972517084
583.2332332332332 0.11684466123440589
583.4834834834835 0.1149151517178734
583.7337337337337 0.1130037332203613
583.983983983984 0.11111056841544699
584.2342342342342 0.1092358106771857
584.4844844844845 0.10737960415642166
584.7347347347347 0.10554208386158807
584.984984984985 0.10372337574385893
585.2352352352352 0.10192359678651489
585.4854854854855 0.10014285509838342
585.7357357357357 0.09838125001121305
585.985985985986 0.09663887218084023
586.2362362362362 0.09491580369200625
586.4864864864865 0.09321211816668154
586.7367367367367 0.09152788087575368
586.986986986987 0.08986314885393548
587.2372372372372 0.08821797101774863
587.4874874874874 0.0865923882864395
587.7377377377377 0.08498643370568253
587.987987987988 0.08340013257392656
588.2382382382383 0.08183350257124572
588.4884884884885 0.0802865538905402
588.7387387387388 0.07875928937095962
588.988988988989 0.07725170463339637
589.2392392392393 0.07576378821791255
589.4894894894895 0.07429552172296025
589.7397397397398 0.07284687994625631
589.98998998999 0.0714178310271748
590.2402402402403 0.07000833659052066
590.4904904904905 0.06861835189155027
590.7407407407408 0.0672478259621063
590.990990990991 0.06589670175773496
591.2412412412413 0.06456491630565687
591.4914914914915 0.06325240085346324
591.7417417417417 0.061959081018412285
591.991991991992 0.06068487693720169
592.2422422422422 0.059429703416096165
592.4924924924925 0.05819347008129002
592.7427427427427 0.0569760815293885
592.992992992993 0.05577743747789243
593.2432432432432 0.0545974329155743
593.4934934934935 0.0534359582526356
593.7437437437438 0.0522928994705378
593.9939939939941 0.05116813827140493
594.2442442442443 0.05006155222688826
594.4944944944946 0.04897301492640348
594.7447447447448 0.04790239612463612
594.9949949949951 0.04684956188822418
595.2452452452453 0.04581437474152587
595.4954954954956 0.0447966938113847
595.7457457457458 0.04379637497080526
595.995995995996 0.042813270981457895
596.2462462462463 0.041847231634931537
596.4964964964965 0.040898103892658244
596.7467467467468 0.03996573202443495
596.996996996997 0.03904995774547122
597.2472472472473 0.03815062035189504
597.4974974974975 0.0372675568546506
597.7477477477478 0.03640060211172607
597.997997997998 0.03554958895865167
598.2482482482483 0.03471434833721111
598.4984984984985 0.03389470942231266
598.7487487487488 0.03309049974696922
598.998998998999 0.03230154532533857
599.2492492492493 0.0315276707737793
599.4994994994995 0.03076869942987932
599.7497497497498 0.030024453469417685
600.0 0.029294754021222506
