350.0 0.6592406302004438
350.25025025025025 0.6619890481951796
350.5005005005005 0.664735047996607
350.75075075075074 0.6674785046913895
351.001001001001 0.6702192930089386
351.25125125125123 0.6729572873304214
351.5015015015015 0.6756923616978405
351.7517517517517 0.6784243898231881
352.00200200200203 0.6811532450976707
352.2522522522523 0.6838788006010036
352.5025025025025 0.6866009291107803
352.75275275275277 0.6893195031119053
353.003003003003 0.6920343948060982
353.25325325325326 0.6947454761214646
353.5035035035035 0.6974526187221338
353.75375375375376 0.7001556940179609
354.004004004004 0.7028545731742942
354.25425425425425 0.7055491271218067
354.5045045045045 0.7082392265663884
354.75475475475474 0.7109247419991015
355.005005005005 0.7136055437061962
355.25525525525524 0.7162815017791854
355.5055055055055 0.7189524861249771
355.75575575575573 0.7216183664760669
356.00600600600603 0.724279012400784
356.2562562562563 0.7269342933135922
356.5065065065065 0.7295840784854498
356.7567567567568 0.7322282370542166
357.007007007007 0.7348666380351163
357.25725725725727 0.7374991503312488
357.5075075075075 0.7401256427441526
357.75775775775776 0.7427459839844153
358.008008008008 0.7453600426823317
358.25825825825825 0.7479676873986085
358.5085085085085 0.7505687866351133
358.75875875875874 0.7531632088456681
359.009009009009 0.7557508224468854
359.25925925925924 0.7583314958290455
359.5095095095095 0.7609050973670141
359.75975975975973 0.7634714954311991
360.01001001001003 0.7660305583985456
360.2602602602603 0.7685821546635645
360.5105105105105 0.7711261526494023
360.7607607607608 0.7736624208189389
361.011011011011 0.7761908276859206
361.26126126126127 0.7787112418261256
361.5115115115115 0.7812235318885572
361.76176176176176 0.7837275666066676
362.012012012012 0.7862232148096088
362.26226226226225 0.788710345433509
362.5125125125125 0.791188827532775
362.76276276276275 0.7936585302914168
363.013013013013 0.7961193230343951
363.26326326326324 0.7985710752389903
363.5135135135135 0.8010136565461894
363.7637637637638 0.8034469367720926
364.01401401401404 0.8058707859193329
364.2642642642643 0.8082850741885186
364.51451451451453 0.8106896719896812
364.7647647647648 0.8130844499537414
365.015015015015 0.8154692789439836
365.26526526526527 0.8178440300675415
365.5155155155155 0.8202085746868912
365.76576576576576 0.8225627844313523
366.016016016016 0.8249065312085924
366.26626626626626 0.8272396872161376
366.5165165165165 0.8295621249528856
366.76676676676675 0.8318737172306182
367.017017017017 0.8341743371855155
367.26726726726724 0.8364638582896671
367.5175175175175 0.8387421543625809
367.7677677677678 0.8410090995826875
368.01801801801804 0.8432645684988361
368.2682682682683 0.8455084360417876
368.51851851851853 0.8477405775356941
368.7687687687688 0.8499608687095705
369.019019019019 0.8521691857087534
369.2692692692693 0.8543654051063468
369.5195195195195 0.8565494039146525
369.76976976976977 0.8587210595965851
370.02002002002 0.8608802500770685
370.27027027027026 0.8630268537544129
370.5205205205205 0.8651607495116724
370.77077077077075 0.8672818167279785
371.021021021021 0.8693899352898512
371.2712712712713 0.871484985602485
371.52152152152155 0.8735668486010061
371.7717717717718 0.8756354057617057
372.02202202202204 0.8776905391132398
372.2722722722723 0.8797321312477989
372.52252252252254 0.8817600653322467
372.7727727727728 0.8837742251192225
373.02302302302303 0.88577449495821
373.2732732732733 0.8877607598065683
373.5235235235235 0.8897329052405236
373.77377377377377 0.8916908174661231
374.024024024024 0.893634383330146
374.27427427427426 0.8955634903309716
374.5245245245245 0.8974780266294037
374.77477477477476 0.8993778810594497
375.025025025025 0.9012629431390511
375.27527527527525 0.9031331030807666
375.52552552552555 0.9049882518024052
375.7757757757758 0.9068282809376056
376.02602602602605 0.9086530828463668
376.2762762762763 0.9104625506255198
376.52652652652654 0.9122565781191472
376.7767767767768 0.9140350599289424
377.02702702702703 0.9157978914245132
377.2772772772773 0.9175449687536229
377.5275275275275 0.9192761888523714
377.77777777777777 0.920991449455313
378.028028028028 0.9226906491055101
378.27827827827826 0.924373687164521
378.5285285285285 0.9260404638223209
378.77877877877876 0.9276908801071552
379.02902902902906 0.9293248378953218
379.2792792792793 0.9309422399208829
379.52952952952955 0.9325429897853053
379.7797797797798 0.934126991967026
380.03003003003005 0.9356941518309424
380.2802802802803 0.9372443756378274
380.53053053053054 0.9387775705536652
380.7807807807808 0.9402936446589101
381.03103103103103 0.9417925069576625
381.2812812812813 0.9432740673867661
381.5315315315315 0.9447382368248198
381.7817817817818 0.9461849271011076
382.032032032032 0.9476140510044408
382.28228228228227 0.9490255222919165
382.5325325325325 0.9504192556975856
382.78278278278276 0.951795166941033
383.033033033033 0.9531531727358682
383.2832832832833 0.9544931907981228
383.53353353353356 0.9558151398545562
383.7837837837838 0.957118939650869
384.03403403403405 0.9584045109598179
384.2842842842843 0.9596717755892383
384.53453453453454 0.9609206563899669
384.7847847847848 0.9621510772636674
385.03503503503504 0.963362963170556
385.2852852852853 0.9645562401370269
385.53553553553553 0.9657308352631756
385.7857857857858 0.9668866767302194
386.036036036036 0.9680236938078153
386.28628628628627 0.9691418168612708
386.5365365365365 0.9702409773586513
386.7867867867868 0.9713211078777795
387.03703703703707 0.9723821421131253
387.2872872872873 0.9734240148825907
387.53753753753756 0.974446662134181
387.7877877877878 0.9754500209525676
388.03803803803805 0.9764340295655376
388.2882882882883 0.9773986273503323
388.53853853853855 0.9783437548398702
388.7887887887888 0.9792693537288574
389.03903903903904 0.9801753668797808
389.2892892892893 0.9810617383287877
389.53953953953953 0.9819284132914451
389.7897897897898 0.9827753381683835
390.04004004004 0.9836024605508216
390.2902902902903 0.98440972922597
390.5405405405405 0.9851970941823174
390.79079079079077 0.9859645066147924
391.04104104104107 0.9867119189298071
391.2912912912913 0.9874392847501743
391.54154154154156 0.9881465589199049
391.7917917917918 0.98883369750888
392.04204204204206 0.9895006578173977
392.2922922922923 0.9901473983805956
392.54254254254255 0.9907738789727475
392.7927927927928 0.9913800606114324
393.04304304304304 0.9919659055615778
393.2932932932933 0.9925313773393748
393.54354354354354 0.993076440716064
393.7937937937938 0.9936010617215943
394.044044044044 0.9941052076481507
394.2942942942943 0.994588847053553
394.5445445445446 0.9950519497645245
394.7947947947948 0.9954944868798286
395.0450450450451 0.9959164307732754
395.2952952952953 0.9963177550965963
395.54554554554556 0.9966984347821853
395.7957957957958 0.9970584460457098
396.04604604604606 0.9973977663885859
396.2962962962963 0.9977163746003228
396.54654654654655 0.9980142507607325
396.7967967967968 0.9982913762420045
397.04704704704704 0.9985477337106486
397.2972972972973 0.9987833071293015
397.54754754754754 0.9989980817583983
397.7977977977978 0.9991920441577102
398.04804804804803 0.999365182187746
398.2982982982983 0.9995174850110183
398.5485485485485 0.9996489430931749
398.7987987987988 0.9997595482039924
399.0490490490491 0.9998492934182357
399.2992992992993 0.9999181731163808
399.54954954954957 0.9999661829852009
399.7997997997998 0.9999933200182167
400.05005005005006 0.9999995825160104
400.3003003003003 0.9999849700864027
400.55055055055055 0.9999494836444945
400.8008008008008 0.9998931254125704
401.05105105105105 0.9998158989198676
401.3013013013013 0.9997178090022071
401.55155155155154 0.9995988618014897
401.8018018018018 0.9994590647650544
402.05205205205203 0.9992984266449015
402.30230230230234 0.99911695749678
402.5525525525526 0.9989146686791376
402.80280280280283 0.9986915728519365
403.0530530530531 0.9984476839753329
403.3033033033033 0.9981830173082211
403.55355355355357 0.9978975894066422
403.8038038038038 0.9975914181220585
404.05405405405406 0.9972645225994927
404.3043043043043 0.9969169232755327
404.55455455455456 0.9965486418762018
404.8048048048048 0.996159701414697
405.05505505505505 0.9957501261889905
405.3053053053053 0.9953199417793014
405.55555555555554 0.9948691750454325
405.8058058058058 0.9943978541239754
406.05605605605604 0.9939060084253838
406.3063063063063 0.9933936686309144
406.5565565565566 0.9928608666894378
406.80680680680683 0.9923076358141186
407.0570570570571 0.9917340104789637
407.3073073073073 0.9911400264152433
407.5575575575576 0.9905257206077813
407.8078078078078 0.9898911312911173
408.05805805805807 0.9892362979455407
408.3083083083083 0.9885612612929978
408.55855855855856 0.9878660632928709
408.8088088088088 0.9871507471376323
409.05905905905905 0.9864153572483716
409.3093093093093 0.9856599392701995
409.55955955955955 0.9848845400675252
409.8098098098098 0.9840892077192126
410.0600600600601 0.9832739915136111
410.31031031031034 0.9824389419434664
410.5605605605606 0.9815841107007083
410.81081081081084 0.9807095506711183
411.0610610610611 0.9798153159288776
411.31131131131133 0.9789014617309956
411.5615615615616 0.9779680445116197
411.8118118118118 0.9770151218762285
412.06206206206207 0.9760427525957074
412.3123123123123 0.9750509966003087
412.56256256256256 0.9740399149734971
412.8128128128128 0.9730095699456807
413.06306306306305 0.9719600248878284
413.3133133133133 0.9708913443049766
413.56356356356355 0.9698035938296228
413.8138138138138 0.9686968402150093
414.06406406406404 0.9675711513282991
414.3143143143143 0.9664265961436405
414.5645645645646 0.9652632447351264
414.81481481481484 0.9640811682696478
415.0650650650651 0.962880438999639
415.31531531531533 0.9616611302557203
415.5655655655656 0.9604233164392387
415.8158158158158 0.9591670730147033
416.06606606606607 0.9578924765021222
416.3163163163163 0.9565996044692375
416.56656656656656 0.9552885355236632
416.8168168168168 0.953959349304923
417.06706706706706 0.9526121264763935
417.3173173173173 0.9512469487171501
417.5675675675676 0.9498638987137201
417.81781781781785 0.9484630601517421
418.0680680680681 0.9470445177075316
418.31831831831835 0.9456083570395589
418.5685685685686 0.9441546647798345
418.81881881881884 0.9426835285252078
419.0690690690691 0.9411950368285783
419.31931931931933 0.9396892791900202
419.5695695695696 0.9381663460478232
419.8198198198198 0.936626328769449
420.0700700700701 0.9350693196424062
420.3203203203203 0.9334954118650449
420.57057057057057 0.93190469953727
420.8208208208208 0.9302972776511776
421.07107107107106 0.9286732420816152
421.3213213213213 0.9270326895766636
421.57157157157155 0.9253757177480468
421.8218218218218 0.9237024250614695
422.07207207207205 0.9220129108268791
422.32232232232235 0.9203072751886625
422.5725725725726 0.918585619115772
422.82282282282284 0.9168480443917806
423.0730730730731 0.9150946536048767
423.32332332332334 0.9133255501377905
423.5735735735736 0.9115408381576577
423.82382382382383 0.9097406226058222
424.0740740740741 0.9079250091875775
424.3243243243243 0.9060941043618491
424.57457457457457 0.9042480153308199
424.8248248248248 0.9023868500294986
425.07507507507506 0.9005107171152339
425.32532532532537 0.8986197259571747
425.5755755755756 0.8967139866256814
425.82582582582586 0.8947936098816807
426.0760760760761 0.8928587071659778
426.32632632632635 0.8909093905885184
426.5765765765766 0.888945772917604
426.82682682682685 0.8869679675690643
427.0770770770771 0.8849760885953862
427.32732732732734 0.8829702506748005
427.5775775775776 0.88095056910033
427.82782782782783 0.878917159768797
428.0780780780781 0.8768701391697967
428.3283283283283 0.8748096243746327
428.5785785785786 0.8727357330252193
428.8288288288288 0.8706485833229517
429.07907907907907 0.8685482940175449
429.3293293293293 0.8664349843958432
429.57957957957956 0.864308774270602
429.8298298298298 0.8621697839692437
430.08008008008005 0.8600181343225869
430.33033033033036 0.8578539466535543
430.5805805805806 0.8556773427658597
430.83083083083085 0.8534884449326704
431.0810810810811 0.8512873758852559
431.33133133133134 0.8490742588016164
431.5815815815816 0.8468492172950971
431.83183183183183 0.844612375402988
432.0820820820821 0.842363857575111
432.3323323323323 0.8401037886623962
432.5825825825826 0.8378322939054496
432.8328328328328 0.8355494989231107
433.0830830830831 0.8332555297010066
433.33333333333337 0.8309505125801009
433.5835835835836 0.8286345742452357
433.83383383383386 0.826307841713677
434.0840840840841 0.8239704423236576
434.33433433433436 0.8216225037229207
434.5845845845846 0.8192641538572685
434.83483483483485 0.816895520959114
435.0850850850851 0.8145167335360389
435.33533533533534 0.81212792035936
435.5855855855856 0.809729210452704
435.83583583583584 0.8073207330805936
436.0860860860861 0.8049026177370456
436.33633633633633 0.8024749941341832
436.5865865865866 0.8000379921908634
436.8368368368368 0.7975917420213212
437.08708708708707 0.7951363739238336
437.3373373373373 0.7926720183694016
437.58758758758756 0.7901988059904553
437.8378378378378 0.7877168675695823
438.0880880880881 0.785226334028279
438.33833833833836 0.7827273364157321
438.5885885885886 0.7802200058976219
438.83883883883885 0.7777044737449603
439.0890890890891 0.7751808713229578
439.33933933933935 0.7726493300799218
439.5895895895896 0.7701099815361904
439.83983983983984 0.7675629572731016
440.0900900900901 0.7650083889219987
440.34034034034033 0.7624464081532745
440.5905905905906 0.7598771466654564
440.8408408408409 0.7573007361743311
441.09109109109113 0.7547173084021176
441.3413413413414 0.7521269950666764
441.5915915915916 0.749529927870773
441.84184184184187 0.7469262384913854
442.0920920920921 0.7443160585690604
442.34234234234236 0.7416995196973235
442.5925925925926 0.739076753412138
442.84284284284286 0.7364478911814202
443.0930930930931 0.7338130643946088
443.34334334334335 0.7311724043522922
443.5935935935936 0.7285260422558931
443.84384384384384 0.7258741091974139
444.0940940940941 0.7232167361492435
444.34434434434434 0.7205540539540268
444.5945945945946 0.7178861933145991
444.84484484484483 0.7152132847839857
445.0950950950951 0.7125354587554709
445.3453453453453 0.7098528454527332
445.59559559559557 0.7071655749200546
445.8458458458459 0.7044737770125981
446.0960960960961 0.7017775813867639
446.34634634634637 0.6990771174906144
446.5965965965966 0.696372514554381
446.84684684684686 0.6936639015810468
447.0970970970971 0.6909514073370099
447.34734734734735 0.6882351603428266
447.5975975975976 0.6855152888640387
447.84784784784785 0.6827919209020841
448.0980980980981 0.6800651841852933
448.34834834834834 0.6773352061599737
448.59859859859864 0.6746021139815808
448.8488488488489 0.6718660345059846
449.09909909909913 0.6691270942808188
449.3493493493494 0.666385419536933
449.5995995995996 0.6636411361799327
449.8498498498499 0.6608943697818194
450.1001001001001 0.6581452455727268
450.35035035035037 0.6553938884327566
450.6006006006006 0.652640422883915
450.85085085085086 0.6498849730821518
451.1011011011011 0.6471276628095028
451.35135135135135 0.6443686154663381
451.6016016016016 0.6416079540637161
451.85185185185185 0.638845801215847
452.1021021021021 0.6360822791326655
452.35235235235234 0.6333175096125141
452.6026026026026 0.6305516140349403
452.85285285285283 0.6277847133536071
453.1031031031031 0.6250169280893197
453.3533533533533 0.6222483783231694
453.60360360360363 0.6194791836897947
453.8538538538539 0.6167094633707665
454.1041041041041 0.6139393360880887
454.35435435435437 0.6111689200978273
454.6046046046046 0.6083983331838615
454.85485485485486 0.6056276926517615
455.1051051051051 0.6028571153227926
455.35535535535536 0.6000867175280497
455.6056056056056 0.5973166151027206
455.85585585585585 0.5945469233804824
456.1061061061061 0.5917777571880299
456.3563563563564 0.5890092308397376
456.60660660660665 0.5862414581324624
456.8568568568569 0.5834745523404756
457.10710710710714 0.5807086262105409
457.3573573573574 0.5779437919571281
457.60760760760763 0.575180161257771
457.8578578578579 0.5724178452485651
458.1081081081081 0.569656954519812
458.3583583583584 0.5668975991118069
458.6086086086086 0.5641398885107749
458.85885885885887 0.5613839316449533
459.1091091091091 0.5586298368808241
459.35935935935936 0.555877712019497
459.6096096096096 0.5531276642932433
459.85985985985985 0.5503798003621829
460.1101101101101 0.547634226311126
460.36036036036035 0.5448910476465679
460.6106106106106 0.5421503692938435
460.86086086086084 0.5394122955944349
461.1111111111111 0.5366769303034412
461.3613613613614 0.5339443765872044
461.61161161161164 0.5312147370211004
461.8618618618619 0.5284881135874845
462.11211211211213 0.5257646076738054
462.3623623623624 0.5230443200708801
462.6126126126126 0.5203273509713328
462.86286286286287 0.5176137999681981
463.1131131131131 0.5149037660536917
463.36336336336336 0.5121973476181461
463.6136136136136 0.5094946424491131
463.86386386386386 0.5067957477306357
464.11411411411416 0.5041007600426862
464.3643643643644 0.5014097753607767
464.61461461461465 0.4987228890557329
464.8648648648649 0.49604019589364406
465.11511511511515 0.4933617900359791
465.3653653653654 0.49068776503987516
465.61561561561564 0.4880182138585953
465.8658658658659 0.4853532288421582
466.11611611611613 0.48269290173813884
466.3663663663664 0.4800373236926387
466.6166166166166 0.4773865852514293
466.86686686686687 0.4747407763612641
467.1171171171171 0.4720999863713633
467.36736736736736 0.469464304035067
467.6176176176176 0.4668338175116605
467.86786786786786 0.4642086143683667
468.1181181181181 0.46158878158251015
468.36836836836835 0.4589744055438474
468.6186186186186 0.4563655720570662
468.86886886886884 0.45376236634445155
469.11911911911915 0.4511648730487165
469.3693693693694 0.4485731762360012
469.61961961961964 0.4459873593990299
469.8698698698699 0.4434075054604364
470.12012012012013 0.4408336967762477
470.3703703703704 0.4382660151395276
470.6206206206206 0.43570454178417956
470.8708708708709 0.4331493573889041
471.1211211211211 0.43060054208131276
471.37137137137137 0.4280581754421936
471.6216216216216 0.4255223365099274
471.8718718718719 0.4229931037850512
472.12212212212216 0.4204705552349719
472.3723723723724 0.4179547682988161
472.62262262262266 0.41544581989242696
472.8728728728729 0.4129437864134967
473.12312312312315 0.41044874374683415
473.3733733733734 0.40796076726976394
473.62362362362364 0.40547993185765535
473.8738738738739 0.40300631188957553
474.12412412412414 0.4005399812540648
474.3743743743744 0.39808101335503043
474.62462462462463 0.3956294811177534
474.8748748748749 0.3931854569950062
475.1251251251251 0.39074901297327613
475.37537537537537 0.38832022057909016
475.6256256256256 0.3858991508854359
475.87587587587586 0.38348587451827626
476.1261261261261 0.38108046166314946
476.37637637637636 0.3786829820718524
476.6266266266266 0.37629350506920056
476.8768768768769 0.37391209955985827
477.12712712712715 0.3715388340352381
477.3773773773774 0.3691737765804537
477.62762762762765 0.36681699488133296
477.8778778778779 0.36446855623147545
478.12812812812814 0.36212852753935204
478.3783783783784 0.3597969753354382
478.62862862862863 0.35747396577937657
478.8788788788789 0.3551595646671593
479.1291291291292 0.35285383743832444
479.37937937937943 0.35055684918316043
479.6296296296297 0.34826866464990525
479.8798798798799 0.345989348251941
480.13013013013017 0.3437189640749699
480.3803803803804 0.3414575758841653
480.63063063063066 0.3392052471312899
480.8808808808809 0.33696204096177257
481.13113113113116 0.33472802022173365
481.3813813813814 0.3325032474649533
481.63163163163165 0.3302877849597698
481.8818818818819 0.3280816946959012
482.13213213213214 0.32588503839118077
482.3823823823824 0.32369787749819545
482.63263263263264 0.32152027321081905
482.8828828828829 0.3193522864706293
483.13313313313313 0.3171939779731993
483.3833833833834 0.3150454081742531
483.6336336336336 0.31290663729567453
483.88388388388387 0.31077772533135994
484.1341341341341 0.3086587320529032
484.38438438438436 0.3065497170151025
484.6346346346346 0.30445073956127844
484.88488488488485 0.30236185882839184
485.13513513513516 0.3002831337519506
485.3853853853854 0.2982146230706953
485.63563563563565 0.29615638533104827
485.8858858858859 0.29410847889132014
486.13613613613614 0.2920709619256599
486.3863863863864 0.29004389242773504
486.63663663663664 0.2880273282141332
486.88688688688694 0.2860213269274712
487.1371371371372 0.28402594603920406
487.38738738738743 0.2820412428521127
487.6376376376377 0.2800672745024705
487.8878878878879 0.27810409796186897
488.1381381381382 0.2761517700386921
488.3883883883884 0.27421034737922895
488.63863863863867 0.27227988646841195
488.8888888888889 0.27036044363016865
489.13913913913916 0.26845207502737534
489.3893893893894 0.2665548366614016
489.63963963963965 0.2646687843712324
489.8898898898899 0.2627939738321585
490.14014014014015 0.26093046055402064
490.3903903903904 0.2590782998789995
490.64064064064064 0.25723754697893697
490.8908908908909 0.2554082568521801
491.14114114114113 0.2535904843199344
491.3913913913914 0.2517842840221182
491.6416416416416 0.24998971041270496
491.8918918918919 0.24820681775454417
492.1421421421421 0.24643566011365162
492.39239239239237 0.24467629135295588
492.6426426426426 0.24292876512549474
492.8928928928929 0.2411931348670495
493.14314314314316 0.23946945378821047
493.3933933933934 0.23775777486585886
493.64364364364366 0.23605815083406512
493.8938938938939 0.23437063417438808
494.14414414414415 0.23269527710556964
494.3943943943944 0.23103213157261743
494.6446446446447 0.22938124923526768
494.89489489489495 0.2277426814558224
495.1451451451452 0.22611647928635117
495.39539539539544 0.22450269345525586
495.6456456456457 0.22290137435318982
495.89589589589593 0.22131257201832694
496.1461461461462 0.21973633612097607
496.3963963963964 0.2181727159475365
496.6466466466467 0.21662176038379097
496.8968968968969 0.21508351789753244
497.14714714714717 0.21355803652052321
497.3973973973974 0.21204536382978276
497.64764764764766 0.21054554692820432
497.8978978978979 0.20905863242449818
498.14814814814815 0.2075846664124623
498.3983983983984 0.2061236944495801
498.64864864864865 0.20467576153494627
498.8988988988989 0.20324091208652323
499.14914914914914 0.201819189917729
499.3993993993994 0.20041063821336158
499.64964964964963 0.19901529950486144
499.8998998998999 0.1976332156449181
500.1501501501501 0.19626442778142522
500.4004004004004 0.19490897633079096
500.6506506506507 0.19356690095060838
500.9009009009009 0.19223824051169724
501.15115115115117 0.19092303306951924
501.4014014014014 0.1896213158349823
501.65165165165166 0.1883331251446399
501.9019019019019 0.18705849643029648
502.15215215215215 0.1857974641880315
502.40240240240246 0.18455006194665266
502.6526526526527 0.183316322235595
502.90290290290295 0.18209627655227342
503.1531531531532 0.18088995532891067
503.40340340340344 0.17969738789885176
503.6536536536537 0.17851860246238233
503.90390390390394 0.177353626052069
504.1541541541542 0.17620248449763945
504.40440440440443 0.17506520239042075
504.6546546546547 0.17394180304735746
504.9049049049049 0.17283230847462785
505.15515515515517 0.17173673933088257
505.4054054054054 0.1706551148901257
505.65565565565566 0.16958745300426345
505.9059059059059 0.1685337700653438
506.15615615615616 0.16749408096751228
506.4064064064064 0.1664683990687091
506.65665665665665 0.1654567361521356
506.9069069069069 0.16445910238751651
507.15715715715714 0.16347550629218627
507.4074074074074 0.16250595469202936
507.65765765765764 0.16155045268230314
507.9079079079079 0.16060900358837515
508.15815815815813 0.15968160892640548
508.40840840840843 0.1587682683640062
508.6586586586587 0.15786897968091218
508.9089089089089 0.15698373872969304
509.1591591591592 0.1561125393965458
509.4094094094094 0.15525537356219846
509.65965965965967 0.15441223106296253
509.9099099099099 0.1535830996519696
510.16016016016016 0.15276796496062878
510.41041041041046 0.15196681046034266
510.6606606606607 0.1511796174245196
510.91091091091096 0.1504063648909189
511.1611611611612 0.1496470296243708
511.41141141141145 0.14890158607990772
511.6616616616617 0.14817000636634764
511.91191191191194 0.14745226021036967
512.1621621621622 0.14674831492112123
512.4124124124124 0.1460581353553992
512.6626626626627 0.14538168388344402
512.9129129129129 0.1447189203553897
513.1631631631632 0.14406980206840975
513.4134134134134 0.14343428373460188
513.6636636636637 0.142812317449652
513.9139139139139 0.14220385266232022
514.1641641641642 0.14160883614479008
514.4144144144144 0.14102721196392315
514.6646646646647 0.1404589214534613
514.9149149149149 0.1399039031872167
515.1651651651651 0.13936209295329377
515.4154154154154 0.13883342372938146
515.6656656656656 0.1383178256591603
515.9159159159159 0.13781522602986207
516.1661661661662 0.13732554925102497
516.4164164164165 0.13684871683448468
516.6666666666667 0.13638464737563766
516.916916916917 0.13593325653602206
517.1671671671672 0.1354944570272496
517.4174174174175 0.13506815859633053
517.6676676676677 0.1346542680124274
517.917917917918 0.13425268905507573
518.1681681681682 0.133863322503908
518.4184184184185 0.13348606612991618
518.6686686686687 0.13312081468828843
518.918918918919 0.1327674599128537
519.1691691691692 0.13242589051216713
519.4194194194195 0.13209599216726942
519.6696696696697 0.13177764753115045
519.91991991992 0.13147073622994826
520.1701701701702 0.1311751348659121
520.4204204204204 0.1308907170221578
520.6706706706707 0.13061735326924212
520.9209209209209 0.13035491117358253
521.1711711711712 0.13010325530774558
521.4214214214214 0.12986224726262838
521.6716716716717 0.12963174566155372
521.9219219219219 0.12941160617630035
522.1721721721722 0.12920168154508654
522.4224224224224 0.12900182159252493
522.6726726726727 0.12881187325156407
522.9229229229229 0.12863168058743213
523.1731731731732 0.12846108482359464
523.4234234234234 0.12829992436973764
523.6736736736736 0.1281480348517868
523.9239239239239 0.12800524914396894
524.1741741741741 0.1278713974029235
524.4244244244244 0.12774630710386736
524.6746746746746 0.12762980307881655
524.9249249249249 0.127521707556865
525.1751751751751 0.12742184020652003
525.4254254254254 0.12733001818009115
525.6756756756756 0.12724605616012824
525.925925925926 0.12716976640790167
526.1761761761762 0.12710095881391695
526.4264264264265 0.1270394409504525
526.6766766766767 0.12698501812610916
526.926926926927 0.12693749344235658
527.1771771771772 0.12689666785206033
527.4274274274275 0.12686234021997203
527.6776776776777 0.126834307385162
527.927927927928 0.12681236422537204
528.1781781781782 0.12679630372326534
528.4284284284284 0.12678591703454603
528.6786786786787 0.12678099355792177
528.9289289289289 0.12678132100687817
529.1791791791792 0.12678668548323457
529.4294294294294 0.12679687155244565
529.6796796796797 0.12681166232061458
529.9299299299299 0.1268308395131793
530.1801801801802 0.1268541835552322
530.4304304304304 0.1268814736534327
530.6806806806807 0.12691248787946804
530.9309309309309 0.12694700325501856
531.1811811811812 0.1269847958381794
531.4314314314314 0.127025640811291
531.6816816816818 0.1270693125701268
531.931931931932 0.12711558481438723
532.1821821821823 0.1271642306394452
532.4324324324325 0.12721502262928847
532.6826826826828 0.12726773295060098
532.932932932933 0.1273221334479258
533.1831831831832 0.1273779957398482
533.4334334334335 0.12743509131613884
533.6836836836837 0.12749319163579276
533.933933933934 0.12755206822590118
534.1841841841842 0.12761149278128942
534.4344344344345 0.12767123726485474
534.6846846846847 0.1277310740085366
534.934934934935 0.1277907758148485
535.1851851851852 0.12785011605890334
535.4354354354355 0.12790886879085978
535.6856856856857 0.12796680883871722
535.935935935936 0.12802371191138773
536.1861861861862 0.12807935470196985
536.4364364364365 0.12813351499114992
536.6866866866867 0.12818597175065624
536.936936936937 0.12823650524668984
537.1871871871872 0.12828489714325497
537.4374374374374 0.12833093060531392
537.6876876876877 0.12837439040168674
537.9379379379379 0.12841506300762098
538.1881881881882 0.1284527367069512
538.4384384384384 0.12848720169377206
538.6886886886887 0.12851825017354626
538.9389389389389 0.12854567646356935
539.1891891891892 0.12856927709271365
539.4394394394394 0.12858885090037372
539.6896896896897 0.1286041991345351
539.9399399399399 0.12861512554889032
540.1901901901902 0.1286214364989242
540.4404404404404 0.1286229410368928
540.6906906906906 0.12861945100561994
540.9409409409409 0.12861078113103658
541.1911911911911 0.12859674911338786
541.4414414414415 0.1285771757170348
541.6916916916917 0.1285518848587781
541.941941941942 0.1285207036946308
542.1921921921922 0.12848346270497119
542.4424424424425 0.1284399957780042
542.6926926926927 0.12839014029146384
542.942942942943 0.12833373719248942
543.1931931931932 0.12827063107560896
543.4434434434435 0.12820067025876564
543.6936936936937 0.12812370685732438
543.943943943944 0.12803959685599606
544.1941941941942 0.12794820017862057
544.4444444444445 0.12784938075574948
544.6946946946947 0.12774300658997184
544.944944944945 0.12762894981892897
545.1951951951952 0.12750708677596395
545.4454454454454 0.12737729804835626
545.6956956956957 0.1272394685330912
545.9459459459459 0.12709348749011787
546.1961961961962 0.12693924859305003
546.4464464464464 0.1267766499772675
546.6966966966967 0.12660559428537702
546.9469469469469 0.12642598870999405
547.1971971971973 0.12623774503380944
547.4474474474475 0.12604077966690724
547.6976976976978 0.12583501368130084
547.947947947948 0.12562037284265984
548.1981981981983 0.12539678763919984
548.4484484484485 0.12516419330771045
548.6986986986988 0.12492252985670065
548.948948948949 0.12467174208664075
549.1991991991993 0.12441177960728513
549.4494494494495 0.12414259685206042
549.6996996996997 0.12386415308950793
549.94994994995 0.1235764124317705
550.2002002002002 0.12327934384011735
550.4504504504505 0.1229729211275024
550.7007007007007 0.1226571229581549
550.950950950951 0.12233193284420296
551.2012012012012 0.12199733913933379
551.4514514514515 0.12165333502949652
551.7017017017017 0.12129991852065669
551.951951951952 0.12093709242361346
552.2022022022022 0.12056486433589317
552.4524524524525 0.12018324662073619
552.7027027027027 0.11979225638319539
552.952952952953 0.11939191544336764
553.2032032032032 0.11898225030678271
553.4534534534534 0.1185632921319752
553.7037037037037 0.11813507669526863
553.9539539539539 0.11769764435280264
554.2042042042042 0.11725103999983665
554.4544544544544 0.11679531302736594
554.7047047047047 0.11633051727608805
554.9549549549549 0.11585671098775968
555.2052052052052 0.11537395675398673
555.4554554554554 0.11488232146249172
555.7057057057057 0.11438187624090583
555.9559559559559 0.11387269639813344
556.2062062062062 0.11335486136334079
556.4564564564564 0.1128284546226205
556.7067067067067 0.11229356365338715
556.956956956957 0.11175027985655935
557.2072072072073 0.11119869848658841
557.4574574574575 0.11063891857938916
557.7077077077078 0.11007104287823953
557.957957957958 0.10949517775770769
558.2082082082082 0.10891143314567324
558.4584584584585 0.1083199224435074
558.7087087087087 0.10772076244447962
558.958958958959 0.10711407325045903
559.2092092092092 0.10649997818698032
559.4594594594595 0.10587860371674476
559.7097097097097 0.10525007935162814
559.95995995996 0.10461453756326847
560.2102102102102 0.10397211369230715
560.4604604604605 0.10332294585635768
560.7107107107107 0.10266717485677784
560.960960960961 0.1020049440843205
561.2112112112112 0.10133639942374004
561.4614614614615 0.10066168915743104
561.7117117117117 0.09998096386817672
561.961961961962 0.09929437634108501
562.2122122122122 0.0986020814647899
562.4624624624624 0.09790423613199668
562.7127127127128 0.09720099913944875
562.962962962963 0.09649253108739617
563.2132132132133 0.09577899427863987
563.4634634634635 0.09506055261723544
563.7137137137138 0.09433737150693021
563.963963963964 0.09360961774941275
564.2142142142143 0.09287745944245202
564.4644644644645 0.09214106587800305
564.7147147147148 0.09140060744035532
564.964964964965 0.09065625550439979
565.2152152152153 0.08990818233408955
565.4654654654655 0.08915656098116893
565.7157157157158 0.08840156518424398
565.965965965966 0.08764336926826773
566.2162162162163 0.08688214804451184
566.4664664664665 0.08611807671109548
566.7167167167167 0.08535133075414114
566.966966966967 0.08458208584962654
567.2172172172172 0.08381051776599946
567.4674674674675 0.08303680226762253
567.7177177177177 0.08226111501911246
567.967967967968 0.08148363149063761
568.2182182182182 0.08070452686423629
568.4684684684685 0.07992397594121647
568.7187187187187 0.07914215305069625
568.968968968969 0.07835923195934325
569.2192192192192 0.07757538578236865
569.4694694694695 0.0767907868958311
569.7197197197197 0.07600560685030304
569.96996996997 0.07522001628595085
570.2202202202202 0.0744341848490786
570.4704704704704 0.07364828111018284
570.7207207207207 0.07286247248356462
570.9709709709709 0.07207692514854311
571.2212212212212 0.07129180397231268
571.4714714714714 0.07050727243448439
571.7217217217217 0.06972349255335025
571.9719719719719 0.0689406248139068
572.2222222222222 0.06815882809767301
572.4724724724725 0.06737825961433483
572.7227227227228 0.06659907483524927
572.972972972973 0.06582142742883161
573.2232232232233 0.06504546919786017
573.4734734734735 0.06427135001871734
573.7237237237238 0.06349921778259313
573.973973973974 0.06272921833867078
574.2242242242243 0.06196149543931439
574.4744744744745 0.06119619068727487
574.7247247247248 0.06043344348492993
574.974974974975 0.05967339098557057
575.2252252252252 0.058916168046746056
575.4754754754755 0.05816190718567587
575.7257257257257 0.05741073853673656
575.975975975976 0.056662789811028555
576.2262262262262 0.05591818625802675
576.4764764764765 0.05517705062931624
576.7267267267267 0.05443950314441362
576.976976976977 0.053705661458671165
577.2272272272272 0.05297564063326072
577.4774774774775 0.05224955310723157
577.7277277277277 0.051527508671634914
577.977977977978 0.05080961444570624
578.2282282282283 0.05009597485509446
578.4784784784786 0.04938669161212766
578.7287287287288 0.048681863698096406
578.9789789789791 0.047981587347546116
579.2292292292293 0.0472859560345563
579.4794794794796 0.0465950604609903
579.7297297297298 0.04590898854669529
579.97997997998 0.04522782542163119
580.2302302302303 0.044551653419905815
580.4804804804805 0.04388055207569225
580.7307307307308 0.043214598121003124
580.980980980981 0.042553865485295245
581.2312312312313 0.041898425296876894
581.4814814814815 0.04124834588608884
581.7317317317318 0.04060369279022911
581.981981981982 0.039964528760190486
582.2322322322323 0.03933091376877872
582.4824824824825 0.038702905020678274
582.7327327327328 0.03808055696403186
582.982982982983 0.03746392130359897
583.2332332332332 0.036853047015457614
583.4834834834835 0.03624798036321307
583.7337337337337 0.03564876491567657
583.983983983984 0.03505544156597588
584.2342342342342 0.03446804855205984
584.4844844844845 0.03388662147855746
584.7347347347347 0.033311193339952444
584.984984984985 0.0327417945450328
585.2352352352352 0.03217845294257566
585.4854854854855 0.03162119384822604
585.7357357357357 0.031070040072528678
585.985985985986 0.030525011950071634
586.2362362362362 0.02998612736969975
586.4864864864865 0.029453401805756424
586.7367367367367 0.02892684835031151
586.986986986987 0.028406477746333418
587.2372372372372 0.027892298421763075
587.4874874874874 0.02738431652444779
587.7377377377377 0.026882535957892726
587.987987987988 0.026386958417787678
588.2382382382383 0.02589758342926865
588.4884884884885 0.02541440838486887
588.7387387387388 0.024937428583122184
588.988988988989 0.024466637267774
589.2392392392393 0.02400202566755999
589.4894894894895 0.02354358303651136
589.7397397397398 0.023091296694746244
589.98998998999 0.02264515206970701
590.2402402402403 0.022205132737803605
590.4904904904905 0.021771220466423734
590.7407407407408 0.021343395256270832
590.990990990991 0.020921635383991444
591.2412412412413 0.020505917445054235
591.4914914914915 0.020096216396843038
591.7417417417417 0.019692505601927462
591.991991991992 0.019294756871474535
592.2422422422422 0.01890294050876614
592.4924924924925 0.018517025352787042
592.7427427427427 0.018136978821849423
592.992992992993 0.01776276695722024
593.2432432432432 0.01739435446671858
593.4934934934935 0.017031704768250815
593.7437437437438 0.016674780033252016
593.9939939939941 0.016323541230003822
594.2442442442443 0.015977948166796607
594.4944944944946 0.015637959534909856
594.7447447447448 0.015303532951380153
594.9949949949951 0.014974625001530123
595.2452452452453 0.014651191281231442
595.4954954954956 0.014333186438876155
595.7457457457458 0.014020564217030986
595.995995995996 0.0137132774937507
596.2462462462463 0.013411278323526841
596.4964964964965 0.013114517977849523
596.7467467467468 0.012822946985360443
596.996996996997 0.01253651517157629
597.2472472472473 0.012255171698162615
597.4974974974975 0.011978865101738937
597.7477477477478 0.01170754333219676
597.997997997998 0.011441153790513268
598.2482482482483 0.011179643366043785
598.4984984984985 0.010922958473277485
598.7487487487488 0.010671045088041396
598.998998998999 0.01042384878313848
599.2492492492493 0.010181314763406727
599.4994994994995 0.009943387900186706
599.7497497497498 0.009710012765185998
600.0 0.009481133663729688
