350.0 0.6592406302004438
350.25025025025025 0.6619890481951796
350.5005005005005 0.664735047996607
350.75075075075074 0.6674785046913895
351.001001001001 0.6702192930089386
351.25125125125123 0.6729572873304214
351.5015015015015 0.6756923616978405
351.7517517517517 0.6784243898231881
352.00200200200203 0.6811532450976707
352.2522522522523 0.6838788006010036
352.5025025025025 0.6866009291107803
352.75275275275277 0.6893195031119053
353.003003003003 0.6920343948060982
353.25325325325326 0.6947454761214646
353.5035035035035 0.6974526187221338
353.75375375375376 0.7001556940179609
354.004004004004 0.7028545731742942
354.25425425425425 0.7055491271218067
354.5045045045045 0.7082392265663884
354.75475475475474 0.7109247419991015
355.005005005005 0.7136055437061962
355.25525525525524 0.7162815017791854
355.5055055055055 0.7189524861249771
355.75575575575573 0.7216183664760669
356.00600600600603 0.724279012400784
356.2562562562563 0.7269342933135922
356.5065065065065 0.7295840784854498
356.7567567567568 0.7322282370542166
357.007007007007 0.7348666380351163
357.25725725725727 0.7374991503312488
357.5075075075075 0.7401256427441526
357.75775775775776 0.7427459839844153
358.008008008008 0.7453600426823317
358.25825825825825 0.7479676873986085
358.5085085085085 0.7505687866351133
358.75875875875874 0.7531632088456681
359.009009009009 0.7557508224468854
359.25925925925924 0.7583314958290456
359.5095095095095 0.7609050973670142
359.75975975975973 0.7634714954311992
360.01001001001003 0.7660305583985457
360.2602602602603 0.7685821546635646
360.5105105105105 0.7711261526494024
360.7607607607608 0.773662420818939
361.011011011011 0.7761908276859207
361.26126126126127 0.7787112418261257
361.5115115115115 0.7812235318885573
361.76176176176176 0.7837275666066678
362.012012012012 0.7862232148096089
362.26226226226225 0.7887103454335093
362.5125125125125 0.7911888275327752
362.76276276276275 0.7936585302914169
363.013013013013 0.7961193230343953
363.26326326326324 0.7985710752389904
363.5135135135135 0.8010136565461896
363.7637637637638 0.8034469367720928
364.01401401401404 0.8058707859193331
364.2642642642643 0.8082850741885188
364.51451451451453 0.8106896719896816
364.7647647647648 0.8130844499537417
365.015015015015 0.8154692789439839
365.26526526526527 0.8178440300675419
365.5155155155155 0.8202085746868917
365.76576576576576 0.8225627844313528
366.016016016016 0.8249065312085928
366.26626626626626 0.8272396872161382
366.5165165165165 0.8295621249528863
366.76676676676675 0.8318737172306189
367.017017017017 0.8341743371855161
367.26726726726724 0.8364638582896678
367.5175175175175 0.8387421543625818
367.7677677677678 0.8410090995826885
368.01801801801804 0.8432645684988371
368.2682682682683 0.8455084360417888
368.51851851851853 0.8477405775356954
368.7687687687688 0.849960868709572
369.019019019019 0.852169185708755
369.2692692692693 0.8543654051063485
369.5195195195195 0.8565494039146544
369.76976976976977 0.8587210595965871
370.02002002002 0.8608802500770707
370.27027027027026 0.8630268537544153
370.5205205205205 0.8651607495116751
370.77077077077075 0.8672818167279814
371.021021021021 0.8693899352898544
371.2712712712713 0.8714849856024884
371.52152152152155 0.8735668486010099
371.7717717717718 0.87563540576171
372.02202202202204 0.8776905391132444
372.2722722722723 0.8797321312478039
372.52252252252254 0.8817600653322522
372.7727727727728 0.8837742251192284
373.02302302302303 0.8857744949582166
373.2732732732733 0.8877607598065753
373.5235235235235 0.8897329052405313
373.77377377377377 0.8916908174661315
374.024024024024 0.8936343833301552
374.27427427427426 0.8955634903309816
374.5245245245245 0.8974780266294147
374.77477477477476 0.8993778810594617
375.025025025025 0.9012629431390641
375.27527527527525 0.9031331030807808
375.52552552552555 0.9049882518024207
375.7757757757758 0.9068282809376226
376.02602602602605 0.9086530828463852
376.2762762762763 0.91046255062554
376.52652652652654 0.9122565781191692
376.7767767767768 0.9140350599289664
377.02702702702703 0.9157978914245395
377.2772772772773 0.9175449687536514
377.5275275275275 0.9192761888524025
377.77777777777777 0.9209914494553469
378.028028028028 0.9226906491055472
378.27827827827826 0.9243736871645613
378.5285285285285 0.9260404638223648
378.77877877877876 0.9276908801072031
379.02902902902906 0.929324837895374
379.2792792792793 0.9309422399209397
379.52952952952955 0.9325429897853672
379.7797797797798 0.9341269919670935
380.03003003003005 0.9356941518310158
380.2802802802803 0.9372443756379073
380.53053053053054 0.9387775705537522
380.7807807807808 0.9402936446590048
381.03103103103103 0.9417925069577656
381.2812812812813 0.9432740673868784
381.5315315315315 0.944738236824942
381.7817817817818 0.9461849271012404
382.032032032032 0.9476140510045854
382.28228228228227 0.9490255222920737
382.5325325325325 0.9504192556977564
382.78278278278276 0.9517951669412189
383.033033033033 0.9531531727360701
383.2832832832833 0.9544931907983424
383.53353353353356 0.955815139854795
383.7837837837838 0.9571189396511284
384.03403403403405 0.9584045109600998
384.2842842842843 0.9596717755895446
384.53453453453454 0.9609206563902998
384.7847847847848 0.9621510772640289
385.03503503503504 0.9633629631709486
385.2852852852853 0.9645562401374533
385.53553553553553 0.9657308352636386
385.7857857857858 0.9668866767307221
386.036036036036 0.9680236938083611
386.28628628628627 0.9691418168618632
386.5365365365365 0.9702409773592944
386.7867867867868 0.9713211078784773
387.03703703703707 0.9723821421138824
387.2872872872873 0.973424014883412
387.53753753753756 0.9744466621350719
387.7877877877878 0.975450020953534
388.03803803803805 0.9764340295665856
388.2882882882883 0.9773986273514689
388.53853853853855 0.9783437548411025
388.7887887887888 0.9792693537301932
389.03903903903904 0.9801753668812289
389.2892892892893 0.9810617383303571
389.53953953953953 0.9819284132931458
389.7897897897898 0.9827753381702263
390.04004004004 0.9836024605528181
390.2902902902903 0.9844097292281329
390.5405405405405 0.9851970941846601
390.79079079079077 0.9859645066173296
391.04104104104107 0.9867119189325546
391.2912912912913 0.987439284753149
391.54154154154156 0.9881465589231254
391.7917917917918 0.9888336975123662
392.04204204204206 0.9895006578211709
392.2922922922923 0.9901473983846789
392.54254254254255 0.990773878977166
392.7927927927928 0.9913800606162128
393.04304304304304 0.9919659055667492
393.2932932932933 0.9925313773449684
393.54354354354354 0.9930764407221137
393.7937937937938 0.9936010617281363
394.044044044044 0.9941052076552243
394.2942942942943 0.9945888470612003
394.5445445445446 0.9950519497727911
394.7947947947948 0.9954944868887635
395.0450450450451 0.9959164307829316
395.2952952952953 0.9963177551070304
395.54554554554556 0.9966984347934588
395.7957957957958 0.9970584460578885
396.04604604604606 0.997397766401741
396.2962962962963 0.9977163746145308
396.54654654654655 0.9980142507760755
396.7967967967968 0.9982913762585713
397.04704704704704 0.9985477337285348
397.2972972972973 0.9987833071486094
397.54754754754754 0.9989980817792384
397.7977977977978 0.9991920441802012
398.04804804804803 0.9993651822120158
398.2982982982983 0.9995174850372043
398.5485485485485 0.9996489431214246
398.7987987987988 0.9997595482344649
399.0490490490491 0.9998492934511017
399.2992992992993 0.9999181731518239
399.54954954954957 0.9999661830234182
399.7997997997998 0.9999933200594204
400.05005005005006 0.9999995825604282
400.3003003003003 0.9999849701342794
400.55055055055055 0.9999494836960929
400.8008008008008 0.9998931254681729
401.05105105105105 0.9998158989797772
401.3013013013013 0.9997178090667497
401.55155155155154 0.9995988618710147
401.8018018018018 0.9994590648399371
402.05205205205203 0.9992984267255447
402.30230230230234 0.9991169575836157
402.5525525525526 0.9989146687726299
402.80280280280283 0.9986915729525829
403.0530530530531 0.9984476840836674
403.3033033033033 0.9981830174248162
403.55355355355357 0.9978975895321122
403.8038038038038 0.997591418257062
404.05405405405406 0.9972645227447359
404.3043043043043 0.9969169234317726
404.55455455455456 0.9965486420442501
404.8048048048048 0.9961597015954232
405.05505505505505 0.995750126383327
405.3053053053053 0.9953199419882469
405.55555555555554 0.9948691752700571
405.8058058058058 0.9943978543654255
406.05605605605604 0.993906008684887
406.3063063063063 0.9933936689097858
406.5565565565566 0.9928608669890854
406.80680680680683 0.9923076361360498
407.0570570570571 0.9917340108247924
407.3073073073073 0.9911400267866969
407.5575575575576 0.9905257210067085
407.8078078078078 0.9898911317194965
408.05805805805807 0.9892362984054888
408.3083083083083 0.9885612617867792
408.55855855855856 0.987866063822908
408.8088088088088 0.9871507477065158
409.05905905905905 0.9864153578588724
409.3093093093093 0.9856599399252798
409.55955955955955 0.9848845407703524
409.8098098098098 0.9840892084731723
410.0600600600601 0.983273992322322
410.31031031031034 0.9824389428107958
410.5605605605606 0.9815841116307886
410.81081081081084 0.9807095516683647
411.0610610610611 0.9798153169980066
411.31131131131133 0.9789014628770449
411.5615615615616 0.9779680457399696
411.8118118118118 0.9770151231926245
412.06206206206207 0.9760427540062836
412.3123123123123 0.975050998111614
412.56256256256256 0.9740399165925216
412.8128128128128 0.9730095716798849
413.06306306306305 0.9719600267451739
413.3133133133133 0.9708913462939581
413.56356356356355 0.969803595959303
413.8138138138138 0.9686968424950556
414.06406406406404 0.9675711537690221
414.3143143143143 0.9664265987560362
414.5645645645646 0.9652632475309195
414.81481481481484 0.9640811712613387
415.0650650650651 0.9628804422005529
415.31531531531533 0.9616611336800603
415.5655655655656 0.9604233201021413
415.8158158158158 0.9591670769322975
416.06606606606607 0.9578924806915927
416.3163163163163 0.9565996089488912
416.56656656656656 0.9552885403129996
416.8168168168168 0.9539593544247096
417.06706706706706 0.9526121319487447
417.3173173173173 0.9512469545656121
417.5675675675676 0.9498639049633602
417.81781781781785 0.9484630668292426
418.0680680680681 0.9470445248412911
418.31831831831835 0.945608364659798
418.5685685685686 0.9441546729187086
418.81881881881884 0.9426835372169268
419.0690690690691 0.9411950461095324
419.31931931931933 0.9396892890989141
419.5695695695696 0.9381663566258176
419.8198198198198 0.9366263400603109
420.0700700700701 0.9350693316926675
420.3203203203203 0.9334954247241704
420.57057057057057 0.9319047132578353
420.8208208208208 0.9302972922890578
421.07107107107106 0.928673257696183
421.3213213213213 0.9270327062310009
421.57157157157155 0.9253757355091669
421.8218218218218 0.9237024440005523
422.07207207207205 0.9220129310195211
422.32232232232235 0.9203072967151392
422.5725725725726 0.9185856420613162
422.82282282282284 0.916848068846877
423.0730730730731 0.9150946796655719
423.32332332332334 0.913325577906022
423.5735735735736 0.9115408677416001
423.82382382382383 0.909740654120254
424.0740740740741 0.9079250427542676
424.3243243243243 0.9060941401099653
424.57457457457457 0.90424805339736
424.8248248248248 0.9023868905597461
425.07507507507506 0.9005107602632378
425.32532532532537 0.8986197718862572
425.5755755755756 0.896714035508972
425.82582582582586 0.8947936619026813
426.0760760760761 0.8928587625191576
426.32632632632635 0.8909094494799418
426.5765765765766 0.8889458355655927
426.82682682682685 0.8869680342048955
427.0770770770771 0.8849761594640281
427.32732732732734 0.882970326035688
427.5775775775776 0.8809506492281824
427.82782782782783 0.8789172449544795
428.0780780780781 0.8768702297212273
428.3283283283283 0.8748097206177383
428.5785785785786 0.8727358353049429
428.8288288288288 0.8706486920043124
429.07907907907907 0.8685484094867544
429.3293293293293 0.8664351070614816
429.57957957957956 0.8643089045648545
429.8298298298298 0.8621699223492029
430.08008008008005 0.860018281271623
430.33033033033036 0.8578541026827573
430.5805805805806 0.8556775084155556
430.83083083083085 0.8534886207740167
431.0810810810811 0.8512875625219194
431.33133133133134 0.8490744568715372
431.5815815815816 0.8468494274723438
431.83183183183183 0.8446125983997073
432.0820820820821 0.8423640941435766
432.3323323323323 0.8401040395971633
432.5825825825826 0.8378325600456168
432.8328328328328 0.835549781154698
433.0830830830831 0.833255828959452
433.33333333333337 0.8309508298528834
433.5835835835836 0.8286349105746288
433.83383383383386 0.8263081981996404
434.0840840840841 0.8239708201268725
434.33433433433436 0.821622904067976
434.5845845845846 0.8192645780360038
434.83483483483485 0.8168959703341281
435.0850850850851 0.8145172095443707
435.33533533533534 0.8121284245163486
435.5855855855856 0.8097297443560388
435.83583583583584 0.8073212984145605
436.0860860860861 0.8049032162769785
436.33633633633633 0.8024756277511319
436.5865865865866 0.8000386628564856
436.8368368368368 0.7975924518130096
437.08708708708707 0.7951371250300876
437.3373373373373 0.7926728130954557
437.58758758758756 0.7901996467641754
437.8378378378378 0.7877177569476398
438.0880880880881 0.7852272747026178
438.33833833833836 0.7827283312203386
438.5885885885886 0.7802210578156127
438.83883883883885 0.7777055859160014
439.0890890890891 0.7751820470510274
439.33933933933935 0.7726505728414355
439.5895895895896 0.7701112949884998
439.83983983983984 0.7675643452633856
440.0900900900901 0.7650098554965614
440.34034034034033 0.7624479575672698
440.5905905905906 0.7598787833930541
440.8408408408409 0.7573024649193457
441.09109109109113 0.7547191341091167
441.3413413413414 0.7521289229325903
441.5915915915916 0.7495319633570252
441.84184184184187 0.7469283873365656
442.0920920920921 0.7443183268021628
442.34234234234236 0.7417019136515723
442.5925925925926 0.7390792797394242
442.84284284284286 0.7364505568673753
443.0930930930931 0.7338158767743392
443.34334334334335 0.731175371126803
443.5935935935936 0.7285291715092257
443.84384384384384 0.7258774094145287
444.0940940940941 0.723220216234675
444.34434434434434 0.720557723251342
444.5945945945946 0.7178900616266907
444.84484484484483 0.7152173623942318
445.0950950950951 0.7125397564497958
445.3453453453453 0.7098573745426033
445.59559559559557 0.707170347266444
445.8458458458459 0.7044788050509629
446.0960960960961 0.7017828781530627
446.34634634634637 0.6990826966484126
446.5965965965966 0.696378390423082
446.84684684684686 0.6936700891652915
447.0970970970971 0.6909579223572853
447.34734734734735 0.6882420192673326
447.5975975975976 0.6855225089418551
447.84784784784785 0.6827995201976873
448.0980980980981 0.6800731816144714
448.34834834834834 0.6773436215271901
448.59859859859864 0.6746109680188389
448.8488488488489 0.6718753489132459
449.09909909909913 0.6691368917680314
449.3493493493494 0.6663957238677252
449.5995995995996 0.6636519722170323
449.8498498498499 0.6609057635342573
450.1001001001001 0.6581572242448872
450.35035035035037 0.6554064804753371
450.6006006006006 0.6526536580468637
450.85085085085086 0.6498988824696466
451.1011011011011 0.647142278937043
451.35135135135135 0.6443839723200199
451.6016016016016 0.6416240871617641
451.85185185185185 0.6388627476724772
452.1021021021021 0.6361000777243566
452.35235235235234 0.6333362008467665
452.6026026026026 0.630571240221603
452.85285285285283 0.6278053186788576
453.1031031031031 0.6250385586923791
453.3533533533533 0.622271082375844
453.60360360360363 0.6195030114789307
453.8538538538539 0.616734467383711
454.1041041041041 0.6139655711012509
454.35435435435437 0.6111964432684374
454.6046046046046 0.6084272041450234
454.85485485485486 0.6056579736109036
455.1051051051051 0.6028888711636176
455.35535535535536 0.6001200159160898
455.6056056056056 0.5973515265946076
455.85585585585585 0.5945835215370411
456.1061061061061 0.591816118691309
456.3563563563564 0.5890494356140942
456.60660660660665 0.5862835894698161
456.8568568568569 0.583518697029854
457.10710710710714 0.5807548746720395
457.3573573573574 0.5779922383804084
457.60760760760763 0.5752309037452265
457.8578578578579 0.5724709859632842
458.1081081081081 0.5697125998384709
458.3583583583584 0.5669558597826289
458.6086086086086 0.564200879816692
458.85885885885887 0.5614477735721121
459.1091091091091 0.5586966542925783
459.35935935935936 0.5559476348360312
459.6096096096096 0.5532008276769768
459.85985985985985 0.5504563449091031
460.1101101101101 0.5477142982482044
460.36036036036035 0.5449747990354132
460.6106106106106 0.5422379582407497
460.86086086086084 0.5395038864669839
461.1111111111111 0.5367726939538217
461.3613613613614 0.5340444905824118
461.61161161161164 0.5313193858801842
461.8618618618619 0.5285974890260118
462.11211211211213 0.5258789088557106
462.3623623623624 0.5231637538678751
462.6126126126126 0.5204521322300504
462.86286286286287 0.5177441517852487
463.1131131131131 0.5150399200588079
463.36336336336336 0.512339544265599
463.6136136136136 0.5096431313175812
463.86386386386386 0.5069507878317085
464.11411411411416 0.5042626201381916
464.3643643643644 0.5015787342891146
464.61461461461465 0.4988992360674065
464.8648648648649 0.4962242309961757
465.11511511511515 0.49355382434840256
465.3653653653654 0.49088812115699465
465.61561561561564 0.4882272262252035
465.8658658658659 0.485571244137407
466.11611611611613 0.48292027927025477
466.3663663663664 0.48027443580417817
466.6166166166166 0.47763381773526675
466.86686686686687 0.47499852888750793
467.1171171171171 0.4723686729253931
467.36736736736736 0.4697443533668866
467.6176176176176 0.4671256735967594
467.86786786786786 0.46451273688028355
468.1181181181181 0.4619056463772893
468.36836836836835 0.4593045051565804
468.6186186186186 0.4567094162107074
468.86886886886884 0.45412048247109577
469.11911911911915 0.451537806823526
469.3693693693694 0.448961492123966
469.61961961961964 0.44639164121474395
469.8698698698699 0.4438283569410696
470.12012012012013 0.44127174216789117
470.3703703703704 0.43872189979708615
470.6206206206206 0.4361789327849828
470.8708708708709 0.43364294416020377
471.1211211211211 0.43111403704182927
471.37137137137137 0.4285923146578724
471.6216216216216 0.42607788036405936
471.8718718718719 0.42357083766290843
472.12212212212216 0.4210712902231029
472.3723723723724 0.4185793418991419
472.62262262262266 0.4160950967512708
472.8728728728729 0.4136186590656765
473.12312312312315 0.4111501333749384
473.3733733733734 0.40868962447872637
473.62362362362364 0.4062372374647362
473.8738738738739 0.40379307772984846
474.12412412412414 0.40135725100150244
474.3743743743744 0.3989298633592714
474.62462462462463 0.3965110212566268
474.8748748748749 0.394100831542878
475.1251251251251 0.3916994014852749
475.37537537537537 0.38930683879125716
475.6256256256256 0.3869232516308367
475.87587587587586 0.3845487486590969
476.1261261261261 0.3821834390387928
476.37637637637636 0.37982743246303513
476.6266266266266 0.37748083917804104
476.8768768768769 0.37514377000593246
477.12712712712715 0.3728163363675672
477.3773773773774 0.37049865030537443
477.62762762762765 0.3681908245061862
477.8778778778779 0.3658929723240361
478.12812812812814 0.3636052078029064
478.3783783783784 0.36132764569940107
478.62862862862863 0.3590604015053232
478.8788788788789 0.3568035914701325
479.1291291291292 0.354557332623258
479.37937937937943 0.35232174279624584
479.6296296296297 0.3500969406447078
479.8798798798799 0.3478830456700554
480.13013013013017 0.34568017824098524
480.3803803803804 0.34348845961469154
480.63063063063066 0.34130801195777677
480.8808808808809 0.3391389583668329
481.13113113113116 0.3369814228886624
481.3813813813814 0.33483553054011145
481.63163163163165 0.3327014073274826
481.8818818818819 0.3305791802654965
482.13213213213214 0.3284689773957724
482.3823823823824 0.3263709278047929
482.63263263263264 0.32428516164132126
482.8828828828829 0.322211810133238
483.13313313313313 0.320151005603762
483.3833833833834 0.3181028814870219
483.6336336336336 0.31606757234294325
483.88388388388387 0.3140452138714143
484.1341341341341 0.31203594292569614
484.38438438438436 0.3100398975250392
484.6346346346346 0.30805721686646986
484.88488488488485 0.30608804133570916
485.13513513513516 0.3041325125171862
485.3853853853854 0.30219077320310866
485.63563563563565 0.3002629674015487
485.8858858858859 0.2983492403435089
486.13613613613614 0.2964497384889292
486.3863863863864 0.29456460953159047
486.63663663663664 0.2926940024028807
486.88688688688694 0.29083806727437955
487.1371371371372 0.2889969555592265
487.38738738738743 0.2871708199122221
487.6376376376377 0.2853598142286351
487.8878878878879 0.283564093641665
488.1381381381382 0.2817838145185233
488.3883883883884 0.28001913445509297
488.63863863863867 0.278270212269125
488.8888888888889 0.27653720799193227
489.13913913913916 0.2748202828585391
489.3893893893894 0.273119599296249
489.63963963963965 0.2714353209115878
489.8898898898899 0.2697676124755853
490.14014014014015 0.2681166399073538
490.3903903903904 0.2664825702559272
490.64064064064064 0.26486557168031893
490.8908908908909 0.26326581342776495
491.14114114114113 0.26168346581010965
491.3913913913914 0.2601187001783022
491.6416416416416 0.25857168889496335
491.8918918918919 0.25704260530499
492.1421421421421 0.25553162370416116
492.39239239239237 0.2540389193057108
492.6426426426426 0.2525646682048365
492.8928928928929 0.25110904734110895
493.14314314314316 0.24967223445875475
493.3933933933934 0.24825440806477583
493.64364364364366 0.24685574738488428
493.8938938938939 0.24547643231721905
494.14414414414415 0.24411664338381872
494.3943943943944 0.2427765616798263
494.6446446446447 0.2414563688204005
494.89489489489495 0.2401562468853118
495.1451451451452 0.2388763783611998
495.39539539539544 0.23761694608147454
495.6456456456457 0.23637813316384276
495.89589589589593 0.2351601229454416
496.1461461461462 0.23396309891556583
496.3963963963964 0.232787244645975
496.6466466466467 0.2316327437187698
496.8968968968969 0.2304997796518274
497.14714714714717 0.22938853582178934
497.3973973973974 0.22829919538459537
497.64764764764766 0.22723194119356127
497.8978978978979 0.2261869557149981
498.14814814814815 0.22516442094137507
498.3983983983984 0.22416451830202822
498.64864864864865 0.22318742857142085
498.8988988988989 0.22223333177496446
499.14914914914914 0.2213024070924081
499.3993993993994 0.2203948327588124
499.64964964964963 0.2195107859631199
499.8998998998999 0.21865044274434237
500.1501501501501 0.21781397788538354
500.4004004004004 0.21700156480452232
500.6506506506507 0.2162133754445798
500.9009009009009 0.2154495801598017
501.15115115115117 0.21471034760048402
501.4014014014014 0.21399584459537885
501.65165165165166 0.21330623603191698
501.9019019019019 0.21264168473428507
502.15215215215215 0.21200235133940315
502.40240240240246 0.21138839417084504
502.6526526526527 0.21079996911075438
502.90290290290295 0.2102372294698029
503.1531531531532 0.20970032585525047
503.40340340340344 0.20918940603716196
503.6536536536537 0.20870461481284197
503.90390390390394 0.20824609386955195
504.1541541541542 0.20781398164557627
504.40440440440443 0.20740841318970682
504.6546546546547 0.20702952001922031
504.9049049049049 0.2066774299764224
505.15515515515517 0.2063522670838402
505.4054054054054 0.20605415139814295
505.65565565565566 0.2057831988628779
505.9059059059059 0.20553952116010876
506.15615615615616 0.20532322556104818
506.4064064064064 0.20513441477577773
506.65665665665665 0.20497318680215385
506.9069069069069 0.20483963477399883
507.15715715715714 0.20473384680867937
507.4074074074074 0.20465590585417992
507.65765765765764 0.20460588953577707
507.9079079079079 0.2045838700024287
508.15815815815813 0.20458991377298946
508.40840840840843 0.20462408158237083
508.6586586586587 0.20468642822776378
508.9089089089089 0.2047770024150457
509.1591591591592 0.20489584660549648
509.4094094094094 0.20504299686294822
509.65965965965967 0.2052184827014993
509.9099099099099 0.20542232693392187
510.16016016016016 0.205654545520896
510.41041041041046 0.20591514742120615
510.6606606606607 0.20620413444303531
510.91091091091096 0.2065215010964968
511.1611611611612 0.2068672344475423
511.41141141141145 0.2072413139733899
511.6616616616617 0.20764371141961352
511.91191191191194 0.20807439065903977
512.1621621621622 0.20853330755259705
512.4124124124124 0.20902040981226555
512.6626626626627 0.20953563686627358
512.9129129129129 0.21007891972669185
513.1631631631632 0.2106501808595732
513.4134134134134 0.21124933405778923
513.6636636636637 0.21187628431671357
513.9139139139139 0.2125309277129035
514.1641641641642 0.21321315128592988
514.4144144144144 0.21392283292350792
514.6646646646647 0.21465984125007864
514.9149149149149 0.21542403551899125
515.1651651651651 0.21621526550843856
515.4154154154154 0.21703337142129192
515.6656656656656 0.21787818378898782
515.9159159159159 0.2187495233796108
516.1661661661662 0.2196472011103216
516.4164164164165 0.22057101796427359
516.6666666666667 0.22152076491216544
516.916916916917 0.22249622283856704
517.1671671671672 0.2234971624731627
517.4174174174175 0.2245233443270495
517.6676676676677 0.22557451863422623
517.917917917918 0.22665042529840757
518.1681681681682 0.22775079384529556
518.4184184184185 0.22887534338043558
518.6686686686687 0.23002378255278477
518.918918918919 0.23119580952411437
519.1691691691692 0.23239111194436662
519.4194194194195 0.23360936693308243
519.6696696696697 0.23485024106701236
519.91991991992 0.23611339037402057
520.1701701701702 0.23739846033338707
520.4204204204204 0.23870508588260886
520.6706706706707 0.2400328914307977
520.9209209209209 0.2413814908787671
521.1711711711712 0.24275048764589605
521.4214214214214 0.24413947470385422
521.6716716716717 0.24554803461726565
521.9219219219219 0.246975739591386
522.1721721721722 0.24842215152686103
522.4224224224224 0.2498868220816297
522.6726726726727 0.25136929274002984
522.9229229229229 0.25286909488915854
523.1731731731732 0.2543857499025336
523.4234234234234 0.25591876923109713
523.6736736736736 0.2574676545015959
523.9239239239239 0.2590318976223671
524.1741741741741 0.260610980896552
524.4244244244244 0.26220437714275446
524.6746746746746 0.26381154982315347
524.9249249249249 0.2654319531790728
525.1751751751751 0.2670650323740067
525.4254254254254 0.2687102236440889
525.6756756756756 0.2703669544559917
525.925925925926 0.2720346436722292
526.1761761761762 0.2737127017238339
526.4264264264265 0.2754005307903774
526.6766766766767 0.2770975249872789
526.926926926927 0.27880307056036036
527.1771771771772 0.28051654608758614
527.4274274274275 0.28223732268792395
527.6776776776777 0.28396476423725336
527.927927927928 0.28569822759124425
528.1781781781782 0.2874370628151181
528.4284284284284 0.2891806134201995
528.6786786786787 0.29092821660715706
528.9289289289289 0.29267920351582644
529.1791791791792 0.294432899481502
529.4294294294294 0.2961886242975742
529.6796796796797 0.297945692484386
529.9299299299299 0.29970341356417274
530.1801801801802 0.3014610923419424
530.4304304304304 0.30321802919215035
530.6806806806807 0.30497352035101005
530.9309309309309 0.3067268582142806
531.1811811811812 0.3084773316403613
531.4314314314314 0.3102242262585191
531.6816816816818 0.3119668247820688
531.931931931932 0.31370440732631466
532.1821821821823 0.3154362517310712
532.4324324324325 0.3171616338875499
532.6826826826828 0.318879828069418
532.932932932933 0.32059010726781556
533.1831831831832 0.3222917435301147
533.4334334334335 0.32398400830220225
533.6836836836837 0.32566617277405807
533.933933933934 0.32733750822839985
534.1841841841842 0.3289972863921581
534.4344344344345 0.3306447797905424
534.6846846846847 0.3322792621034547
534.934934934935 0.3339000085240005
535.1851851851852 0.3355062961188476
535.4354354354355 0.33709740419017614
535.6856856856857 0.33867261463896015
535.935935935936 0.3402312123293203
536.1861861861862 0.34177248545368116
536.4364364364365 0.3432957258984658
536.6866866866867 0.3448002296100584
536.936936936937 0.3462852969607612
537.1871871871872 0.3477502331144729
537.4374374374374 0.3491943483918118
537.6876876876877 0.35061695863440634
537.9379379379379 0.35201738556807616
538.1881881881882 0.3533949571646224
538.4384384384384 0.35474900800194903
538.6886886886887 0.35607887962223483
538.9389389389389 0.35738392088787585
539.1891891891892 0.35866348833491796
539.4394394394394 0.3599169465237025
539.6896896896897 0.3611436683864434
539.9399399399399 0.3623430355714617
540.1901901901902 0.36351443878379963
540.4404404404404 0.3646572781219408
540.6906906906906 0.3657709634103648
540.9409409409409 0.3668549145276654
541.1911911911911 0.3679085617299656
541.4414414414415 0.36893134596936605
541.6916916916917 0.36992271920716147
541.941941941942 0.3708821447215744
542.1921921921922 0.3718090974097438
542.4424424424425 0.37270306408372345
542.6926926926927 0.3735635437602417
542.942942942943 0.3743900479439819
543.1931931931932 0.37518210090414605
543.4434434434435 0.3759392399440684
543.6936936936937 0.37666101566365545
543.943943943944 0.37734699221442636
544.1941941941942 0.3779967475469427
544.4444444444445 0.37860987365041493
544.6946946946947 0.37918597678428284
544.944944944945 0.37972467770157364
545.1951951951952 0.3802256118638462
545.4454454454454 0.38068842964753824
545.6956956956957 0.3811127965415403
545.9459459459459 0.38149839333582614
546.1961961961962 0.38184491630097867
546.4464464464464 0.38215207735845647
546.6966966966967 0.38241960424145416
546.9469469469469 0.38264724064621913
547.1971971971973 0.38283474637369214
547.4474474474475 0.38298189746135164
547.6976976976978 0.3830884863051461
547.947947947948 0.38315432177141023
548.1981981981983 0.3831792292986672
548.4484484484485 0.38316305098923
548.6986986986988 0.38310564569052086
548.948948948949 0.38300688906604075
549.1991991991993 0.3828666736559254
549.4494494494495 0.38268490892703727
549.6996996996997 0.38246152131254885
549.94994994995 0.3821964542409846
550.2002002002002 0.38188966815469594
550.4504504504505 0.3815411405177541
550.7007007007007 0.3811508658132541
550.950950950951 0.38071885553003365
551.2012012012012 0.3802451381388187
551.4514514514515 0.3797297590578168
551.7017017017017 0.3791727806077897
551.951951951952 0.3785742819566447
552.2022022022022 0.377934359053594
552.4524524524525 0.3772531245529396
552.7027027027027 0.3765307077275522
552.952952952953 0.3757672543721184
553.2032032032032 0.37496292669624276
553.4534534534534 0.37411790320749766
553.7037037037037 0.3732323785845239
553.9539539539539 0.37230656354029196
554.2042042042042 0.3713406846756445
554.4544544544544 0.37033498432324713
554.7047047047047 0.36928972038208335
554.9549549549549 0.36820516614263754
555.2052052052052 0.3670816101029175
555.4554554554554 0.36591935577547624
555.7057057057057 0.36471872148559886
555.9559559559559 0.36348004016083074
556.2062062062062 0.36220365911202484
556.4564564564564 0.36088993980610057
556.7067067067067 0.35953925763070466
556.956956956957 0.3581520016509783
557.2072072072073 0.35672857435864014
557.4574574574575 0.3552693914135891
557.7077077077078 0.35377488137826096
557.957957957958 0.35224548544495177
558.2082082082082 0.3506816571563443
558.4584584584585 0.34908386211947134
558.7087087087087 0.3474525777133563
558.958958958959 0.34578829279057594
559.2092092092092 0.3440915073729947
559.4594594594595 0.342362732341923
559.7097097097097 0.34060248912295754
559.95995995996 0.3388113093657628
560.2102102102102 0.3369897346190585
560.4604604604605 0.3351383160010792
560.7107107107107 0.3332576138657742
560.960960960961 0.3313481974650214
561.2112112112112 0.3294106446071278
561.4614614614615 0.3274455413118907
561.7117117117117 0.3254534814624993
561.961961961962 0.32343506645455344
562.2122122122122 0.3213909048424785
562.4624624624624 0.3193216119836168
562.7127127127128 0.31722780968027525
562.962962962963 0.31511012582001435
563.2132132132133 0.312969194014445
563.4634634634635 0.3108056532368323
563.7137137137138 0.30862014745876987
563.963963963964 0.30641332528620985
564.2142142142143 0.3041858395951234
564.4644644644645 0.3019383471670667
564.7147147147148 0.29967150832492706
564.964964964965 0.29738598656911897
565.2152152152153 0.2950824482144999
565.4654654654655 0.29276156202827236
565.7157157157158 0.2904239988691347
565.965965965966 0.28807043132794347
566.2162162162163 0.28570153337014104
566.4664664664665 0.28331797998020586
566.7167167167167 0.2809204468083728
566.966966966967 0.2785096098198703
567.2172172172172 0.27608614494691613
567.4674674674675 0.2736507277437089
567.7177177177177 0.27120403304464896
567.967967967968 0.2687467346260143
568.2182182182182 0.2662795048713173
568.4684684684685 0.26380301444055876
568.7187187187187 0.26131793194359076
568.968968968969 0.25882492361779774
569.2192192192192 0.2563246530102944
569.4694694694695 0.2538177806648382
569.7197197197197 0.25130496381364487
569.96996996997 0.24878685607429046
570.2202202202202 0.24626410715187838
570.4704704704704 0.2437373625466401
570.7207207207207 0.24120726326713715
570.9709709709709 0.2386744455492199
571.2212212212212 0.2361395405808956
571.4714714714714 0.23360317423325083
571.7217217217217 0.2310659667975656
571.9719719719719 0.22852853272874993
572.2222222222222 0.22599148039522857
572.4724724724725 0.22345541183538836
572.7227227227228 0.22092092252070628
572.972972972973 0.21838860112564362
573.2232232232233 0.21585902930442677
573.4734734734735 0.21333278147478382
573.7237237237238 0.21081042460872945
573.973973973974 0.2082925180304683
574.2242242242243 0.2057796132214879
574.4744744744745 0.20327225363289908
574.7247247247248 0.20077097450508027
574.974974974975 0.1982763026946703
575.2252252252252 0.19578875650895095
575.4754754754755 0.19330884554765104
575.7257257257257 0.1908370705521993
575.975975975976 0.1883739232624439
576.2262262262262 0.1859198862808517
576.4764764764765 0.18347543294419316
576.7267267267267 0.18104102720271195
576.976976976977 0.17861712350677122
577.2272272272272 0.1762041667009641
577.4774774774775 0.17380259192566702
577.7277277277277 0.17141282452601053
577.977977977978 0.1690352799682343
578.2282282282283 0.16667036376338812
578.4784784784786 0.16431847139833947
578.7287287287288 0.16197998827402277
578.9789789789791 0.15965528965089557
579.2292292292293 0.15734474060152495
579.4794794794796 0.1550486959702431
579.7297297297298 0.15276750033980047
579.97997997998 0.15050148800493915
580.2302302302303 0.1482509829528049
580.4804804804805 0.1460162988501114
580.7307307307308 0.14379773903696588
580.980980980981 0.14159559652726075
581.2312312312313 0.1394101540155311
581.4814814814815 0.13724168389017463
581.7317317317318 0.135090448252926
581.981981981982 0.13295669894447423
582.2322322322323 0.13084067757610804
582.4824824824825 0.1287426155672697
582.7327327327328 0.12666273418889684
582.982982982983 0.124601244612426
583.2332332332332 0.12255834796433077
583.4834834834835 0.12053423538606343
583.7337337337337 0.11852908809926735
583.983983983984 0.11654307747612351
584.2342342342342 0.11457636511469471
584.4844844844845 0.11262910291912624
584.7347347347347 0.11070143318456206
584.984984984985 0.10879348868663223
585.2352352352352 0.1069053927753677
585.4854854854855 0.10503725947339466
585.7357357357357 0.10318919357826194
585.985985985986 0.10136129076875228
586.2362362362362 0.09955363771502815
586.4864864864865 0.09776631219246192
586.7367367367367 0.09599938319899957
586.986986986987 0.09425291107590707
587.2372372372372 0.09252694763174761
587.4874874874874 0.09082153626943892
587.7377377377377 0.08913671211623896
587.987987987988 0.08747250215650791
588.2382382382383 0.08582892536710122
588.4884884884885 0.08420599285523102
588.7387387387388 0.0826037079986623
588.988988988989 0.08102206658808368
589.2392392392393 0.07946105697150917
589.4894894894895 0.07792066020056375
589.7397397397398 0.07640085017850703
589.98998998999 0.07490159380985109
590.2402402402403 0.07342285115142902
590.4904904904905 0.07196457556477359
590.7407407407408 0.07052671386966598
590.990990990991 0.06910920649871664
591.2412412412413 0.06771198765284278
591.4914914914915 0.06633498545750754
591.7417417417417 0.06497812211958977
591.991991991992 0.06364131408475363
592.2422422422422 0.062324472195191175
592.4924924924925 0.061027501847611666
592.7427427427427 0.059750303151355585
592.992992992993 0.05849277108651188
593.2432432432432 0.05725479566192114
593.4934934934935 0.0560362620729488
593.7437437437438 0.05483705085891536
593.9939939939941 0.05365703806007644
594.2442442442443 0.05249609537403767
594.4944944944946 0.05135409031151016
594.7447447447448 0.050230886351297264
594.9949949949951 0.049126343094416616
595.2452452452453 0.0480403164172612
595.4954954954956 0.046972658623706746
595.7457457457458 0.04592321859607486
595.995995995996 0.044891841944865556
596.2462462462463 0.04387837115717473
596.4964964964965 0.042882645743716016
596.7467467467468 0.041904502384368846
596.996996996997 0.04094377507217801
597.2472472472473 0.04000029525573307
597.4974974974975 0.03907389197985858
597.7477477477478 0.03816439202454959
597.997997997998 0.037271620042090135
598.2482482482483 0.036395398692294495
598.4984984984985 0.035535548775815176
598.7487487487488 0.034691889365464065
598.998998998999 0.03386423793549573
599.2492492492493 0.03305241048880592
599.4994994994995 0.03225622168200022
599.7497497497498 0.031475484948291374
600.0 0.03071001261818628
