350.0 0.6592406302004438
350.25025025025025 0.6619890481951796
350.5005005005005 0.664735047996607
350.75075075075074 0.6674785046913895
351.001001001001 0.6702192930089386
351.25125125125123 0.6729572873304214
351.5015015015015 0.6756923616978405
351.7517517517517 0.6784243898231881
352.00200200200203 0.6811532450976707
352.2522522522523 0.6838788006010036
352.5025025025025 0.6866009291107803
352.75275275275277 0.6893195031119053
353.003003003003 0.6920343948060982
353.25325325325326 0.6947454761214646
353.5035035035035 0.6974526187221338
353.75375375375376 0.7001556940179609
354.004004004004 0.7028545731742942
354.25425425425425 0.7055491271218067
354.5045045045045 0.7082392265663884
354.75475475475474 0.7109247419991015
355.005005005005 0.7136055437061962
355.25525525525524 0.7162815017791854
355.5055055055055 0.7189524861249771
355.75575575575573 0.7216183664760669
356.00600600600603 0.724279012400784
356.2562562562563 0.7269342933135922
356.5065065065065 0.7295840784854498
356.7567567567568 0.7322282370542166
357.007007007007 0.7348666380351163
357.25725725725727 0.7374991503312488
357.5075075075075 0.7401256427441526
357.75775775775776 0.7427459839844153
358.008008008008 0.7453600426823317
358.25825825825825 0.7479676873986085
358.5085085085085 0.7505687866351133
358.75875875875874 0.7531632088456681
359.009009009009 0.7557508224468854
359.25925925925924 0.7583314958290455
359.5095095095095 0.7609050973670142
359.75975975975973 0.7634714954311992
360.01001001001003 0.7660305583985457
360.2602602602603 0.7685821546635646
360.5105105105105 0.7711261526494024
360.7607607607608 0.773662420818939
361.011011011011 0.7761908276859207
361.26126126126127 0.7787112418261257
361.5115115115115 0.7812235318885573
361.76176176176176 0.7837275666066678
362.012012012012 0.7862232148096089
362.26226226226225 0.7887103454335092
362.5125125125125 0.7911888275327752
362.76276276276275 0.7936585302914169
363.013013013013 0.7961193230343953
363.26326326326324 0.7985710752389904
363.5135135135135 0.8010136565461895
363.7637637637638 0.8034469367720928
364.01401401401404 0.8058707859193331
364.2642642642643 0.8082850741885188
364.51451451451453 0.8106896719896814
364.7647647647648 0.8130844499537417
365.015015015015 0.8154692789439839
365.26526526526527 0.8178440300675418
365.5155155155155 0.8202085746868917
365.76576576576576 0.8225627844313527
366.016016016016 0.8249065312085928
366.26626626626626 0.827239687216138
366.5165165165165 0.8295621249528862
366.76676676676675 0.8318737172306189
367.017017017017 0.834174337185516
367.26726726726724 0.8364638582896677
367.5175175175175 0.8387421543625817
367.7677677677678 0.8410090995826884
368.01801801801804 0.843264568498837
368.2682682682683 0.8455084360417886
368.51851851851853 0.8477405775356953
368.7687687687688 0.8499608687095718
369.019019019019 0.8521691857087548
369.2692692692693 0.8543654051063483
369.5195195195195 0.8565494039146542
369.76976976976977 0.8587210595965868
370.02002002002 0.8608802500770704
370.27027027027026 0.863026853754415
370.5205205205205 0.8651607495116748
370.77077077077075 0.8672818167279811
371.021021021021 0.869389935289854
371.2712712712713 0.871484985602488
371.52152152152155 0.8735668486010094
371.7717717717718 0.8756354057617094
372.02202202202204 0.8776905391132437
372.2722722722723 0.8797321312478033
372.52252252252254 0.8817600653322514
372.7727727727728 0.8837742251192277
373.02302302302303 0.8857744949582157
373.2732732732733 0.8877607598065744
373.5235235235235 0.8897329052405303
373.77377377377377 0.8916908174661304
374.024024024024 0.893634383330154
374.27427427427426 0.8955634903309803
374.5245245245245 0.8974780266294132
374.77477477477476 0.89937788105946
375.025025025025 0.9012629431390624
375.27527527527525 0.9031331030807789
375.52552552552555 0.9049882518024187
375.7757757757758 0.9068282809376204
376.02602602602605 0.9086530828463828
376.2762762762763 0.9104625506255374
376.52652652652654 0.9122565781191663
376.7767767767768 0.9140350599289632
377.02702702702703 0.9157978914245359
377.2772772772773 0.9175449687536477
377.5275275275275 0.9192761888523984
377.77777777777777 0.9209914494553425
378.028028028028 0.9226906491055422
378.27827827827826 0.9243736871645559
378.5285285285285 0.926040463822359
378.77877877877876 0.9276908801071967
379.02902902902906 0.929324837895367
379.2792792792793 0.9309422399209322
379.52952952952955 0.9325429897853589
379.7797797797798 0.9341269919670845
380.03003003003005 0.935694151831006
380.2802802802803 0.9372443756378966
380.53053053053054 0.9387775705537407
380.7807807807808 0.9402936446589922
381.03103103103103 0.9417925069577519
381.2812812812813 0.9432740673868634
381.5315315315315 0.9447382368249256
381.7817817817818 0.9461849271012226
382.032032032032 0.9476140510045661
382.28228228228227 0.9490255222920527
382.5325325325325 0.9504192556977337
382.78278278278276 0.9517951669411941
383.033033033033 0.9531531727360433
383.2832832832833 0.9544931907983131
383.53353353353356 0.9558151398547632
383.7837837837838 0.9571189396510938
384.03403403403405 0.9584045109600623
384.2842842842843 0.9596717755895038
384.53453453453454 0.9609206563902554
384.7847847847848 0.9621510772639807
385.03503503503504 0.9633629631708963
385.2852852852853 0.9645562401373965
385.53553553553553 0.9657308352635768
385.7857857857858 0.9668866767306551
386.036036036036 0.9680236938082882
386.28628628628627 0.9691418168617842
386.5365365365365 0.9702409773592086
386.7867867867868 0.9713211078783842
387.03703703703707 0.9723821421137815
387.2872872872873 0.9734240148833024
387.53753753753756 0.9744466621349531
387.7877877877878 0.9754500209534052
388.03803803803805 0.976434029566446
388.2882882882883 0.9773986273513173
388.53853853853855 0.9783437548409382
388.7887887887888 0.9792693537300151
389.03903903903904 0.9801753668810358
389.2892892892893 0.9810617383301479
389.53953953953953 0.9819284132929191
389.7897897897898 0.9827753381699806
390.04004004004 0.983602460552552
390.2902902902903 0.9844097292278445
390.5405405405405 0.9851970941843478
390.79079079079077 0.9859645066169913
391.04104104104107 0.9867119189321882
391.2912912912913 0.9874392847527523
391.54154154154156 0.9881465589226961
391.7917917917918 0.9888336975119013
392.04204204204206 0.9895006578206678
392.2922922922923 0.9901473983841346
392.54254254254255 0.9907738789765768
392.7927927927928 0.9913800606155754
393.04304304304304 0.9919659055660597
393.2932932932933 0.9925313773442226
393.54354354354354 0.9930764407213071
393.7937937937938 0.993601061727264
394.044044044044 0.9941052076542811
394.2942942942943 0.9945888470601807
394.5445445445446 0.9950519497716889
394.7947947947948 0.9954944868875721
395.0450450450451 0.995916430781644
395.2952952952953 0.9963177551056391
395.54554554554556 0.9966984347919556
395.7957957957958 0.9970584460562647
396.04604604604606 0.997397766399987
396.2962962962963 0.9977163746126364
396.54654654654655 0.9980142507740298
396.7967967967968 0.9982913762563624
397.04704704704704 0.9985477337261499
397.2972972972973 0.998783307146035
397.54754754754754 0.9989980817764598
397.7977977977978 0.9991920441772024
398.04804804804803 0.9993651822087798
398.2982982982983 0.9995174850337127
398.5485485485485 0.9996489431176581
398.7987987987988 0.9997595482304019
399.0490490490491 0.9998492934467196
399.2992992992993 0.9999181731470981
399.54954954954957 0.9999661830183226
399.7997997997998 0.9999933200539266
400.05005005005006 0.9999995825545058
400.3003003003003 0.9999849701278959
400.55055055055055 0.9999494836892131
400.8008008008008 0.9998931254607591
401.05105105105105 0.9998158989717892
401.3013013013013 0.999717809058144
401.55155155155154 0.9995988618617446
401.8018018018018 0.9994590648299527
402.05205205205203 0.9992984267147923
402.30230230230234 0.9991169575720377
402.5525525525526 0.9989146687601642
402.80280280280283 0.9986915729391634
403.0530530530531 0.9984476840692228
403.3033033033033 0.9981830174092702
403.55355355355357 0.9978975895153829
403.8038038038038 0.9975914182390615
404.05405405405406 0.9972645227253701
404.3043043043043 0.9969169234109406
404.55455455455456 0.9965486420218437
404.8048048048048 0.9961597015713264
405.05505505505505 0.9957501263574154
405.3053053053053 0.9953199419603875
405.55555555555554 0.9948691752401072
405.8058058058058 0.9943978543332321
406.05605605605604 0.9939060086502866
406.3063063063063 0.9933936688726029
406.5565565565566 0.9928608669491324
406.80680680680683 0.9923076360931256
407.0570570570571 0.9917340107786818
407.3073073073073 0.9911400267371697
407.5575575575576 0.9905257209535182
407.8078078078078 0.9898911316623793
408.05805805805807 0.9892362983441624
408.3083083083083 0.9885612617209416
408.55855855855856 0.9878660637522364
408.8088088088088 0.9871507476306647
409.05905905905905 0.9864153577774722
409.3093093093093 0.9856599398379358
409.55955955955955 0.9848845406766421
409.8098098098098 0.9840892083726444
410.0600600600601 0.9832739922144939
410.31031031031034 0.9824389426951519
410.5605605605606 0.9815841115067779
410.81081081081084 0.9807095515353985
411.0610610610611 0.9798153168554561
411.31131131131133 0.9789014627242383
411.5615615615616 0.9779680455761897
411.8118118118118 0.977015123017105
412.06206206206207 0.9760427538182068
412.3123123123123 0.9750509979101066
412.56256256256256 0.9740399163766517
412.8128128128128 0.9730095714486576
413.06306306306305 0.9719600264975278
413.3133133133133 0.9708913460287606
413.56356356356355 0.9698035956753456
413.8138138138138 0.9686968421910493
414.06406406406404 0.9675711534435923
414.3143143143143 0.9664265984077167
414.5645645645646 0.9652632471581472
414.81481481481484 0.9640811708624466
415.0650650650651 0.9628804417737644
415.31531531531533 0.9616611332234817
415.5655655655656 0.9604233196137543
415.8158158158158 0.9591670764099516
416.06606606606607 0.9578924801329967
416.3163163163163 0.9565996083516041
416.56656656656656 0.9552885396744214
416.8168168168168 0.9539593537420713
417.06706706706706 0.9526121312190979
417.3173173173173 0.9512469537858173
417.5675675675676 0.9498639041300747
417.81781781781785 0.9484630659389092
418.0680680680681 0.9470445238901232
418.31831831831835 0.9456083636437661
418.5685685685686 0.9441546718335254
418.81881881881884 0.9426835360580309
419.0690690690691 0.9411950448720718
419.31931931931933 0.9396892877777282
419.5695695695696 0.9381663552154184
419.8198198198198 0.9366263385548625
420.0700700700701 0.935069330085966
420.3203203203203 0.9334954230096203
420.57057057057057 0.9319047114284266
420.8208208208208 0.9302972903373404
421.07107107107106 0.9286732556142406
421.3213213213213 0.9270327040104226
421.57157157157155 0.9253757331410175
421.8218218218218 0.9237024414753413
422.07207207207205 0.9220129283271689
422.32232232232235 0.9203072938449424
422.5725725725726 0.9185856390019103
422.82282282282284 0.9168480655861974
423.0730730730731 0.9150946761908125
423.32332332332334 0.9133255742035911
423.5735735735736 0.9115408637970744
423.82382382382383 0.9097406499183297
424.0740740740741 0.9079250382787089
424.3243243243243 0.9060941353435498
424.57457457457457 0.9042480483218214
424.8248248248248 0.9023868851557131
425.07507507507506 0.9005107545101707
425.32532532532537 0.8986197657623796
425.5755755755756 0.8967140289911999
425.82582582582586 0.8947936549665478
426.0760760760761 0.8928587551387337
426.32632632632635 0.890909441627752
426.5765765765766 0.8889458272125276
426.82682682682685 0.886968025320118
427.0770770770771 0.8849761500148758
427.32732732732734 0.8829703159875697
427.5775775775776 0.8809506385444689
427.82782782782783 0.8789172335963885
428.0780780780781 0.8768702176477032
428.3283283283283 0.8748097077853243
428.5785785785786 0.8727358216676464
428.8288288288288 0.8706486775134643
429.07907907907907 0.8685483940908598
429.3293293293293 0.8664350907060632
429.57957957957956 0.8643088871922876
429.8298298298298 0.8621699038985416
430.08008008008005 0.8600182616784182
430.33033033033036 0.8578540818788636
430.5805805805806 0.8556774863289295
430.83083083083085 0.8534885973285038
431.0810810810811 0.8512875376370309
431.33133133133134 0.8490744304622144
431.5815815815816 0.8468493994487108
431.83183183183183 0.8446125686668113
432.0820820820821 0.8423640626011145
432.3323323323323 0.8401040061391943
432.5825825825826 0.8378325245602611
432.8328328328328 0.8355497435238197
433.0830830830831 0.8332557890583261
433.33333333333337 0.8309507875498457
433.5835835835836 0.8286348657307097
433.83383383383386 0.8263081506681786
434.0840840840841 0.8239707697531106
434.33433433433436 0.8216228506886353
434.5845845845846 0.8192645214788391
434.83483483483485 0.8168959104174596
435.0850850850851 0.8145171460765931
435.33533533533534 0.8121283572954168
435.5855855855856 0.8097296731689275
435.83583583583584 0.8073212230366982
436.0860860860861 0.8049031364716541
436.33633633633633 0.802475543268872
436.5865865865866 0.8000385734344027
436.8368368368368 0.7975923571741179
437.08708708708707 0.7951370248825871
437.3373373373373 0.7926727071319818
437.58758758758756 0.7901995346610127
437.8378378378378 0.7877176383638987
438.0880880880881 0.7852271492793726
438.33833833833836 0.7827281985797243
438.5885885885886 0.7802209175598805
438.83883883883885 0.7777054376265292
439.0890890890891 0.7751818902872848
439.33933933933935 0.7726504071399003
439.5895895895896 0.7701111198615253
439.83983983983984 0.7675641601980144
440.0900900900901 0.7650096599532864
440.34034034034033 0.7624477509787371
440.5905905905906 0.7598785651627077
440.8408408408409 0.7573022344200104
441.09109109109113 0.7547188906815169
441.3413413413414 0.7521286658838018
441.5915915915916 0.7495316919588582
441.84184184184187 0.746928100823875
442.0920920920921 0.7443180243710825
442.34234234234236 0.7417015944576725
442.5925925925926 0.7390789428957861
442.84284284284286 0.7364502014425812
443.0930930930931 0.7338155017903752
443.34334334334335 0.7311749755568682
443.5935935935936 0.7285287542754479
443.84384384384384 0.7258769693855801
444.0940940940941 0.7232197522232842
444.34434434434434 0.7205572340117
444.5945945945946 0.7178895458517451
444.84484484484483 0.7152168187128657
445.0950950950951 0.7125391834238859
445.3453453453453 0.7098567706639539
445.59559559559557 0.707169710953592
445.8458458458459 0.7044781346458476
446.0960960960961 0.7017821719175562
446.34634634634637 0.6990819527607062
446.5965965965966 0.6963776069739219
446.84684684684686 0.6936692641540588
447.0970970970971 0.6909570536879153
447.34734734734735 0.6882411047440652
447.5975975975976 0.6855215462648129
447.84784784784785 0.6827985069582735
448.0980980980981 0.680072115290581
448.34834834834834 0.6773424994782279
448.59859859859864 0.6746097874805378
448.8488488488489 0.6718741069922777
449.09909909909913 0.6691355854364031
449.3493493493494 0.6663943499569529
449.5995995995996 0.6636505274120857
449.8498498498499 0.6609042443672656
450.1001001001001 0.6581556270885992
450.35035035035037 0.6554048015363264
450.6006006006006 0.6526518933584706
450.85085085085086 0.6498970278846473
451.1011011011011 0.6471403301200377
451.35135135135135 0.644381924739529
451.6016016016016 0.6416219360820244
451.85185185185185 0.6388604881449266
452.1021021021021 0.6360977045787979
452.35235235235234 0.6333337086821995
452.6026026026026 0.6305686233967147
452.85285285285283 0.6278025713021574
453.1031031031031 0.6250356746119712
453.3533533533533 0.6222680551688208
453.60360360360363 0.6194998344403793
453.8538538538539 0.6167311335153184
454.1041041041041 0.613962073099496
454.35435435435437 0.611192773512356
454.6046046046046 0.6084233546835351
454.85485485485486 0.6056539361496847
455.1051051051051 0.6028846370515075
455.35535535535536 0.6001155761310177
455.6056056056056 0.5973468717290226
455.85585585585585 0.5945786417828333
456.1061061061061 0.5918110038242052
456.3563563563564 0.5890440749775133
456.60660660660665 0.5862779719581689
456.8568568568569 0.5835128110712703
457.10710710710714 0.5807487082105063
457.3573573573574 0.5779857788573044
457.60760760760763 0.5752241380802324
457.8578578578579 0.5724639005346549
458.1081081081081 0.5697051804626497
458.3583583583584 0.5669480916931859
458.6086086086086 0.5641927476425698
458.85885885885887 0.5614392613151575
459.1091091091091 0.5586877453043444
459.35935935935936 0.5559383117938266
459.6096096096096 0.5531910725591457
459.85985985985985 0.5504461389695138
460.1101101101101 0.5477036219899273
460.36036036036035 0.5449636321835672
460.6106106106106 0.5422262797144956
460.86086086086084 0.539491674350644
461.1111111111111 0.5367599254671043
461.3613613613614 0.5340311420497175
461.61161161161164 0.5313054326989731
461.8618618618619 0.5285829056342082
462.11211211211213 0.5258636686981233
462.3623623623624 0.523147829361609
462.6126126126126 0.5204354947288881
462.86286286286287 0.5177267715429753
463.1131131131131 0.5150217661914591
463.36336336336336 0.5123205847126053
463.6136136136136 0.5096233328017854
463.86386386386386 0.5069301158182322
464.11411411411416 0.5042410387921242
464.3643643643644 0.5015562064320028
464.61461461461465 0.4988757231325167
464.8648648648649 0.4961996929825048
465.11511511511515 0.49352821977341277
465.3653653653654 0.49086140700804537
465.61561561561564 0.4881993579096557
465.8658658658659 0.48554217543137385
466.11611611611613 0.48288996226597264
466.3663663663664 0.4802428208559729
466.6166166166166 0.4776008534040884
466.86686686686687 0.47496416188400875
467.1171171171171 0.4723328480515225
467.36736736736736 0.4697070134559773
467.6176176176176 0.46708675945207956
467.86786786786786 0.464472187212028
468.1181181181181 0.4618633977379854
468.36836836836835 0.45926049187488266
468.6186186186186 0.4566635703235552
468.86886886886884 0.45407273365420986
469.11911911911915 0.4514880823202181
469.3693693693694 0.44890971667223734
469.61961961961964 0.4463377369726487
469.8698698698699 0.4437722434103185
470.12012012012013 0.44121333611567204
470.3703703703704 0.43866111517607836
470.6206206206206 0.4361156806515424
470.8708708708709 0.43357713259069713
471.1211211211211 0.43104557104709373
471.37137137137137 0.4285210960957819
471.6216216216216 0.4260038078501751
471.8718718718719 0.4234938064791941
472.12212212212216 0.42099119222468545
472.3723723723724 0.41849606541909845
472.62262262262266 0.416008526503425
472.8728728728729 0.4135286760453859
473.12312312312315 0.4110566147578578
473.3733733733734 0.4085924435175314
473.62362362362364 0.4061362633837921
473.8738738738739 0.40368817561781206
474.12412412412414 0.40124828170184407
474.3743743743744 0.39881668335870596
474.62462462462463 0.3963934825714437
474.8748748748749 0.39397878160316174
475.1251251251251 0.39157268301700837
475.37537537537537 0.38917528969630155
475.6256256256256 0.3867867048647832
475.87587587587586 0.38440703210698746
476.1261261261261 0.382036375388707
476.37637637637636 0.3796748390775441
476.6266266266266 0.377322527963529
476.8768768768769 0.37497954727978927
477.12712712712715 0.3726460027232567
477.3773773773774 0.370322000475385
477.62762762762765 0.36800764722287244
477.8778778778779 0.36570305017836136
478.12812812812814 0.36340831710109917
478.3783783783784 0.36112355631753934
478.62862862862863 0.35884887674186366
478.8788788788789 0.35658438789640273
479.1291291291292 0.3543301999319335
479.37937937937943 0.35208642364783443
479.6296296296297 0.3498531705120675
479.8798798798799 0.3476305526809735
480.13013013013017 0.3454186830188498
480.3803803803804 0.343217675117288
480.63063063063066 0.3410276433142452
480.8808808808809 0.33884870271282486
481.13113113113116 0.33668096919973856
481.3813813813814 0.3345245594634237
481.63163163163165 0.33237959101178755
481.8818818818819 0.33024618218955043
482.13213213213214 0.32812445219516023
482.3823823823824 0.32601452109724655
482.63263263263264 0.3239165098505877
482.8828828828829 0.3218305403115569
483.13313313313313 0.3197567352530203
483.3833833833834 0.3176952183786528
483.6336336336336 0.31564611433664075
483.88388388388387 0.3136095487327404
484.1341341341341 0.3115856481426571
484.38438438438436 0.30957454012371427
484.6346346346346 0.3075763532257777
484.88488488488485 0.3055912170014002
485.13513513513516 0.30361926201515477
485.3853853853854 0.3016606198521202
485.63563563563565 0.29971542312548194
485.8858858858859 0.2977838054832171
486.13613613613614 0.29586590161382664
486.3863863863864 0.2939618472510764
486.63663663663664 0.2920717791777143
486.88688688688694 0.2901958352281251
487.1371371371372 0.2883341542898902
487.38738738738743 0.2864868763042075
487.6376376376377 0.2846541422651465
487.8878878878879 0.2828360942176922
488.1381381381382 0.28103287525454584
488.3883883883884 0.2792446295116444
488.63863863863867 0.27747150216236327
488.8888888888889 0.27571363941036375
489.13913913913916 0.2739711884810506
489.3893893893894 0.2722442976116027
489.63963963963965 0.27053311603954044
489.8898898898899 0.26883779398979507
490.14014014014015 0.2671584826602427
490.3903903903904 0.2654953342056702
490.64064064064064 0.2638485017201347
490.8908908908909 0.262218139217687
491.14114114114113 0.2606044016114196
491.3913913913914 0.259007444690811
491.6416416416416 0.25742742509732885
491.8918918918919 0.2558645002982639
492.1421421421421 0.25431882855875987
492.39239239239237 0.2527905689120102
492.6426426426426 0.2512798811275909
492.8928928928929 0.249786925677901
493.14314314314316 0.24831186370268218
493.3933933933934 0.24685485697158688
493.64364364364366 0.24541606784477504
493.8938938938939 0.24399565923150826
494.14414414414415 0.24259379454671884
494.3943943943944 0.24121063766553177
494.6446446446447 0.23984635287571612
494.89489489489495 0.23850110482804657
495.1451451451452 0.23717505848455328
495.39539539539544 0.23586837906464536
495.6456456456457 0.23458123198908903
495.89589589589593 0.23331378282182633
496.1461461461462 0.23206619720962052
496.3963963963964 0.23083864081951652
496.6466466466467 0.22963127927410595
496.8968968968969 0.2284442780845881
497.14714714714717 0.2272778025816205
497.3973973973974 0.22613201784395368
497.64764764764766 0.225007088624847
497.8978978978979 0.2239031792762648
498.14814814814815 0.22282045367085337
498.3983983983984 0.2217590751217018
498.64864864864865 0.22071920629989092
498.8988988988989 0.21970100914983895
499.14914914914914 0.2187046448024509
499.3993993993994 0.21773027348608562
499.64964964964963 0.21677805443535209
499.8998998998999 0.21584814579775244
500.1501501501501 0.2149407045381891
500.4004004004004 0.21405588634135814
500.6506506506507 0.21319384551205028
500.9009009009009 0.2123547348733878
501.15115115115117 0.21153870566302202
501.4014014014014 0.21074590742732596
501.65165165165166 0.20997648791361334
501.9019019019019 0.20923059296041993
502.15215215215215 0.20850836638588693
502.40240240240246 0.20780994987428605
502.6526526526527 0.20713548286073313
502.90290290290295 0.2064851024141323
503.1531531531532 0.20585894311840514
503.40340340340344 0.20525713695205394
503.6536536536537 0.204679813166114
503.90390390390394 0.20412709816055422
504.1541541541542 0.20359911535918468
504.40440440440443 0.20309598508313534
504.6546546546547 0.20261782442297194
504.9049049049049 0.20216474710951648
505.15515515515517 0.20173686338344585
505.4054054054054 0.20133427986374064
505.65565565565566 0.20095709941506262
505.9059059059059 0.20060542101414008
506.15615615615616 0.20027933961524338
506.4064064064064 0.19997894601483523
506.65665665665665 0.19970432671548474
506.9069069069069 0.1994555637891345
507.15715715715714 0.19923273473981362
507.4074074074074 0.19903591236589316
507.65765765765764 0.19886516462198056
507.9079079079079 0.19872055448055487
508.15815815815813 0.19860213979344493
508.40840840840843 0.19850997315325553
508.6586586586587 0.19844410175485022
508.9089089089089 0.19840456725699868
509.1591591591592 0.19839140564430302
509.4094094094094 0.1984046470895149
509.65965965965967 0.19844431581636107
509.9099099099099 0.1985104299629949
510.16016016016016 0.1986030014461937
510.41041041041046 0.19872203582642434
510.6606606606607 0.1988675321738999
510.91091091091096 0.19903948293575308
511.1611611611612 0.19923787380445274
511.41141141141145 0.19946268358759228
511.6616616616617 0.19971388407917806
511.91191191191194 0.1999914399325504
512.1621621621622 0.20029530853506694
512.4124124124124 0.20062543988468334
512.6626626626627 0.20098177646856294
512.9129129129129 0.20136425314385153
513.1631631631632 0.2017727970207514
513.4134134134134 0.2022073273480309
513.6636636636637 0.20266775540110538
513.9139139139139 0.20315398437282567
514.1641641641642 0.20366590926711123
514.4144144144144 0.20420341679556325
514.6646646646647 0.20476638527719632
514.9149149149149 0.2053546845414213
515.1651651651651 0.20596817583441923
515.4154154154154 0.2066067117290372
515.6656656656656 0.20727013603834415
515.9159159159159 0.2079582837329776
516.1661661661662 0.20867098086241537
516.4164164164165 0.2094080444803017
516.6666666666667 0.2101692825739617
516.916916916917 0.2109544939982277
517.1671671671672 0.21176346841370763
517.4174174174175 0.21259598622962028
517.6676676676677 0.21345181855131967
517.917917917918 0.21433072713262996
518.1681681681682 0.21523246433311055
518.4184184184185 0.2161567730803663
518.6686686686687 0.21710338683751856
518.918918918919 0.21807202957594626
519.1691691691692 0.21906241575340668
519.4194194194195 0.22007425029764066
519.6696696696697 0.22110722859556403
519.91991991992 0.22216103648814423
520.1701701701702 0.22323535027105706
520.4204204204204 0.22432983670121537
520.6706706706707 0.22544415300925694
520.9209209209209 0.2265779469180758
521.1711711711712 0.22773085666747597
521.4214214214214 0.22890251104502407
521.6716716716717 0.2300925294231707
521.9219219219219 0.23130052180270788
522.1721721721722 0.23252608886262438
522.4224224224224 0.23376882201641572
522.6726726726727 0.23502830347490106
522.9229229229229 0.23630410631559498
523.1731731731732 0.23759579455867505
523.4234234234234 0.2389029232495825
523.6736736736736 0.24022503854828803
523.9239239239239 0.2415616778252473
524.1741741741741 0.24291236976406816
524.4244244244244 0.24427663447090284
524.6746746746746 0.24565398359057516
524.9249249249249 0.24704392042944506
525.1751751751751 0.24844594008500842
525.4254254254254 0.24985952958222252
525.6756756756756 0.2512841680165432
525.925925925926 0.25271932670365216
526.1761761761762 0.2541644693358449
526.4264264264265 0.25561905214505404
526.6766766766767 0.25708252407245624
526.926926926927 0.2585543269446265
527.1771771771772 0.2600338956561826
527.4274274274275 0.2615206583588636
527.6776776776777 0.2630140366569744
527.927927927928 0.2645134458091279
528.1781781781782 0.2660182949362044
528.4284284284284 0.2675279872354457
528.6786786786787 0.2690419202005923
528.9289289289289 0.27055948584796663
529.1791791791792 0.27208007094839964
529.4294294294294 0.27360305726489037
529.6796796796797 0.27512782179588313
529.9299299299299 0.2766537370240402
530.1801801801802 0.278180171170381
530.4304304304304 0.2797064884536546
530.6806806806807 0.28123204935480445
530.9309309309309 0.2827562108863789
531.1811811811812 0.28427832686673693
531.4314314314314 0.2857977481988886
531.6816816816818 0.2873138231538098
531.931931931932 0.2888258976580576
532.1821821821823 0.290333315585521
532.4324324324325 0.29183541905311505
532.6826826826828 0.29333154872024236
532.932932932933 0.2948210440918302
533.1831831831832 0.29630324382474577
533.4334334334335 0.29777748603739373
533.6836836836837 0.2992431086222893
533.933933933934 0.3006994495614
534.1841841841842 0.3021458472440422
534.4344344344345 0.30358164078711736
534.6846846846847 0.3050061703574656
534.934934934935 0.30641877749611346
535.1851851851852 0.30781880544418827
535.4354354354355 0.3092055994702672
535.6856856856857 0.31057850719892766
535.935935935936 0.3119368789402626
536.1861861861862 0.3132800680201196
536.4364364364365 0.3146074311108237
536.6866866866867 0.3159183285621381
536.936936936937 0.3172121247322183
537.1871871871872 0.3184881883183105
537.4374374374374 0.31974589268694537
537.6876876876877 0.32098461620337704
537.9379379379379 0.32220374256001544
538.1881881881882 0.3234026611035995
538.4384384384384 0.3245807671608587
538.6886886886887 0.32573746236240964
538.9389389389389 0.3268721549646349
539.1891891891892 0.32798426016929066
539.4394394394394 0.32907320044059196
539.6896896896897 0.33013840581952225
539.9399399399399 0.33117931423511876
540.1901901901902 0.3321953718124828
540.4404404404404 0.3331860331772677
540.6906906906906 0.3341507617563988
540.9409409409409 0.3350890300747814
541.1911911911911 0.33600032004775515
541.4414414414415 0.33688412326905515
541.6916916916917 0.3377399412940436
541.941941941942 0.33856728591798185
542.1921921921922 0.3393656794491074
542.4424424424425 0.34013465497629414
542.6926926926927 0.3408737566310712
542.942942942943 0.34158253984378284
543.1931931931932 0.34226057159367435
543.4434434434435 0.3429074306526947
543.6936936936937 0.34352270782281125
543.943943943944 0.34410600616663556
544.1941941941942 0.34465694123116636
544.4444444444445 0.3451751412644595
544.6946946946947 0.3456602474250413
544.944944944945 0.34611191398388763
545.1951951951952 0.34652980851879517
545.4454454454454 0.3469136121009806
545.6956956956957 0.34726301947374705
545.9459459459459 0.347577739223065
546.1961961961962 0.3478574939399215
546.4464464464464 0.3481020203742979
546.6966966966967 0.34831106958064384
546.9469469469469 0.3484844070547224
547.1971971971973 0.34862181286170774
547.4474474474475 0.34872308175542566
547.6976976976978 0.34878802328863334
547.947947947948 0.3488164619142434
548.1981981981983 0.3488082370774048
548.4484484484485 0.34876320329836064
548.6986986986988 0.34868123024601144
548.948948948949 0.3485622028021207
549.1991991991993 0.34840602111610663
549.4494494494495 0.3482126006503736
549.6996996996997 0.34798187221614335
549.94994994995 0.347713781999756
550.2002002002002 0.3474082915794187
550.4504504504505 0.3470653779323872
550.7007007007007 0.3466850334325741
550.950950950951 0.3462672658385895
551.2012012012012 0.3458120982722207
551.4514514514515 0.34531956918737405
551.7017017017017 0.3447897323295052
551.951951951952 0.3442226566855738
552.2022022022022 0.34361842642456714
552.4524524524525 0.3429771408286458
552.7027027027027 0.3422989142149713
552.952952952953 0.34158387584828487
553.2032032032032 0.3408321698443147
553.4534534534534 0.3400439550640946
553.7037037037037 0.3392194049992898
553.9539539539539 0.33835870764862663
554.2042042042042 0.3374620653855367
554.4544544544544 0.3365296948171296
554.7047047047047 0.33556182663461726
554.9549549549549 0.3345587054553204
555.2052052052052 0.3335205896563934
555.4554554554554 0.3324477512004116
555.7057057057057 0.33134047545297307
555.9559559559559 0.33019906099247104
556.2062062062062 0.32902381941220027
556.4564564564564 0.3278150751149698
556.7067067067067 0.3265731651003956
556.956956956957 0.3252984387450557
557.2072072072073 0.32399125757569985
557.4574574574575 0.32265199503569575
557.7077077077078 0.3212810362449247
557.957957957958 0.3198787777533192
558.2082082082082 0.31844562728825476
558.4584584584585 0.3169820034960094
558.7087087087087 0.31548833567750606
558.958958958959 0.3139650635185603
559.2092092092092 0.31241263681485937
559.4594594594595 0.31083151519189917
559.7097097097097 0.3092221678201135
559.95995995996 0.30758507312543015
560.2102102102102 0.30592071849549163
560.4604604604605 0.30422959998178295
560.7107107107107 0.30251222199790795
560.960960960961 0.30076909701426124
561.2112112112112 0.2990007452493427
561.4614614614615 0.2972076943579627
561.7117117117117 0.2953904791165896
561.961961961962 0.29354964110609094
562.2122122122122 0.29168572839212
562.4624624624624 0.28979929520340075
562.7127127127128 0.287890901608165
562.962962962963 0.28596111318899853
563.2132132132133 0.2840105007163376
563.4634634634635 0.282039639820886
563.7137137137138 0.28004911066519117
563.963963963964 0.27803949761463687
564.2142142142143 0.2760113889081005
564.4644644644645 0.27396537632852486
564.7147147147148 0.27190205487365077
564.964964964965 0.26982202242715636
565.2152152152153 0.2677258794304451
565.4654654654655 0.2656142285553252
565.7157157157158 0.2634876743778159
565.965965965966 0.26134682305332
566.2162162162163 0.25919228199339045
566.4664664664665 0.25702465954432446
566.7167167167167 0.2548445646678086
566.966966966967 0.25265260662383776
567.2172172172172 0.25044939465612714
567.4674674674675 0.2482355376802307
567.7177177177177 0.24601164397457742
567.967967967968 0.24377832087463067
568.2182182182182 0.24153617447037315
568.4684684684685 0.23928580930731305
568.7187187187187 0.23702782809120482
568.968968968969 0.23476283139667045
569.2192192192192 0.23249141737990425
569.4694694694695 0.23021418149563722
569.7197197197197 0.22793171621853253
569.96996996997 0.2256446107691785
570.2202202202202 0.22335345084483837
570.4704704704704 0.22105881835511243
570.7207207207207 0.2187612911626608
570.9709709709709 0.2164614428291296
571.2212212212212 0.21415984236641783
571.4714714714714 0.21185705399341528
571.7217217217217 0.20955363689833684
571.9719719719719 0.2072501450067708
572.2222222222222 0.20494712675555446
572.4724724724725 0.20264512487258118
572.7227227227228 0.20034467616264529
572.972972972973 0.19804631129940198
573.2232232232233 0.19575055462355118
573.4734734734735 0.19345792394730826
573.7237237237238 0.19116893036524457
573.973973973974 0.18888407807156193
574.2242242242243 0.18660386418386474
574.4744744744745 0.18432877857348248
574.7247247247248 0.18205930370239354
574.974974974975 0.1797959144667903
575.2252252252252 0.17753907804732358
575.4754754754755 0.1752892537660543
575.7257257257257 0.1730468929501376
575.975975975976 0.17081243880225516
576.2262262262262 0.16858632627780837
576.4764764764765 0.16636898196887623
576.7267267267267 0.1641608239949388
576.976976976977 0.16196226190035787
577.2272272272272 0.1597736965586036
577.4774774774775 0.15759552008320893
577.7277277277277 0.1554281157454271
577.977977977978 0.15327185789856387
578.2282282282283 0.15112711190894895
578.4784784784786 0.1489942340935112
578.7287287287288 0.1468735716638992
578.9789789789791 0.1447654626771156
579.2292292292293 0.14267023599259576
579.4794794794796 0.14058821123567602
579.7297297297298 0.13851969876738643
579.97997997998 0.13646499966049808
580.2302302302303 0.13442440568175168
580.4804804804805 0.1323981992801888
580.7307307307308 0.13038665358150417
580.980980980981 0.12839003238833202
581.2312312312313 0.1264085901863772
581.4814814814815 0.12444257215629649
581.7317317317318 0.12249221419123303
581.981981981982 0.12055774291990302
582.2322322322323 0.11863937573513078
582.4824824824825 0.11673732082772416
582.7327327327328 0.11485177722558149
582.982982982983 0.1129829348379157
583.2332332332332 0.11113097450448099
583.4834834834835 0.10929606804968336
583.7337337337337 0.10747837834145522
583.983983983984 0.10567805935477048
584.2342342342342 0.1038952562396767
584.4844844844845 0.10213010539371706
584.7347347347347 0.10038273453861409
584.984984984985 0.09865326280108562
585.2352352352352 0.09694180079766207
585.4854854854855 0.09524845072337217
585.7357357357357 0.09357330644416416
585.985985985986 0.09191645359292817
586.2362362362362 0.09027796966898435
586.4864864864865 0.08865792414090116
586.7367367367367 0.08705637855250781
586.986986986987 0.0854733866319639
587.2372372372372 0.08390899440374966
587.4874874874874 0.0823632403034401
587.7377377377377 0.08083615529512611
587.987987987988 0.0793277629913452
588.2382382382383 0.0778380797753902
588.4884884884885 0.07636711492584938
588.7387387387388 0.07491487074325694
588.988988988989 0.07348134267870905
589.2392392392393 0.07206651946431593
589.4894894894895 0.07067038324535675
589.7397397397398 0.06929290971400559
589.98998998999 0.06793406824449853
590.2402402402403 0.0665938220296123
590.4904904904905 0.06527212821832694
590.7407407407408 0.06396893805454662
590.990990990991 0.06268419701675328
591.2412412412413 0.06141784495847096
591.4914914914915 0.06016981624941894
591.7417417417417 0.058940039917234795
591.991991991992 0.05772843978964974
592.2422422422422 0.056534934637001155
592.4924924924925 0.055359438314968375
592.7427427427427 0.05420185990742142
592.992992992993 0.053062103869272986
593.2432432432432 0.051940070169227456
593.4934934934935 0.050835654432322394
593.7437437437438 0.04974874808216024
593.9939939939941 0.048679238482733415
594.2442442442443 0.04762700907973885
594.4944944944946 0.046591939541296784
594.7447447447448 0.04557390589797498
594.9949949949951 0.04457278068203174
595.2452452452453 0.043588433065790556
595.4954954954956 0.04262072899906266
595.7457457457458 0.041669531345535665
595.995995995996 0.040734700018050234
596.2462462462463 0.03981609211268834
596.4964964964965 0.03891356204160048
596.7467467467468 0.03802696166450105
596.996996996997 0.03715614041876444
597.2472472472473 0.036300945448057
597.4974974974975 0.035461221729442625
597.7477477477478 0.03463681219890254
597.997997997998 0.033827557875213216
598.2482482482483 0.03303329798212772
598.4984984984985 0.03225387006881014
598.7487487487488 0.03148911012847437
598.998998998999 0.030738852715181418
599.2492492492493 0.03000293105875268
599.4994994994995 0.029281177177758418
599.7497497497498 0.02857342199054399
600.0 0.02787949542425873
