350.0 0.6592406302004438
350.25025025025025 0.6619890481951796
350.5005005005005 0.664735047996607
350.75075075075074 0.6674785046913895
351.001001001001 0.6702192930089386
351.25125125125123 0.6729572873304214
351.5015015015015 0.6756923616978405
351.7517517517517 0.6784243898231881
352.00200200200203 0.6811532450976707
352.2522522522523 0.6838788006010036
352.5025025025025 0.6866009291107803
352.75275275275277 0.6893195031119053
353.003003003003 0.6920343948060982
353.25325325325326 0.6947454761214646
353.5035035035035 0.6974526187221338
353.75375375375376 0.7001556940179609
354.004004004004 0.7028545731742942
354.25425425425425 0.7055491271218067
354.5045045045045 0.7082392265663884
354.75475475475474 0.7109247419991015
355.005005005005 0.7136055437061962
355.25525525525524 0.7162815017791854
355.5055055055055 0.7189524861249771
355.75575575575573 0.7216183664760669
356.00600600600603 0.724279012400784
356.2562562562563 0.7269342933135922
356.5065065065065 0.7295840784854498
356.7567567567568 0.7322282370542166
357.007007007007 0.7348666380351163
357.25725725725727 0.7374991503312488
357.5075075075075 0.7401256427441526
357.75775775775776 0.7427459839844153
358.008008008008 0.7453600426823318
358.25825825825825 0.7479676873986086
358.5085085085085 0.7505687866351134
358.75875875875874 0.7531632088456682
359.009009009009 0.7557508224468855
359.25925925925924 0.7583314958290456
359.5095095095095 0.7609050973670142
359.75975975975973 0.7634714954311992
360.01001001001003 0.7660305583985457
360.2602602602603 0.7685821546635646
360.5105105105105 0.7711261526494024
360.7607607607608 0.773662420818939
361.011011011011 0.7761908276859208
361.26126126126127 0.7787112418261258
361.5115115115115 0.7812235318885574
361.76176176176176 0.7837275666066679
362.012012012012 0.786223214809609
362.26226226226225 0.7887103454335094
362.5125125125125 0.7911888275327753
362.76276276276275 0.793658530291417
363.013013013013 0.7961193230343954
363.26326326326324 0.7985710752389906
363.5135135135135 0.8010136565461897
363.7637637637638 0.803446936772093
364.01401401401404 0.8058707859193334
364.2642642642643 0.808285074188519
364.51451451451453 0.8106896719896818
364.7647647647648 0.8130844499537421
365.015015015015 0.8154692789439842
365.26526526526527 0.8178440300675422
365.5155155155155 0.8202085746868921
365.76576576576576 0.8225627844313532
366.016016016016 0.8249065312085933
366.26626626626626 0.8272396872161386
366.5165165165165 0.8295621249528868
366.76676676676675 0.8318737172306195
367.017017017017 0.8341743371855168
367.26726726726724 0.8364638582896686
367.5175175175175 0.8387421543625826
367.7677677677678 0.8410090995826894
368.01801801801804 0.8432645684988381
368.2682682682683 0.8455084360417898
368.51851851851853 0.8477405775356965
368.7687687687688 0.8499608687095732
369.019019019019 0.8521691857087563
369.2692692692693 0.85436540510635
369.5195195195195 0.856549403914656
369.76976976976977 0.8587210595965888
370.02002002002 0.8608802500770726
370.27027027027026 0.8630268537544175
370.5205205205205 0.8651607495116774
370.77077077077075 0.867281816727984
371.021021021021 0.8693899352898571
371.2712712712713 0.8714849856024914
371.52152152152155 0.8735668486010132
371.7717717717718 0.8756354057617135
372.02202202202204 0.8776905391132482
372.2722722722723 0.8797321312478081
372.52252252252254 0.8817600653322568
372.7727727727728 0.8837742251192335
373.02302302302303 0.8857744949582221
373.2732732732733 0.8877607598065814
373.5235235235235 0.8897329052405379
373.77377377377377 0.8916908174661389
374.024024024024 0.8936343833301632
374.27427427427426 0.8955634903309904
374.5245245245245 0.8974780266294242
374.77477477477476 0.899377881059472
375.025025025025 0.9012629431390754
375.27527527527525 0.9031331030807931
375.52552552552555 0.9049882518024343
375.7757757757758 0.9068282809376373
376.02602602602605 0.9086530828464013
376.2762762762763 0.9104625506255576
376.52652652652654 0.9122565781191884
376.7767767767768 0.9140350599289873
377.02702702702703 0.9157978914245621
377.2772772772773 0.9175449687536762
377.5275275275275 0.9192761888524296
377.77777777777777 0.9209914494553765
378.028028028028 0.9226906491055793
378.27827827827826 0.9243736871645962
378.5285285285285 0.926040463822403
378.77877877877876 0.9276908801072447
379.02902902902906 0.9293248378954193
379.2792792792793 0.930942239920989
379.52952952952955 0.9325429897854208
379.7797797797798 0.9341269919671519
380.03003003003005 0.9356941518310795
380.2802802802803 0.9372443756379766
380.53053053053054 0.9387775705538277
380.7807807807808 0.9402936446590869
381.03103103103103 0.941792506957855
381.2812812812813 0.9432740673869755
381.5315315315315 0.9447382368250478
381.7817817817818 0.9461849271013555
382.032032032032 0.9476140510047105
382.28228228228227 0.9490255222922098
382.5325325325325 0.9504192556979045
382.78278278278276 0.9517951669413799
383.033033033033 0.9531531727362452
383.2832832832833 0.9544931907985328
383.53353353353356 0.9558151398550019
383.7837837837838 0.9571189396513533
384.03403403403405 0.9584045109603442
384.2842842842843 0.9596717755898101
384.53453453453454 0.9609206563905882
384.7847847847848 0.9621510772643422
385.03503503503504 0.963362963171289
385.2852852852853 0.9645562401378229
385.53553553553553 0.9657308352640399
385.7857857857858 0.9668866767311579
386.036036036036 0.968023693808834
386.28628628628627 0.9691418168623767
386.5365365365365 0.9702409773598516
386.7867867867868 0.9713211078790819
387.03703703703707 0.9723821421145386
387.2872872872873 0.9734240148841238
387.53753753753756 0.9744466621358442
387.7877877877878 0.9754500209543715
388.03803803803805 0.976434029567494
388.2882882882883 0.9773986273524539
388.53853853853855 0.9783437548421704
388.7887887887888 0.9792693537313509
389.03903903903904 0.9801753668824837
389.2892892892893 0.9810617383317173
389.53953953953953 0.9819284132946199
389.7897897897898 0.9827753381718235
390.04004004004 0.9836024605545485
390.2902902902903 0.9844097292300074
390.5405405405405 0.9851970941866904
390.79079079079077 0.9859645066195285
391.04104104104107 0.9867119189349357
391.2912912912913 0.9874392847557272
391.54154154154156 0.9881465589259166
391.7917917917918 0.9888336975153874
392.04204204204206 0.989500657824441
392.2922922922923 0.9901473983882179
392.54254254254255 0.9907738789809952
392.7927927927928 0.9913800606203558
393.04304304304304 0.9919659055712311
393.2932932932933 0.9925313773498162
393.54354354354354 0.9930764407273568
393.7937937937938 0.9936010617338061
394.044044044044 0.9941052076613547
394.2942942942943 0.9945888470678281
394.5445445445446 0.9950519497799556
394.7947947947948 0.9954944868965071
395.0450450450451 0.9959164307913001
395.2952952952953 0.9963177551160733
395.54554554554556 0.9966984348032291
395.7957957957958 0.9970584460684434
396.04604604604606 0.9973977664131422
396.2962962962963 0.9977163746268443
396.54654654654655 0.9980142507893729
396.7967967967968 0.9982913762729294
397.04704704704704 0.998547733744036
397.2972972972973 0.9987833071653429
397.54754754754754 0.9989980817972999
397.7977977977978 0.9991920441996935
398.04804804804803 0.9993651822330496
398.2982982982983 0.9995174850598987
398.5485485485485 0.9996489431459078
398.7987987987988 0.9997595482608744
399.0490490490491 0.9998492934795856
399.2992992992993 0.9999181731825412
399.54954954954957 0.99996618305654
399.7997997997998 0.9999933200951303
400.05005005005006 0.9999995825989236
400.3003003003003 0.9999849701757725
400.55055055055055 0.9999494837408115
400.8008008008008 0.9998931255163617
401.05105105105105 0.999815899031699
401.3013013013013 0.9997178091226866
401.55155155155154 0.9995988619312697
401.8018018018018 0.9994590649048354
402.05205205205203 0.9992984267954353
402.30230230230234 0.9991169576588734
402.5525525525526 0.9989146688536564
402.80280280280283 0.9986915730398098
403.0530530530531 0.9984476841775572
403.3033033033033 0.9981830175258654
403.55355355355357 0.9978975896408528
403.8038038038038 0.9975914183740651
404.05405405405406 0.9972645228706133
404.3043043043043 0.9969169235671804
404.55455455455456 0.9965486421898918
404.8048048048048 0.9961597017520527
405.05505505505505 0.995750126551752
405.3053053053053 0.9953199421693331
405.55555555555554 0.9948691754647319
405.8058058058058 0.9943978545746822
406.05605605605604 0.9939060089097899
406.3063063063063 0.9933936691514743
406.5565565565566 0.99286086724878
406.80680680680683 0.9923076364150567
407.0570570570571 0.9917340111245105
407.3073073073073 0.9911400271086233
407.5575575575576 0.9905257213524454
407.8078078078078 0.9898911320907584
408.05805805805807 0.9892362988041103
408.3083083083083 0.988561262214723
408.55855855855856 0.9878660642822734
408.8088088088088 0.9871507481995483
409.05905905905905 0.9864153583879729
409.3093093093093 0.9856599404930161
409.55955955955955 0.9848845413794692
409.8098098098098 0.984089209126604
410.0600600600601 0.9832739930232048
410.31031031031034 0.9824389435624813
410.5605605605606 0.9815841124368584
410.81081081081084 0.9807095525326449
411.0610610610611 0.979815317924585
411.31131131131133 0.9789014638702876
411.5615615615616 0.9779680468045396
411.8118118118118 0.977015124333501
412.06206206206207 0.976042755228783
412.3123123123123 0.9750509994214119
412.56256256256256 0.9740399179956762
412.8128128128128 0.973009573182862
413.06306306306305 0.9719600283548734
413.3133133133133 0.9708913480177421
413.56356356356355 0.9698035978050258
413.8138138138138 0.9686968444710956
414.06406406406404 0.9675711558843155
414.3143143143143 0.9664266010201126
414.5645645645646 0.9652632499539403
414.81481481481484 0.9640811738541375
415.0650650650651 0.9628804449746783
415.31531531531533 0.9616611366478216
415.5655655655656 0.9604233232766567
415.8158158158158 0.9591670803275458
416.06606606606607 0.9578924843224672
416.3163163163163 0.9565996128312577
416.56656656656656 0.9552885444637579
416.8168168168168 0.9539593588618579
417.06706706706706 0.9526121366914492
417.3173173173173 0.9512469596342794
417.5675675675676 0.9498639103797148
417.81781781781785 0.9484630726164097
418.0680680680681 0.9470445310238825
418.31831831831835 0.9456083712640051
418.5685685685686 0.9441546799723995
418.81881881881884 0.9426835447497499
419.0690690690691 0.941195054153026
419.31931931931933 0.9396892976866221
419.5695695695696 0.9381663657934127
419.8198198198198 0.9366263498457245
420.0700700700701 0.9350693421362272
420.3203203203203 0.9334954358687457
420.57057057057057 0.9319047251489919
420.8208208208208 0.9302973049752205
421.07107107107106 0.9286732712288085
421.3213213213213 0.9270327206647598
421.57157157157155 0.9253757509021375
421.8218218218218 0.9237024604144243
422.07207207207205 0.9220129485198109
422.32232232232235 0.920307315371419
422.5725725725726 0.9185856619474545
422.82282282282284 0.9168480900412938
423.0730730730731 0.9150947022515078
423.32332332332334 0.9133256019718226
423.5735735735736 0.911540893381017
423.82382382382383 0.9097406814327615
424.0740740740741 0.9079250718453988
424.3243243243243 0.9060941710916659
424.57457457457457 0.9042480863883614
424.8248248248248 0.9023869256859606
425.07507507507506 0.9005107976581748
425.32532532532537 0.8986198116914621
425.5755755755756 0.8967140778744905
425.82582582582586 0.8947937069875485
426.0760760760761 0.8928588104919135
426.32632632632635 0.8909095005191755
426.5765765765766 0.8889458898605164
426.82682682682685 0.8869680919559491
427.0770770770771 0.8849762208835176
427.32732732732734 0.8829703913484572
427.5775775775776 0.8809507186723213
427.82782782782783 0.878917318782071
428.0780780780781 0.8768703081991337
428.3283283283283 0.8748098040284298
428.5785785785786 0.87273592394737
428.8288288288288 0.8706487861948249
429.07907907907907 0.8685485095600695
429.3293293293293 0.8664352133717016
429.57957957957956 0.86430901748654
429.8298298298298 0.8621700422785007
430.08008008008005 0.8600184086274544
430.33033033033036 0.8578542379080666
430.5805805805806 0.8556776519786254
430.83083083083085 0.8534887731698502
431.0810810810811 0.8512877242736944
431.33133133133134 0.8490746285321352
431.5815815815816 0.8468496096259576
431.83183183183183 0.8446127916635305
432.0820820820821 0.8423642991695802
432.3323323323323 0.8401042570739614
432.5825825825826 0.8378327907004284
432.8328328328328 0.835550025755407
433.0830830830831 0.8332560883167714
433.33333333333337 0.8309511048226281
433.5835835835836 0.8286352020601028
433.83383383383386 0.8263085071541421
434.0840840840841 0.8239711475563256
434.33433433433436 0.8216232510336906
434.5845845845846 0.8192649456575745
434.83483483483485 0.8168963597924738
435.0850850850851 0.8145176220849247
435.33533533533534 0.8121288614524054
435.5855855855856 0.8097302070722624
435.83583583583584 0.807321788370665
436.0860860860861 0.804903735011587
436.33633633633633 0.8024761768858208
436.5865865865866 0.800039244100025
436.8368368368368 0.7975930669658063
437.08708708708707 0.795137775988841
437.3373373373373 0.792673501858036
437.58758758758756 0.7902003754347326
437.8378378378378 0.7877185277419563
438.0880880880881 0.7852280899537114
438.33833833833836 0.7827291933843308
438.5885885885886 0.7802219694778715
438.83883883883885 0.7777065497975701
439.0890890890891 0.7751830660153545
439.33933933933935 0.772651649901414
439.5895895895896 0.7701124333138347
439.83983983983984 0.7675655481882984
440.0900900900901 0.7650111265278491
440.34034034034033 0.7624493003927323
440.5905905905906 0.7598802018903055
440.8408408408409 0.757303963165025
441.09109109109113 0.7547207163885159
441.3413413413414 0.7521305937497156
441.5915915915916 0.7495337274451103
441.84184184184187 0.7469302496690551
442.0920920920921 0.744320292604185
442.34234234234236 0.7417039884119213
442.5925925925926 0.7390814692230724
442.84284284284286 0.7364528671285363
443.0930930930931 0.7338183141701057
443.34334334334335 0.7311779423313789
443.5935935935936 0.7285318835287805
443.84384384384384 0.7258802696026948
444.0940940940941 0.7232232323087157
444.34434434434434 0.7205609033090153
444.5945945945946 0.7178934141638367
444.84484484484483 0.7152208963231118
445.0950950950951 0.7125434811182109
445.3453453453453 0.7098612997538241
445.59559559559557 0.7071744832999814
445.8458458458459 0.7044831626842125
446.0960960960961 0.701787468683855
446.34634634634637 0.6990875319185043
446.5965965965966 0.696383482842623
446.84684684684686 0.6936754517383034
447.0970970970971 0.6909635687081905
447.34734734734735 0.6882479636685711
447.5975975975976 0.6855287663426293
447.84784784784785 0.6828061062538767
448.0980980980981 0.680080112719759
448.34834834834834 0.6773509148454444
448.59859859859864 0.6746186415177959
448.8488488488489 0.671883421399539
449.09909909909913 0.6691453829236155
449.3493493493494 0.666404654287745
449.5995995995996 0.6636613634491854
449.8498498498499 0.6609156381197037
450.1001001001001 0.6581676057607595
450.35035035035037 0.6554173935789069
450.6006006006006 0.6526651285214193
450.85085085085086 0.649910937272142
451.1011011011011 0.647154946247578
451.35135135135135 0.6443972815932109
451.6016016016016 0.6416380691800725
451.85185185185185 0.6388774346015568
452.1021021021021 0.6361155031704889
452.35235235235234 0.6333523999164519
452.6026026026026 0.6305882495833774
452.85285285285283 0.6278231766274079
453.1031031031031 0.6250573052150307
453.3533533533533 0.6222907592214956
453.60360360360363 0.6195236622295154
453.8538538538539 0.6167561375282627
454.1041041041041 0.6139883081126583
454.35435435435437 0.611220296682966
454.6046046046046 0.608452225644697
454.85485485485486 0.6056842171088267
455.1051051051051 0.6029163928923323
455.35535535535536 0.6001488745190577
455.6056056056056 0.5973817832209095
455.85585585585585 0.5946152399393918
456.1061061061061 0.5918493653274842
456.3563563563564 0.5890842797518698
456.60660660660665 0.5863201032955225
456.8568568568569 0.5835569557606487
457.10710710710714 0.5807949566720049
457.3573573573574 0.5780342252805847
457.60760760760763 0.5752748805676879
457.8578578578579 0.5725170412493739
458.1081081081081 0.5697608257813086
458.3583583583584 0.5670063523640079
458.6086086086086 0.5642537389484867
458.85885885885887 0.5615031032423163
459.1091091091091 0.5587545627160986
459.35935935935936 0.5560082346103608
459.6096096096096 0.553264235942879
459.85985985985985 0.5505226835164339
460.1101101101101 0.5477836939270057
460.36036036036035 0.5450473835724126
460.6106106106106 0.5423138686614019
460.86086086086084 0.539583265223193
461.1111111111111 0.5368556891174846
461.3613613613614 0.5341312560449247
461.61161161161164 0.5314100815580569
461.8618618618619 0.5286922810727355
462.11211211211213 0.5259779698800287
462.3623623623624 0.523267263158604
462.6126126126126 0.5205602759876057
462.86286286286287 0.5178571233600258
463.1131131131131 0.5151579201965752
463.36336336336336 0.5124627813600583
463.6136136136136 0.5097718216702535
463.86386386386386 0.507085155919305
464.11411411411416 0.5044028988876296
464.3643643643644 0.5017251653603407
464.61461461461465 0.49905207014419023
464.8648648648649 0.49638372808503645
465.11511511511515 0.49372025408583625
465.3653653653654 0.4910617631251648
465.61561561561564 0.48840837027626394
465.8658658658659 0.48576019072662263
466.11611611611613 0.4831173397980886
466.3663663663664 0.48047993296751235
466.6166166166166 0.4778480858879259
466.86686686686687 0.4752219144102525
467.1171171171171 0.47260153460555226
467.36736736736736 0.4699870627877969
467.6176176176176 0.46737861553717847
467.86786786786786 0.4647763097239448
468.1181181181181 0.46218026253276456
468.36836836836835 0.45959059148761566
468.6186186186186 0.4570074144771964
468.86886886886884 0.4544308497808541
469.11911911911915 0.4518610160950276
469.3693693693694 0.4492980325602022
469.61961961961964 0.44674201878836284
469.8698698698699 0.44419309489095177
470.12012012012013 0.4416513815073155
470.3703703703704 0.4391169998336369
470.6206206206206 0.43659007165234565
470.8708708708709 0.4340707193619968
471.1211211211211 0.4315590660076103
471.37137137137137 0.42905523531146067
471.6216216216216 0.42655935170430714
471.8718718718719 0.4240715403570513
472.12212212212216 0.42159192721281646
472.3723723723724 0.41912063901942426
472.62262262262266 0.4166578033622689
472.8728728728729 0.4142035486975657
473.12312312312315 0.411758004385962
473.3733733733734 0.4093213007264938
473.62362362362364 0.406893568990873
473.8738738738739 0.40447494145808505
474.12412412412414 0.4020655514492817
474.3743743743744 0.3996655333629469
474.62462462462463 0.39727502271031706
474.8748748748749 0.3948941561510335
475.1251251251251 0.39252307152900706
475.37537537537537 0.3901619079084686
475.6256256256256 0.387810805610184
475.87587587587586 0.3854699062478081
476.1261261261261 0.38313935276435035
476.37637637637636 0.38081928946872684
476.6266266266266 0.3785098620723695
476.8768768768769 0.37621121772586347
477.12712712712715 0.37392350505558586
477.3773773773774 0.37164687420030573
477.62762762762765 0.3693814768477257
477.8778778778779 0.36712746627092196
478.12812812812814 0.3648849973646535
478.3783783783784 0.36265422668150216
478.62862862862863 0.36043531246781035
478.8788788788789 0.3582284146993759
479.1291291291292 0.35603369511686705
479.37937937937943 0.35385131726091984
479.6296296296297 0.35168144650687005
479.8798798798799 0.34952425009908783
480.13013013013017 0.34737989718486517
480.3803803803804 0.3452485588478143
480.63063063063066 0.34313040814073203
480.8808808808809 0.34102562011788523
481.13113113113116 0.3389343718666673
481.3813813813814 0.3368568425385819
481.63163163163165 0.3347932133795003
481.8818818818819 0.3327436677591457
482.13213213213214 0.33070839119975187
482.3823823823824 0.328687571403844
482.63263263263264 0.3266813982810899
482.8828828828829 0.3246900639741656
483.13313313313313 0.32271376288358294
483.3833833833834 0.3207526916914216
483.6336336336336 0.3188070493839095
483.88388388388387 0.31687703727279476
484.1341341341341 0.31496285901545007
484.38438438438436 0.313064720633651
484.6346346346346 0.3111828305309691
484.88488488488485 0.30931739950871756
485.13513513513516 0.3074686407803904
485.3853853853854 0.3056367699845336
485.63563563563565 0.3038220051959823
485.8858858858859 0.30202456693540586
486.13613613613614 0.30024467817709594
486.3863863863864 0.2984825643549318
486.63663663663664 0.2967384533664618
486.88688688688694 0.29501257557503346
487.1371371371372 0.29330516380991256
487.38738738738743 0.29161645336431696
487.6376376376377 0.28994668199131113
487.8878878878879 0.2882960898974882
488.1381381381382 0.286664919734377
488.3883883883884 0.2850534165875084
488.63863863863867 0.28346182796307634
488.8888888888889 0.2818904037721274
489.13913913913916 0.28033939631221433
489.3893893893894 0.2788090602464501
489.63963963963965 0.27729965257989575
489.8898898898899 0.27581143263322183
490.14014014014015 0.27434466201357594
490.3903903903904 0.2728996045825978
490.64064064064064 0.27147652642151665
490.8908908908909 0.27007569579327184
491.14114114114113 0.26869738310159486
491.3913913913914 0.2673418608469949
491.6416416416416 0.26600940357958724
491.8918918918919 0.2647002878487097
492.1421421421421 0.2634147921492694
492.39239239239237 0.2621531968647651
492.6426426426426 0.2609157842069326
492.8928928928929 0.25970283815196044
493.14314314314316 0.25851464437322647
493.3933933933934 0.25735149017050385
493.64364364364366 0.25621366439559423
493.8938938938939 0.2551014573743392
494.14414414414415 0.2540151608249679
494.3943943943944 0.2529550677727406
494.6446446446447 0.25192147246084895
494.89489489489495 0.250914670257536
495.1451451451452 0.2499349575594019
495.39539539539544 0.24898263169086401
495.6456456456457 0.24805799079974197
495.89589589589593 0.247161333748941
496.1461461461462 0.24629296000421028
496.3963963963964 0.24545316951795498
496.6466466466467 0.24464226260908478
496.8968968968969 0.24386053983888306
497.14714714714717 0.24310830188288662
497.3973973973974 0.24238584939876628
497.64764764764766 0.24169348289020395
497.8978978978979 0.24103150256676473
498.14814814814815 0.24040020819976615
498.3983983983984 0.23979989897414988
498.64864864864865 0.2392308733363655
498.8988988988989 0.23869342883828015
499.14914914914914 0.23818786197712996
499.3993993993994 0.2377144680315364
499.64964964964963 0.23727354089361055
499.8998998998999 0.2368653728971767
500.1501501501501 0.2364902546421474
500.4004004004004 0.2361484748150895
500.6506506506507 0.23584032000602168
500.9009009009009 0.23556607452149225
501.15115115115117 0.23532602019398677
501.4014014014014 0.2351204361877225
501.65165165165166 0.23494959880089042
501.9019019019019 0.23481378126440855
502.15215215215215 0.23471325353725858
502.40240240240246 0.23464828209847843
502.6526526526527 0.2346191297358925
502.90290290290295 0.23462605533166175
503.1531531531532 0.23466931364474494
503.40340340340344 0.23474915509036412
503.6536536536537 0.23486582551657365
503.90390390390394 0.23501956597803714
504.1541541541542 0.2352106125071215
504.40440440440443 0.2354391958824214
504.6546546546547 0.2357055413948348
504.9049049049049 0.236009868611311
505.15515515515517 0.23635239113640347
505.4054054054054 0.23673331637175787
505.65565565565566 0.23715284527367708
505.9059059059059 0.23761117210890503
506.15615615615616 0.23810848420877928
506.4064064064064 0.23864496172190386
506.65665665665665 0.239220777365503
506.9069069069069 0.23983609617561685
507.15715715715714 0.24049107525630672
507.4074074074074 0.2411858635280437
507.65765765765764 0.24192060147545447
507.9079079079079 0.24269542089460838
508.15815815815813 0.24351044464002886
508.40840840840843 0.2443657863716201
508.6586586586587 0.24526155030170183
508.9089089089089 0.24619783094235134
509.1591591591592 0.2471747128532537
509.4094094094094 0.24819227039026465
509.65965965965967 0.24925056745489782
509.9099099099099 0.2503496572449472
510.16016016016016 0.2514895820064609
510.41041041041046 0.2526703727872878
510.6606606606607 0.2538920491924156
510.91091091091096 0.2551546191413309
511.1611611611612 0.2564580786276242
511.41141141141145 0.25780241148107447
511.6616616616617 0.2591875891324439
511.91191191191194 0.26061357038122046
512.1621621621622 0.26208030116654274
512.4124124124124 0.2635877143415497
512.6626626626627 0.2651357294513925
512.9129129129129 0.2667242525151537
513.1631631631632 0.26835317581191487
513.4134134134134 0.2700223776712183
513.6636636636637 0.27173172226816694
513.9139139139139 0.27348105942340895
514.1641641641642 0.275270224408251
514.4144144144144 0.277099037755148
514.6646646646647 0.2789673050738136
514.9149149149149 0.2808748168731958
515.1651651651651 0.282821348389564
515.4154154154154 0.2848066594209476
515.6656656656656 0.2868304941681717
515.9159159159159 0.28889258108272625
516.1661661661662 0.29099263272171194
516.4164164164165 0.2931303456100906
516.6666666666667 0.29530540011048945
516.916916916917 0.29751746030077264
517.1671671671672 0.2997661738596207
517.4174174174175 0.30205117196033926
517.6676676676677 0.3043720691731185
517.917917917918 0.3067284633759618
518.1681681681682 0.3091199356744981
518.4184184184185 0.31154605033088567
518.6686686686687 0.3140063547020148
518.918918918919 0.31650037918720686
519.1691691691692 0.3190276371856061
519.4194194194195 0.3215876250634536
519.6696696696697 0.32417982213142593
519.91991991992 0.3268036906322165
520.1701701701702 0.329458675738532
520.4204204204204 0.33214420556166646
520.6706706706707 0.3348596911708125
520.9209209209209 0.3376045266232603
521.1711711711712 0.3403780890056264
521.4214214214214 0.3431797384862499
521.6716716716717 0.34600881837888264
521.9219219219219 0.34886465521779353
522.1721721721722 0.3517465588443988
522.4224224224224 0.35465382250552047
522.6726726726727 0.35758572296336677
522.9229229229229 0.3605415206173213
523.1731731731732 0.363520459637614
523.4234234234234 0.36652176811094195
523.6736736736736 0.3695446581980971
523.9239239239239 0.37258832630364536
524.1741741741741 0.37565195325769657
524.4244244244244 0.3787347045097899
524.6746746746746 0.381835730334912
524.9249249249249 0.3849541660516529
525.1751751751751 0.38808913225249503
525.4254254254254 0.3912397350462203
525.6756756756756 0.3944050663124065
525.925925925926 0.39758420396797967
526.1761761761762 0.4007762122457618
526.4264264264265 0.4039801419849789
526.6766766766767 0.40719503093362597
526.926926926927 0.41041990406263024
527.1771771771772 0.4136537738917084
527.4274274274275 0.4168956408268155
527.6776776776777 0.4201444935090658
527.927927927928 0.42339930917500007
528.1781781781782 0.4266590540280571
528.4284284284284 0.42992268362109914
528.6786786786787 0.4331891432498276
528.9289289289289 0.43645736835691484
529.1791791791792 0.439726284946667
529.4294294294294 0.44299481001001884
529.6796796796797 0.4462618519596545
529.9299299299299 0.4495263110750336
530.1801801801802 0.45278707995709117
530.4304304304304 0.4560430439923722
530.6806806806807 0.45929308182634637
530.9309309309309 0.46253606584564094
531.1811811811812 0.46577086266891876
531.4314314314314 0.4689963336461166
531.6816816816818 0.4722113353657517
531.931931931932 0.475414720169985
532.1821821821823 0.47860533667714694
532.4324324324325 0.4817820303113764
532.6826826826828 0.48494364383905936
532.932932932933 0.4880890179117199
533.1831831831832 0.4912169916150122
533.4334334334335 0.49432640302345715
533.6836836836837 0.49741608976055457
533.933933933934 0.5004848895638985
534.1841841841842 0.5035316408549108
534.4344344344345 0.5065551833128049
534.6846846846847 0.5095543584523837
534.934934934935 0.5125280102052654
535.1851851851852 0.5154749855041325
535.4354354354355 0.5183941348695834
535.6856856856857 0.5212843129991706
535.935935935936 0.5241443793581951
536.1861861861862 0.5269731987718309
536.4364364364365 0.5297696420181395
536.6866866866867 0.5325325864215401
536.936936936937 0.5352609164462897
537.1871871871872 0.5379535242895284
537.4374374374374 0.5406093104734432
537.6876876876877 0.5432271844360965
537.9379379379379 0.5458060651204705
538.1881881881882 0.5483448815612706
538.4384384384384 0.5508425734690355
538.6886886886887 0.5532980918110981
538.9389389389389 0.5557103993889412
539.1891891891892 0.5580784714114949
539.4394394394394 0.5604012960639205
539.6896896896897 0.5626778750714304
539.9399399399399 0.5649072242576901
540.1901901901902 0.5670883740973581
540.4404404404404 0.5692203702623156
540.6906906906906 0.5713022741611435
540.9409409409409 0.5733331634714102
541.1911911911911 0.5753121326643329
541.4414414414415 0.5772382935213863
541.6916916916917 0.5791107756424269
541.941941941942 0.5809287269449254
542.1921921921922 0.5826913141538799
542.4424424424425 0.5843977232820133
542.6926926926927 0.586047160099849
542.942942942943 0.5876388505952753
543.1931931931932 0.5891720414222114
543.4434434434435 0.5906460003379974
543.6936936936937 0.5920600166291422
543.943943943944 0.5934134015250658
544.1941941941942 0.5947054885994884
544.4444444444445 0.5959356341591248
544.6946946946947 0.5971032176193521
544.944944944945 0.5982076418665322
545.1951951951952 0.5992483336066773
545.4454454454454 0.6002247437001625
545.6956956956957 0.601136347482196
545.9459459459459 0.6019826450687732
546.1961961961962 0.60276316164785
546.4464464464464 0.6034774477554867
546.6966966966967 0.6041250795367209
546.9469469469469 0.6047056589909473
547.1971971971973 0.6052188142015904
547.4474474474475 0.6056641995498699
547.6976976976978 0.6060414959124785
547.947947947948 0.6063504108429937
548.1981981981983 0.6065906787368722
548.4484484484485 0.6067620609798802
548.6986986986988 0.6068643460798316
548.948948948949 0.6068973497815205
549.1991991991993 0.6068609151647469
549.4494494494495 0.6067549127253504
549.6996996996997 0.6065792404391841
549.94994994995 0.6063338238089699
550.2002002002002 0.6060186158939972
550.4504504504505 0.6056335973226388
550.7007007007007 0.6051787762876731
550.950950950951 0.6046541885244201
551.2012012012012 0.6040598972717055
551.4514514514515 0.6033959932156943
551.7017017017017 0.602662594416638
551.951951951952 0.601859846218605
552.2022022022022 0.6009879211422678
552.4524524524525 0.6000470187608491
552.7027027027027 0.5990373655593281
552.952952952953 0.5979592147770355
553.2032032032032 0.5968128462337746
553.4534534534534 0.595598566139617
553.7037037037037 0.594316706888545
553.9539539539539 0.5929676268361158
554.2042042042042 0.5915517100613444
554.4544544544544 0.5900693661130106
554.7047047047047 0.5885210297406125
554.9549549549549 0.5869071606101982
555.2052052052052 0.5852282430053241
555.4554554554554 0.5834847855133959
555.7057057057057 0.5816773206976661
555.9559559559559 0.5798064047551682
556.2062062062062 0.5778726171608843
556.4564564564564 0.5758765602984498
556.7067067067067 0.5738188590777131
556.956956956957 0.5717001605394747
557.2072072072073 0.5695211334477515
557.4574574574575 0.5672824678698956
557.7077077077078 0.5649848747449461
557.957957957958 0.5626290854405632
558.2082082082082 0.5602158512989258
558.4584584584585 0.5577459431719733
558.7087087087087 0.5552201509463827
558.958958958959 0.5526392830586772
559.2092092092092 0.5500041660008737
559.4594594594595 0.5473156438170774
559.7097097097097 0.5445745775914428
559.95995995996 0.5417818449279244
560.2102102102102 0.538938339422243
560.4604604604605 0.5360449701265043
560.7107107107107 0.5331026610069042
560.960960960961 0.5301123503949622
561.2112112112112 0.5270749904327304
561.4614614614615 0.5239915465124222
561.7117117117117 0.5208629967109121
561.961961961962 0.5176903312195593
562.2122122122122 0.5144745517698085
562.4624624624624 0.5112166710550208
562.7127127127128 0.5079177121489915
562.962962962963 0.5045787079216166
563.2132132132133 0.5012007004521427
563.4634634634635 0.49778474044048276
563.7137137137138 0.49433188661703076
563.963963963964 0.4908432051514339
564.2142142142143 0.4873197690607718
564.4644644644645 0.4837626576175884
564.7147147147148 0.48017295575822244
564.964964964965 0.47655175349187545
565.2152152152153 0.47290014531085545
565.4654654654655 0.46921922960242846
565.7157157157158 0.4655101080627066
565.965965965966 0.46177388511299566
566.2162162162163 0.45801166731901954
566.4664664664665 0.45422456281343476
566.7167167167167 0.45041368072204013
566.966966966967 0.4465801305940814
567.2172172172172 0.44272502183704376
567.4674674674675 0.43884946315631707
567.7177177177177 0.4349545620001139
567.967967967968 0.4310414240100073
568.2182182182182 0.42711115247745407
568.4684684684685 0.42316484780665525
568.7187187187187 0.41920360698409925
568.968968968969 0.4152285230551249
569.2192192192192 0.41124068460783
569.4694694694695 0.40724117526464426
569.7197197197197 0.4032310731818743
569.96996996997 0.3992114505575181
570.2202202202202 0.3951833731476381
570.4704704704704 0.3911478997915696
570.7207207207207 0.3871060819462333
570.9709709709709 0.3830589632298063
571.2212212212212 0.3790075789750007
571.4714714714714 0.3749529557921817
571.7217217217217 0.37089611114255217
571.9719719719719 0.3668380529216139
572.2222222222222 0.36277977905311
572.4724724724725 0.3587222770936347
572.7227227227228 0.3546665238481022
572.972972972973 0.350613484996214
573.2232232232233 0.3465641147301177
573.4734734734735 0.3425193554033747
573.7237237237238 0.33848013719138087
573.973973973974 0.3344473777633594
574.2242242242243 0.33042198196603817
574.4744744744745 0.32640484151910665
574.7247247247248 0.3223968347225438
574.974974974975 0.31839882617588994
575.2252252252252 0.3144116665095284
575.4754754754755 0.3104361921280294
575.7257257257257 0.30647322496560037
575.975975975976 0.30252357225367044
576.2262262262262 0.29858802630063325
576.4764764764765 0.2946673642837531
576.7267267267267 0.2907623480532371
576.976976976977 0.28687372394845784
577.2272272272272 0.2830022226263069
577.4774774774775 0.27914855890164436
577.7277277277277 0.2753134315998026
577.977977977978 0.27149752342109196
578.2282282282283 0.2677015008172426
578.4784784784786 0.263926013879723
578.7287287287288 0.2601716962398255
578.9789789789791 0.25643916498046504
579.2292292292293 0.2527290205595644
579.4794794794796 0.2490418467449288
579.7297297297298 0.24537821056049156
579.97997997998 0.241738662243806
580.2302302302303 0.23812373521465074
580.4804804804805 0.2345339460546079
580.7307307307308 0.23096979449746688
580.980980980981 0.2274317634302975
581.2312312312313 0.2239203189050314
581.4814814814815 0.22043591016038225
581.7317317317318 0.21697896965392988
581.981981981982 0.21354991310418675
582.2322322322323 0.21014913954246006
582.4824824824825 0.20677703137431555
582.7327327327328 0.20343395445044643
582.982982982983 0.20012025814674267
583.2332332332332 0.19683627545335414
583.4834834834835 0.1935823230725337
583.7337337337337 0.19035870152504597
583.983983983984 0.1871656952649181
584.2342342342342 0.18400357280231153
584.4844844844845 0.1808725868342858
584.7347347347347 0.17777297438322368
584.984984984985 0.17470495694268504
585.2352352352352 0.17166874063045412
585.4854854854855 0.1686645163485408
585.7357357357357 0.1656924599498974
585.985985985986 0.16275273241160879
586.2362362362362 0.1598454800143127
586.4864864864865 0.15697083452760663
586.7367367367367 0.15412891340119583
586.986986986987 0.1513198199615375
587.2372372372372 0.14854364361373415
587.4874874874874 0.14580046004843122
587.7377377377377 0.14309033145347233
587.987987987988 0.14041330673006544
588.2382382382383 0.13776942171322276
588.4884884884885 0.1351586993962115
588.7387387387388 0.13258115015879704
588.988988988989 0.13003677199901872
589.2392392392393 0.1275255507682651
589.4894894894895 0.12504746040940912
589.7397397397398 0.12260246319776635
589.98998998999 0.12019050998464259
590.2402402402403 0.1178115404432377
590.4904904904905 0.11546548331667679
590.7407407407408 0.11315225666794175
590.990990990991 0.11087176813147845
591.2412412412413 0.1086239151662595
591.4914914914915 0.10640858531008343
591.7417417417417 0.10422565643489708
591.991991991992 0.10207499700292882
592.2422422422422 0.09995646632342617
592.4924924924925 0.09786991480979297
592.7427427427427 0.09581518423692756
592.992992992993 0.09379210799856462
593.2432432432432 0.09180051136443002
593.4934934934935 0.08984021173702038
593.7437437437438 0.08791101890782357
593.9939939939941 0.08601273531280604
594.2442442442443 0.08414515628697991
594.4944944944946 0.08230807031789708
594.7447447447448 0.08050125929789209
594.9949949949951 0.07872449877491823
595.2452452452453 0.0769775582018203
595.4954954954956 0.07526020118389325
595.7457457457458 0.07357218572457952
595.995995995996 0.07191326446916507
596.2462462462463 0.07028318494633623
596.4964964964965 0.06868168980746696
596.7467467467468 0.06710851706350944
596.996996996997 0.06556340031936615
597.2472472472473 0.06404606900562745
597.4974974974975 0.06255624860756227
597.7477477477478 0.06109366089125537
597.997997997998 0.05965802412679007
598.2482482482483 0.05824905330837842
598.4984984984985 0.05686646037134783
598.7487487487488 0.05550995440589704
598.998998998999 0.054179241867538655
599.2492492492493 0.05287402678415186
599.4994994994995 0.051594010959571925
599.7497497497498 0.05033889417364936
600.0 0.04910837437871531
