350.0 0.6592406302004438
350.25025025025025 0.6619890481951796
350.5005005005005 0.664735047996607
350.75075075075074 0.6674785046913895
351.001001001001 0.6702192930089386
351.25125125125123 0.6729572873304214
351.5015015015015 0.6756923616978405
351.7517517517517 0.6784243898231881
352.00200200200203 0.6811532450976707
352.2522522522523 0.6838788006010036
352.5025025025025 0.6866009291107803
352.75275275275277 0.6893195031119053
353.003003003003 0.6920343948060982
353.25325325325326 0.6947454761214646
353.5035035035035 0.6974526187221338
353.75375375375376 0.7001556940179609
354.004004004004 0.7028545731742942
354.25425425425425 0.7055491271218067
354.5045045045045 0.7082392265663884
354.75475475475474 0.7109247419991015
355.005005005005 0.7136055437061962
355.25525525525524 0.7162815017791854
355.5055055055055 0.7189524861249771
355.75575575575573 0.7216183664760669
356.00600600600603 0.724279012400784
356.2562562562563 0.7269342933135922
356.5065065065065 0.7295840784854498
356.7567567567568 0.7322282370542166
357.007007007007 0.7348666380351163
357.25725725725727 0.7374991503312488
357.5075075075075 0.7401256427441526
357.75775775775776 0.7427459839844153
358.008008008008 0.7453600426823317
358.25825825825825 0.7479676873986085
358.5085085085085 0.7505687866351133
358.75875875875874 0.7531632088456681
359.009009009009 0.7557508224468854
359.25925925925924 0.7583314958290455
359.5095095095095 0.7609050973670141
359.75975975975973 0.7634714954311991
360.01001001001003 0.7660305583985456
360.2602602602603 0.7685821546635645
360.5105105105105 0.7711261526494023
360.7607607607608 0.773662420818939
361.011011011011 0.7761908276859207
361.26126126126127 0.7787112418261257
361.5115115115115 0.7812235318885573
361.76176176176176 0.7837275666066678
362.012012012012 0.7862232148096089
362.26226226226225 0.7887103454335092
362.5125125125125 0.7911888275327751
362.76276276276275 0.7936585302914168
363.013013013013 0.7961193230343951
363.26326326326324 0.7985710752389903
363.5135135135135 0.8010136565461894
363.7637637637638 0.8034469367720927
364.01401401401404 0.805870785919333
364.2642642642643 0.8082850741885187
364.51451451451453 0.8106896719896813
364.7647647647648 0.8130844499537415
365.015015015015 0.8154692789439838
365.26526526526527 0.8178440300675417
365.5155155155155 0.8202085746868915
365.76576576576576 0.8225627844313524
366.016016016016 0.8249065312085926
366.26626626626626 0.8272396872161378
366.5165165165165 0.8295621249528858
366.76676676676675 0.8318737172306185
367.017017017017 0.8341743371855157
367.26726726726724 0.8364638582896674
367.5175175175175 0.8387421543625813
367.7677677677678 0.841009099582688
368.01801801801804 0.8432645684988366
368.2682682682683 0.845508436041788
368.51851851851853 0.8477405775356947
368.7687687687688 0.8499608687095711
369.019019019019 0.8521691857087541
369.2692692692693 0.8543654051063475
369.5195195195195 0.8565494039146533
369.76976976976977 0.8587210595965858
370.02002002002 0.8608802500770694
370.27027027027026 0.8630268537544139
370.5205205205205 0.8651607495116735
370.77077077077075 0.8672818167279798
371.021021021021 0.8693899352898524
371.2712712712713 0.8714849856024864
371.52152152152155 0.8735668486010076
371.7717717717718 0.8756354057617074
372.02202202202204 0.8776905391132416
372.2722722722723 0.8797321312478009
372.52252252252254 0.8817600653322488
372.7727727727728 0.8837742251192249
373.02302302302303 0.8857744949582127
373.2732732732733 0.8877607598065711
373.5235235235235 0.8897329052405267
373.77377377377377 0.8916908174661266
374.024024024024 0.8936343833301497
374.27427427427426 0.8955634903309756
374.5245245245245 0.8974780266294081
374.77477477477476 0.8993778810594545
375.025025025025 0.9012629431390563
375.27527527527525 0.9031331030807722
375.52552552552555 0.9049882518024114
375.7757757757758 0.9068282809376124
376.02602602602605 0.9086530828463741
376.2762762762763 0.9104625506255279
376.52652652652654 0.912256578119156
376.7767767767768 0.914035059928952
377.02702702702703 0.9157978914245237
377.2772772772773 0.9175449687536343
377.5275275275275 0.9192761888523838
377.77777777777777 0.9209914494553266
378.028028028028 0.9226906491055249
378.27827827827826 0.924373687164537
378.5285285285285 0.9260404638223385
378.77877877877876 0.9276908801071744
379.02902902902906 0.9293248378953427
379.2792792792793 0.9309422399209056
379.52952952952955 0.93254298978533
379.7797797797798 0.934126991967053
380.03003003003005 0.9356941518309717
380.2802802802803 0.9372443756378593
380.53053053053054 0.9387775705537
380.7807807807808 0.9402936446589479
381.03103103103103 0.9417925069577038
381.2812812812813 0.943274067386811
381.5315315315315 0.9447382368248687
381.7817817817818 0.9461849271011606
382.032032032032 0.9476140510044987
382.28228228228227 0.9490255222919793
382.5325325325325 0.950419255697654
382.78278278278276 0.9517951669411074
383.033033033033 0.953153172735949
383.2832832832833 0.9544931907982106
383.53353353353356 0.9558151398546518
383.7837837837838 0.9571189396509727
384.03403403403405 0.9584045109599307
384.2842842842843 0.9596717755893609
384.53453453453454 0.9609206563901
384.7847847847848 0.9621510772638121
385.03503503503504 0.963362963170713
385.2852852852853 0.9645562401371975
385.53553553553553 0.9657308352633608
385.7857857857858 0.9668866767304205
386.036036036036 0.9680236938080335
386.28628628628627 0.9691418168615078
386.5365365365365 0.9702409773589086
386.7867867867868 0.9713211078780586
387.03703703703707 0.9723821421134281
387.2872872872873 0.9734240148829192
387.53753753753756 0.9744466621345373
387.7877877877878 0.9754500209529542
388.03803803803805 0.9764340295659568
388.2882882882883 0.977398627350787
388.53853853853855 0.9783437548403631
388.7887887887888 0.9792693537293916
389.03903903903904 0.98017536688036
389.2892892892893 0.9810617383294155
389.53953953953953 0.9819284132921254
389.7897897897898 0.9827753381691207
390.04004004004 0.9836024605516202
390.2902902902903 0.9844097292268351
390.5405405405405 0.9851970941832545
390.79079079079077 0.9859645066158074
391.04104104104107 0.9867119189309062
391.2912912912913 0.9874392847513641
391.54154154154156 0.9881465589211932
391.7917917917918 0.9888336975102745
392.04204204204206 0.989500657818907
392.2922922922923 0.990147398382229
392.54254254254255 0.9907738789745149
392.7927927927928 0.9913800606133445
393.04304304304304 0.9919659055636464
393.2932932932933 0.9925313773416122
393.54354354354354 0.9930764407184839
393.7937937937938 0.9936010617242111
394.044044044044 0.9941052076509801
394.2942942942943 0.994588847056612
394.5445445445446 0.9950519497678312
394.7947947947948 0.9954944868834025
395.0450450450451 0.9959164307771379
395.2952952952953 0.9963177551007699
395.54554554554556 0.9966984347866947
395.7957957957958 0.9970584460505812
396.04604604604606 0.997397766393848
396.2962962962963 0.997716374606006
396.54654654654655 0.9980142507668697
396.7967967967968 0.9982913762486312
397.04704704704704 0.9985477337178031
397.2972972972973 0.9987833071370247
397.54754754754754 0.9989980817667344
397.7977977977978 0.9991920441667066
398.04804804804803 0.999365182197454
398.2982982982983 0.9995174850214927
398.5485485485485 0.9996489431044748
398.7987987987988 0.9997595482161814
399.0490490490491 0.9998492934313821
399.2992992992993 0.9999181731305581
399.54954954954957 0.9999661830004878
399.7997997997998 0.9999933200346982
400.05005005005006 0.9999995825337775
400.3003003003003 0.9999849701055534
400.55055055055055 0.9999494836651339
400.8008008008008 0.9998931254348113
401.05105105105105 0.9998158989438314
401.3013013013013 0.9997178090280241
401.55155155155154 0.9995988618292997
401.8018018018018 0.9994590647950075
402.05205205205203 0.9992984266771588
402.30230230230234 0.9991169575315143
402.5525525525526 0.9989146687165346
402.80280280280283 0.9986915728921951
403.0530530530531 0.9984476840186667
403.3033033033033 0.9981830173548591
403.55355355355357 0.9978975894568302
403.8038038038038 0.9975914181760599
404.05405405405406 0.99726452265759
404.3043043043043 0.9969169233380286
404.55455455455456 0.9965486419434212
404.8048048048048 0.9961597014869875
405.05505505505505 0.9957501262667251
405.3053053053053 0.9953199418628796
405.55555555555554 0.9948691751352824
405.8058058058058 0.9943978542205555
406.05605605605604 0.9939060085291851
406.3063063063063 0.9933936687424629
406.5565565565566 0.9928608668092969
406.80680680680683 0.9923076359428911
407.0570570570571 0.9917340106172952
407.3073073073073 0.9911400265638248
407.5575575575576 0.9905257207673522
407.8078078078078 0.989891131462469
408.05805805805807 0.98923629812952
408.3083083083083 0.9885612614905103
408.55855855855856 0.9878660635048857
408.8088088088088 0.9871507473651857
409.05905905905905 0.9864153574925719
409.3093093093093 0.9856599395322316
409.55955955955955 0.9848845403486561
409.8098098098098 0.9840892080207965
410.0600600600601 0.9832739918370954
410.31031031031034 0.9824389422903982
410.5605605605606 0.9815841110727405
410.81081081081084 0.9807095510700169
411.0610610610611 0.9798153163565292
411.31131131131133 0.9789014621894153
411.5615615615616 0.9779680450029598
411.8118118118118 0.977015122402787
412.06206206206207 0.9760427531599378
412.3123123123123 0.9750509972048308
412.56256256256256 0.9740399156211069
412.8128128128128 0.9730095706393623
413.06306306306305 0.9719600256307666
413.3133133133133 0.9708913451005693
413.56356356356355 0.9698035946814948
413.8138138138138 0.9686968411270278
414.06406406406404 0.9675711523045882
414.3143143143143 0.9664265971885987
414.5645645645646 0.9652632458534437
414.81481481481484 0.9640811694663243
415.0650650650651 0.9628804402800045
415.31531531531533 0.9616611316254563
415.5655655655656 0.9604233179043997
415.8158158158158 0.959167074581741
416.06606606606607 0.9578924781779103
416.3163163163163 0.956599606261099
416.56656656656656 0.9552885374393978
416.8168168168168 0.9539593513528376
417.06706706706706 0.952612128665334
417.3173173173173 0.9512469510565349
417.5675675675676 0.9498639012135761
417.81781781781785 0.9484630628227423
418.0680680680681 0.9470445205610354
418.31831831831835 0.9456083600876546
418.5685685685686 0.9441546680353842
418.81881881881884 0.9426835320018954
419.0690690690691 0.9411950405409599
419.31931931931933 0.9396892831535778
419.5695695695696 0.938166350279021
419.8198198198198 0.9366263332857937
420.0700700700701 0.9350693244625108
420.3203203203203 0.9334954170086951
420.57057057057057 0.9319047050254962
420.8208208208208 0.9302972835063297
421.07107107107106 0.9286732483274424
421.3213213213213 0.9270326962383985
421.57157157157155 0.9253757248524949
421.8218218218218 0.9237024326371026
422.07207207207205 0.9220129189039359
422.32232232232235 0.9203072837992532
422.5725725725726 0.9185856282939896
422.82282282282284 0.9168480541738191
423.0730730730731 0.9150946640291548
423.32332332332334 0.9133255612450831
423.5735735735736 0.9115408499912346
423.82382382382383 0.9097406352115949
424.0740740740741 0.9079250226142535
424.3243243243243 0.9060941186610956
424.57457457457457 0.904248030557436
424.8248248248248 0.9023868662415976
425.07507507507506 0.9005107343744355
425.32532532532537 0.8986197443288078
425.5755755755756 0.8967140061789975
425.82582582582586 0.8947936306900809
426.0760760760761 0.8928587293072497
426.32632632632635 0.8909094141450877
426.5765765765766 0.8889457979767995
426.82682682682685 0.8869679942233968
427.0770770770771 0.884976116942843
427.32732732732734 0.8829702808191555
427.5775775775776 0.880950601151471
427.82782782782783 0.87891719384307
428.0780780780781 0.8768701753903689
428.3283283283283 0.874809662871875
428.5785785785786 0.8727357739371088
428.8288288288288 0.8706486267954959
429.07907907907907 0.8685483402052286
429.3293293293293 0.8664350334620986
429.57957957957956 0.8643088263883031
429.8298298298298 0.8621698393212274
430.08008008008005 0.8600181931022013
430.33033033033036 0.8578540090652355
430.5805805805806 0.8556774090257381
430.83083083083085 0.8534885152692089
431.0810810810811 0.8512874505399213
431.33133133133134 0.8490743380295847
431.5815815815816 0.8468493013659958
431.83183183183183 0.8446124646016757
432.0820820820821 0.8423639522024973
432.3323323323323 0.8401038890363031
432.5825825825826 0.8378324003615164
432.8328328328328 0.8355496118157456
433.0830830830831 0.8332556494043848
433.33333333333337 0.8309506394892139
433.5835835835836 0.8286347087769929
433.83383383383386 0.8263079843080623
434.0840840840841 0.8239705934449435
434.33433433433436 0.8216226638609428
434.5845845845846 0.8192643235287627
434.83483483483485 0.8168957007091197
435.0850850850851 0.8145169239393716
435.33533533533534 0.8121281220221555
435.5855855855856 0.8097294240140379
435.83583583583584 0.8073209592141803
436.0860860860861 0.8049028571530188
436.33633633633633 0.8024752475809627
436.5865865865866 0.8000382604571122
436.8368368368368 0.7975920259379966
437.08708708708707 0.7951366743663352
437.3373373373373 0.7926723362598233
437.58758758758756 0.7901991422999434
437.8378378378378 0.7877172233208053
438.0880880880881 0.7852267102980145
438.33833833833836 0.7827277343375747
438.5885885885886 0.7802204266648182
438.83883883883885 0.7777049186133768
439.0890890890891 0.7751813416141856
439.33933933933935 0.7726498271845272
439.5895895895896 0.7701105069171141
439.83983983983984 0.7675635124692152
440.0900900900901 0.7650089755518238
440.34034034034033 0.7624470279188726
440.5905905905906 0.7598778013564955
440.8408408408409 0.757301427672337
441.09109109109113 0.7547180386849173
441.3413413413414 0.7521277662130419
441.5915915915916 0.7495307420652739
441.84184184184187 0.7469270980294574
442.0920920920921 0.7443169658623013
442.34234234234236 0.741700477279023
442.5925925925926 0.7390777639430525
442.84284284284286 0.7364489574558022
443.0930930930931 0.733814189346501
443.34334334334335 0.7311735910620966
443.5935935935936 0.7285272939572262
443.84384384384384 0.7258754292842599
444.0940940940941 0.7232181281834161
444.34434434434434 0.720555521672953
444.5945945945946 0.7178877406394357
444.84484484484483 0.7152149158280842
445.0950950950951 0.7125371778332008
445.3453453453453 0.7098546570886812
445.59559559559557 0.7071674838586104
445.8458458458459 0.704475788227944
446.0960960960961 0.7017797000932834
446.34634634634637 0.6990793491537337
446.5965965965966 0.6963748649018614
446.84684684684686 0.6936663766147447
447.0970970970971 0.6909540133451201
447.34734734734735 0.6882379039126291
447.5975975975976 0.6855181768951653
447.84784784784785 0.6827949606203254
448.0980980980981 0.6800683831569645
448.34834834834834 0.6773385723068602
448.59859859859864 0.674605655596484
448.8488488488489 0.6718697602688891
449.09909909909913 0.6691310132757039
449.3493493493494 0.6663895412692499
449.5995995995996 0.6636454705947725
449.8498498498499 0.6608989272827945
450.1001001001001 0.658150037041591
450.35035035035037 0.6553989252497888
450.6006006006006 0.6526457169490946
450.85085085085086 0.6498905368371497
451.1011011011011 0.6471335092605189
451.35135135135135 0.6443747582078108
451.6016016016016 0.6416144073029353
451.85185185185185 0.6388525797984991
452.1021021021021 0.636089398569342
452.35235235235234 0.633324986106215
452.6026026026026 0.6305594645096053
452.85285285285283 0.6277929554837073
453.1031031031031 0.6250255803305435
453.3533533533533 0.6222574599442393
453.60360360360363 0.6194887148054491
453.8538538538539 0.6167194649759443
454.1041041041041 0.6139498300933536
454.35435435435437 0.6111799293660714
454.6046046046046 0.6084098815683263
454.85485485485486 0.6056398050354184
455.1051051051051 0.6028698176591226
455.35535535535536 0.6001000368832657
455.6056056056056 0.5973305796994753
455.85585585585585 0.5945615626431059
456.1061061061061 0.5917931017893415
456.3563563563564 0.5890253127494802
456.60660660660665 0.5862583106674039
456.8568568568569 0.583492210216227
457.10710710710714 0.5807271255951403
457.3573573573574 0.5779631705264402
457.60760760760763 0.5752004582527532
457.8578578578579 0.5724391015344528
458.1081081081081 0.5696792126472756
458.3583583583584 0.5669209033801357
458.6086086086086 0.5641642850331418
458.85885885885887 0.5614094684158167
459.1091091091091 0.5586565638455258
459.35935935935936 0.5559056811461107
459.6096096096096 0.5531569296467367
459.85985985985985 0.550410418180951
460.1101101101101 0.5476662550859573
460.36036036036035 0.544924548202106
460.6106106106106 0.542185404872606
460.86086086086084 0.5394489319434546
461.1111111111111 0.5367152357635934
461.3613613613614 0.5339844221852874
461.61161161161164 0.531256596564734
461.8618618618619 0.5285318637628954
462.11211211211213 0.5258103281465675
462.3623623623624 0.5230920935896781
462.6126126126126 0.5203772634748198
462.86286286286287 0.5176659406950184
463.1131131131131 0.5149582276557382
463.36336336336336 0.5122542262771272
463.6136136136136 0.5095540379965003
463.86386386386386 0.5068577637710648
464.11411411411416 0.5041655040808883
464.3643643643644 0.5014773589321119
464.61461461461465 0.49879342786040237
464.8648648648649 0.4961138099346567
465.11511511511515 0.4934386037609485
465.3653653653654 0.49076790748672294
465.61561561561564 0.48810181880523856
465.8658658658659 0.48544043496025774
466.11611611611613 0.4827838527509852
466.3663663663664 0.4801321685372545
466.6166166166166 0.4774854782449643
466.86686686686687 0.47484387737176165
467.1171171171171 0.4722074609929752
467.36736736736736 0.46957632376779485
467.6176176176176 0.46695055994570006
467.86786786786786 0.46433026337313343
468.1181181181181 0.46171552750042183
468.36836836836835 0.4591064453889406
468.6186186186186 0.45650310971852265
468.86886886886884 0.45390561279510927
469.11911911911915 0.4513140465586403
469.3693693693694 0.44872850259118713
469.61961961961964 0.4461490721253155
469.8698698698699 0.4435758460526897
470.12012012012013 0.44100891493290506
470.3703703703704 0.438448369002551
470.6206206206206 0.4358942981845009
470.8708708708709 0.43334679209742394
471.1211211211211 0.43080594006551937
471.37137137137137 0.4282718311284651
471.6216216216216 0.4257445540515802
471.8718718718719 0.4232241973361941
472.12212212212216 0.42071084923022434
472.3723723723724 0.4182045977389464
472.62262262262266 0.4157055306359645
472.8728728728729 0.4132137354743686
473.12312312312315 0.41072929959807586
473.3733733733734 0.4082523101533489
473.62362362362364 0.4057828541004877
473.8738738738739 0.40332101822568467
474.12412412412414 0.40086688915303986
474.3743743743744 0.3984205533567268
474.62462462462463 0.39598209717330274
474.8748748748749 0.3935516068141549
475.1251251251251 0.39112916837807565
475.37537537537537 0.388714867863957
475.6256256256256 0.38630879118359623
475.87587587587586 0.38391102417460454
476.1261261261261 0.3815216526134068
476.37637637637636 0.37914076222832555
476.6266266266266 0.37676843871273674
476.8768768768769 0.37440476773828796
477.12712712712715 0.37204983496816973
477.3773773773774 0.36970372607042196
477.62762762762765 0.36736652673127423
477.8778778778779 0.3650383226684997
478.12812812812814 0.3627191996447738
478.3783783783784 0.3604092434810233
478.62862862862863 0.35810854006975523
478.8788788788789 0.3558171753883486
479.1291291291292 0.3535352355122979
479.37937937937943 0.3512628066283946
479.6296296296297 0.34899997504782626
479.8798798798799 0.34674682721918676
480.13013013013017 0.344503449741376
480.3803803803804 0.3422699293763758
480.63063063063066 0.34004635306188463
480.8808808808809 0.3378328079237967
481.13113113113116 0.3356293812885051
481.3813813813814 0.3334361606950166
481.63163163163165 0.3312532339068549
481.8818818818819 0.3290806889237393
482.13213213213214 0.32691861399301747
482.3823823823824 0.32476709762083444
482.63263263263264 0.3226262285830199
482.8828828828829 0.3204960959356728
483.13313313313313 0.3183767890254244
483.3833833833834 0.31626839749936064
483.6336336336336 0.314171011314582
483.88388388388387 0.3120847207473817
484.1341341341341 0.3100096164020204
484.38438438438436 0.3079457892190771
484.6346346346346 0.305893330483355
484.88488488488485 0.30385233183131877
485.13513513513516 0.30182288525804485
485.3853853853854 0.29980508312366067
485.63563563563565 0.2977990181592484
485.8858858858859 0.29580478347219563
486.13613613613614 0.2938224725509676
486.3863863863864 0.2918521792692772
486.63663663663664 0.28989399788963216
486.88688688688694 0.2879480230662345
487.1371371371372 0.286014349847213
487.38738738738743 0.28409307367615644
487.6376376376377 0.28218429039293635
487.8878878878879 0.28028809623378736
488.1381381381382 0.2784045878306246
488.3883883883884 0.27653386220957454
488.63863863863867 0.2746760167886972
488.8888888888889 0.27283114937487407
489.13913913913916 0.27099935815984083
489.3893893893894 0.26918074171534057
489.63963963963965 0.2673753989873746
489.8898898898899 0.2655834292895292
490.14014014014015 0.2638049322953539
490.3903903903904 0.26204000802977057
490.64064064064064 0.26028875685948977
490.8908908908909 0.2585512794824141
491.14114114114113 0.2568276769160045
491.3913913913914 0.2551180504845918
491.6416416416416 0.2534225018056083
491.8918918918919 0.2517411327747225
492.1421421421421 0.2500740455498554
492.39239239239237 0.24842134253405787
492.6426426426426 0.24678312635723143
492.8928928928929 0.24515949985667326
493.14314314314316 0.2435505660564282
493.3933933933934 0.24195642814542564
493.64364364364366 0.24037718945439276
493.8938938938939 0.23881295343152048
494.14414414414415 0.23726382361686926
494.3943943943944 0.23572990361550097
494.6446446446447 0.2342112970693208
494.89489489489495 0.23270810762761818
495.1451451451452 0.23122043891629063
495.39539539539544 0.22974839450574333
495.6456456456457 0.22829207787745098
495.89589589589593 0.22685159238917282
496.1461461461462 0.22542704123881196
496.3963963963964 0.2240185274269119
496.6466466466467 0.2226261537177825
496.8968968968969 0.22125002259925045
497.14714714714717 0.21989023624102966
497.3973973973974 0.2185468964517078
497.64764764764766 0.2172201046343471
497.8978978978979 0.21590996174069815
498.14814814814815 0.21461656822402742
498.3983983983984 0.21334002399055935
498.64864864864865 0.2120804283495361
498.8988988988989 0.2108378799618997
499.14914914914914 0.20961247678760064
499.3993993993994 0.20840431603154191
499.64964964964963 0.2072134940881648
499.8998998998999 0.2060401064846878
500.1501501501501 0.20488424782300854
500.4004004004004 0.2037460117202835
500.6506506506507 0.20262549074819697
500.9009009009009 0.20152277637093904
501.15115115115117 0.20043795888190516
501.4014014014014 0.19937112733914092
501.65165165165166 0.19832236949955073
501.9019019019019 0.19729177175189191
502.15215215215215 0.19627941904858015
502.40240240240246 0.19528539483632962
502.6526526526527 0.19430978098565876
502.90290290290295 0.1933526577192852
503.1531531531532 0.1924141035394466
503.40340340340344 0.19149419515417584
503.6536536536537 0.19059300740256618
503.90390390390394 0.18971061317906218
504.1541541541542 0.18884708335681416
504.40440440440443 0.18800248671013517
504.6546546546547 0.18717688983610262
504.9049049049049 0.1863703570753457
505.15515515515517 0.18558295043206563
505.4054054054054 0.18481472949333258
505.65565565565566 0.18406575134770925
505.9059059059059 0.1833360705032498
506.15615615615616 0.18262573880492666
506.4064064064064 0.18193480535153655
506.65665665665665 0.18126331641214288
506.9069069069069 0.18061131534210945
507.15715715715714 0.17997884249878351
507.4074074074074 0.1793659351568896
507.65765765765764 0.1787726274236927
507.9079079079079 0.17819895015399656
508.15815815815813 0.17764493086503907
508.40840840840843 0.17711059365135207
508.6586586586587 0.17659595909965284
508.9089089089089 0.1761010442038341
509.1591591591592 0.17562586228012605
509.4094094094094 0.17517042288249837
509.65965965965967 0.17473473171837722
509.9099099099099 0.1743187905647505
510.16016016016016 0.17392259718473568
510.41041041041046 0.17354614524468806
510.6606606606607 0.1731894242319259
510.91091091091096 0.17285241937315007
511.1611611611612 0.17253511155363938
511.41141141141145 0.1722374772373006
511.6616616616617 0.17195948838765399
511.91191191191194 0.1717011123898377
512.1621621621622 0.17146231197371153
512.4124124124124 0.17124304513814576
512.6626626626627 0.17104326507657583
512.9129129129129 0.17086292010391055
513.1631631631632 0.1707019535848751
513.4134134134134 0.1705603038638768
513.6636636636637 0.17043790419647664
513.9139139139139 0.17033468268255353
514.1641641641642 0.17025056220124601
514.4144144144144 0.17018546034775706
514.6646646646647 0.17013928937210826
514.9149149149149 0.17011195611992652
515.1651651651651 0.1701033619753517
515.4154154154154 0.17011340280614565
515.6656656656656 0.1701419689110913
515.9159159159159 0.17018894496976156
516.1661661661662 0.1702542099947436
516.4164164164165 0.17033763728640022
516.6666666666667 0.1704390943902488
516.916916916917 0.17055844305704004
517.1671671671672 0.17069553920561484
517.4174174174175 0.17085023288861811
517.6676676676677 0.17102236826114692
517.917917917918 0.17121178355240846
518.1681681681682 0.171418311040463
518.4184184184185 0.17164177703012395
518.6686686686687 0.17188200183408697
518.918918918919 0.17213879975735796
519.1691691691692 0.17241197908504693
519.4194194194195 0.1727013420735946
519.6696696696697 0.1730066849454952
519.91991991992 0.17332779788757718
520.1701701701702 0.1736644650529021
520.4204204204204 0.17401646456633824
520.6706706706707 0.17438356853386433
520.9209209209209 0.17476554305565634
521.1711711711712 0.17516214824300577
521.4214214214214 0.17557313823911871
521.6716716716717 0.1759982612438385
521.9219219219219 0.1764372595423346
522.1721721721722 0.17688986953779634
522.4224224224224 0.17735582178816683
522.6726726726727 0.17783484104695038
522.9229229229229 0.1783266463081227
523.1731731731732 0.1788309508551702
523.4234234234234 0.17934746231428145
523.6736736736736 0.17987588271171046
523.9239239239239 0.18041590853532818
524.1741741741741 0.18096723080037488
524.4244244244244 0.18152953511942221
524.6746746746746 0.1821025017765513
524.9249249249249 0.1826858058057481
525.1751751751751 0.18327911707351469
525.4254254254254 0.18388210036569025
525.6756756756756 0.18449441547847362
525.925925925926 0.1851157173136327
526.1761761761762 0.18574565597788373
526.4264264264265 0.18638387688642244
526.6766766766767 0.18703002087057705
526.926926926927 0.1876837242895581
527.1771771771772 0.18834461914627065
527.4274274274275 0.18901233320715277
527.6776776776777 0.18968649012599853
527.927927927928 0.19036670957172092
528.1781781781782 0.19105260736000645
528.4284284284284 0.19174379558880744
528.6786786786787 0.19243988277761587
528.9289289289289 0.19314047401045747
529.1791791791792 0.19384517108254157
529.4294294294294 0.19455357265049705
529.6796796796797 0.19526527438612318
529.9299299299299 0.19597986913357668
530.1801801801802 0.1966969470699163
530.4304304304304 0.19741609586891973
530.6806806806807 0.19813690086808486
530.9309309309309 0.19885894523872336
531.1811811811812 0.19958181015905213
531.4314314314314 0.20030507499018224
531.6816816816818 0.20102831745490357
531.931931931932 0.2017511138191582
532.1821821821823 0.2024730390760956
532.4324324324325 0.20319366713259304
532.6826826826828 0.20391257099812782
532.932932932933 0.2046293229758817
533.1831831831832 0.2053434948559548
533.4334334334335 0.2060546581105642
533.6836836836837 0.20676238409109887
533.933933933934 0.20746624422690063
534.1841841841842 0.20816581022563685
534.4344344344345 0.2088606542751298
534.6846846846847 0.20955034924650384
534.934934934935 0.21023446889850927
535.1851851851852 0.21091258808288105
535.4354354354355 0.2115842829505863
535.6856856856857 0.21224913115881439
535.935935935936 0.21290671207856077
536.1861861861862 0.21355660700265439
536.4364364364365 0.21419839935407628
536.6866866866867 0.2148316748944171
536.936936936937 0.2154560219323184
537.1871871871872 0.21607103153174215
537.4374374374374 0.21667629771991306
537.6876876876877 0.2172714176947746
537.9379379379379 0.21785599203180303
538.1881881881882 0.21842962489001969
538.4384384384384 0.21899192421704283
538.6886886886887 0.2195425019530217
538.9389389389389 0.22008097423329193
539.1891891891892 0.22060696158959536
539.4394394394394 0.2211200891497052
539.6896896896897 0.2216199868352984
539.9399399399399 0.22210628955791886
540.1901901901902 0.22257863741287434
540.4404404404404 0.223036675870912
540.6906906906906 0.22348005596751788
540.9409409409409 0.22390843448968809
541.1911911911911 0.22432147416001894
541.4414414414415 0.2247188438179673
541.6916916916917 0.22510021859813145
541.941941941942 0.22546528010540826
542.1921921921922 0.22581371658688024
542.4424424424425 0.2261452231002919
542.6926926926927 0.22645950167897494
542.942942942943 0.22675626149308642
543.1931931931932 0.22703521900702378
543.4434434434435 0.22729609813288676
543.6936936936937 0.2275386303798568
543.943943943944 0.22776255499936818
544.1941941941942 0.2279676191259494
544.4444444444445 0.22815357791361565
544.6946946946947 0.2283201946676962
544.944944944945 0.22846724097198684
545.1951951951952 0.22859449681111682
545.4454454454454 0.22870175068802903
545.6956956956957 0.22878879973647084
545.9459459459459 0.22885544982840117
546.1961961961962 0.2289015156762215
546.4464464464464 0.2289268209297431
546.6966966966967 0.22893119826780786
546.9469469469469 0.22891448948448406
547.1971971971973 0.22887654556976253
547.4474474474475 0.22881722678468497
547.6976976976978 0.22873640273083892
547.947947947948 0.22863395241415999
548.1981981981983 0.2285097643029868
548.4484484484485 0.2283637363803183
548.6986986986988 0.22819577619022874
548.948948948949 0.22800580087840075
549.1991991991993 0.22779373722674126
549.4494494494495 0.22755952168205115
549.6996996996997 0.22730310037872428
549.94994994995 0.22702442915545612
550.2002002002002 0.2267234735659488
550.4504504504505 0.22640020888360307
550.7007007007007 0.22605462010019456
550.950950950951 0.22568670191853524
551.2012012012012 0.22529645873912774
551.4514514514515 0.22488390464082464
551.7017017017017 0.22444906335550988
551.951951951952 0.22399196823682593
552.2022022022022 0.2235126622229735
552.4524524524525 0.22301119779361758
552.7027027027027 0.22248763692093812
552.952952952953 0.22194205101486794
553.2032032032032 0.2213745208625667
553.4534534534534 0.22078513656218415
553.7037037037037 0.22017399745097074
553.9539539539539 0.21954121202779836
554.2042042042042 0.21888689787015977
554.4544544544544 0.21821118154571842
554.7047047047047 0.21751419851848616
554.9549549549549 0.21679609304971081
555.2052052052052 0.21605701809355904
555.4554554554554 0.2152971351876855
555.7057057057057 0.21451661433878305
555.9559559559559 0.21371563390321233
556.2062062062062 0.21289438046281442
556.4564564564564 0.21205304869601255
556.7067067067067 0.21119184124431414
556.956956956957 0.21031096857432693
557.2072072072073 0.2094106488354091
557.4574574574575 0.20849110771306917
557.7077077077078 0.2075525782782481
557.957957957958 0.20659530083260533
558.2082082082082 0.20561952274994166
558.4584584584585 0.20462549831389298
558.7087087087087 0.2036134885520303
558.958958958959 0.2025837610665058
559.2092092092092 0.20153658986138603
559.4594594594595 0.20047225516681605
559.7097097097097 0.19939104326015986
559.95995995996 0.19829324628426617
560.2102102102102 0.1971791620630077
560.4604604604605 0.19604909391424627
560.7107107107107 0.19490335046037635
560.960960960961 0.19374224543660085
561.2112112112112 0.19256609749709516
561.4614614614615 0.19137523001921491
561.7117117117117 0.19016997090590576
561.961961961962 0.18895065238647238
562.2122122122122 0.18771761081586535
562.4624624624624 0.1864711864726447
562.7127127127128 0.18521172335577935
562.962962962963 0.18393956898044342
563.2132132132133 0.18265507417296192
563.4634634634635 0.18135859286507416
563.7137137137138 0.18005048188766606
563.963963963964 0.17873110076413157
564.2142142142143 0.17740081150352055
564.4644644644645 0.1760599783936285
564.7147147147148 0.17470896779418402
564.964964964965 0.17334814793028747
565.2152152152153 0.1719778886862537
565.4654654654655 0.17059856140001028
565.7157157157158 0.1692105386582003
565.965965965966 0.16781419409213802
566.2162162162163 0.16640990217476354
566.4664664664665 0.16499803801873963
566.7167167167167 0.1635789771758338
566.966966966967 0.16215309543772402
567.2172172172172 0.16072076863836612
567.4674674674675 0.1592823724580571
567.7177177177177 0.15783828222932708
567.967967967968 0.15638887274478827
568.2182182182182 0.1549345180670687
568.4684684684685 0.15347559134095337
568.7187187187187 0.15201246460785406
568.968968968969 0.15054550862272503
569.2192192192192 0.14907509267353894
569.4694694694695 0.14760158440343396
569.7197197197197 0.14612534963563975
569.96996996997 0.1446467522012867
570.2202202202202 0.14316615377019853
570.4704704704704 0.14168391368476574
570.7207207207207 0.14020038879699365
570.9709709709709 0.13871593330881382
571.2212212212212 0.13723089861574583
571.4714714714714 0.13574563315399096
571.7217217217217 0.13426048225103637
571.9719719719719 0.13277578797984405
572.2222222222222 0.13129188901669525
572.4724724724725 0.12980912050275625
572.7227227227228 0.12832781390943207
572.972972972973 0.12684829690755642
573.2232232232233 0.1253708932404868
573.4734734734735 0.12389592260114392
573.7237237237238 0.12242370051304764
573.973973973974 0.12095453821538979
574.2242242242243 0.11948874255218378
574.4744744744745 0.11802661586552456
574.7247247247248 0.11656845589299007
574.974974974975 0.11511455566921046
575.2252252252252 0.113665203431628
575.4754754754755 0.11222068253046594
575.7257257257257 0.11078127134292166
575.975975975976 0.10934724319159468
576.2262262262262 0.10791886626715673
576.4764764764765 0.10649640355526702
576.7267267267267 0.10508011276773295
576.976976976977 0.10367024627791119
577.2272272272272 0.10226705106034206
577.4774774774775 0.10087076863460576
577.7277277277277 0.09948163501338517
577.977977977978 0.09809988065471748
578.2282282282283 0.09672573041841193
578.4784784784786 0.09535940352661237
578.7287287287288 0.09400111352846693
578.9789789789791 0.0926510682688859
579.2292292292293 0.09130946986134376
579.4794794794796 0.08997651466469142
579.7297297297298 0.08865239326393735
579.97997997998 0.08733729045495436
580.2302302302303 0.08603138523306546
580.4804804804805 0.0847348507854599
580.7307307307308 0.08344785448738821
580.980980980981 0.08217055790208144
581.2312312312313 0.08090311678433859
581.4814814814815 0.07964568108772314
581.7317317317318 0.07839839497530784
581.981981981982 0.07716139683390397
582.2322322322323 0.07593481929171046
582.4824824824825 0.07471878923931484
582.7327327327328 0.07351342785397784
582.982982982983 0.07231885062712978
583.2332332332332 0.07113516739500687
583.4834834834835 0.06996248237235322
583.7337337337337 0.06880089418911288
583.983983983984 0.06765049593003493
584.2342342342342 0.06651137517711378
584.4844844844845 0.06538361405478497
584.7347347347347 0.06426728927779629
584.984984984985 0.06316247220167256
585.2352352352352 0.06206922887569248
585.4854854854855 0.060987620098293484
585.7357357357357 0.059917701474821984
585.985985985986 0.05885952347754389
586.2362362362362 0.05781313150783111
586.4864864864865 0.05677856596043862
586.7367367367367 0.055755862289786726
586.986986986987 0.05474505107816287
587.2372372372372 0.05374615810575689
587.4874874874874 0.05275920442244425
587.7377377377377 0.051784206421231216
587.987987987988 0.05082117591327577
588.2382382382383 0.04987012020440168
588.4884884884885 0.04893104217301373
588.7387387387388 0.048003940349338234
588.988988988989 0.047088808995897874
589.2392392392393 0.046185638189139656
589.4894894894895 0.04529441390213231
589.7397397397398 0.04441511808825056
589.98998998999 0.04354772876576464
590.2402402402403 0.04269222010325378
590.4904904904905 0.04184856250576368
590.7407407407408 0.04101672270162889
590.990990990991 0.040196663829881525
591.2412412412413 0.03938834552816965
591.4914914914915 0.038591724021108845
591.7417417417417 0.03780675220899239
591.991991991992 0.037033379756786174
592.2422422422422 0.03627155318333616
592.4924924924925 0.03552121595071689
592.7427427427427 0.034782308553651886
592.992992992993 0.03405476860893689
593.2432432432432 0.033338530944799605
593.4934934934935 0.03263352769013001
593.7437437437438 0.031939688363517356
593.9939939939941 0.03125693996203287
594.2442442442443 0.030585207049693034
594.4944944944946 0.02992441184554998
594.7447447447448 0.029274474311347
594.9949949949951 0.02863531223868472
595.2452452452453 0.028006841335643344
595.4954954954956 0.027388975312808393
595.7457457457458 0.026781625968648536
595.995995995996 0.02618470327419664
596.2462462462463 0.025598115456986
596.4964964964965 0.025021769084196118
596.7467467467468 0.024455569144963805
596.996996996997 0.023899419131816976
597.2472472472473 0.023353221121190797
597.4974974974975 0.022816875852986796
597.7477477477478 0.022290282809137894
597.997997997998 0.021773340291144014
598.2482482482483 0.021265945496544068
598.4984984984985 0.020767994594292565
598.7487487487488 0.020279382799010467
598.998998998999 0.019800004444081375
599.2492492492493 0.0193297530535664
599.4994994994995 0.018868521412912113
599.7497497497498 0.01841620163842815
600.0 0.017972685245512324
