350.0 0.6592406302004438
350.25025025025025 0.6619890481951796
350.5005005005005 0.664735047996607
350.75075075075074 0.6674785046913895
351.001001001001 0.6702192930089386
351.25125125125123 0.6729572873304214
351.5015015015015 0.6756923616978405
351.7517517517517 0.6784243898231881
352.00200200200203 0.6811532450976707
352.2522522522523 0.6838788006010036
352.5025025025025 0.6866009291107803
352.75275275275277 0.6893195031119053
353.003003003003 0.6920343948060982
353.25325325325326 0.6947454761214646
353.5035035035035 0.6974526187221338
353.75375375375376 0.7001556940179609
354.004004004004 0.7028545731742942
354.25425425425425 0.7055491271218067
354.5045045045045 0.7082392265663884
354.75475475475474 0.7109247419991015
355.005005005005 0.7136055437061962
355.25525525525524 0.7162815017791854
355.5055055055055 0.7189524861249771
355.75575575575573 0.7216183664760669
356.00600600600603 0.724279012400784
356.2562562562563 0.7269342933135922
356.5065065065065 0.7295840784854498
356.7567567567568 0.7322282370542166
357.007007007007 0.7348666380351163
357.25725725725727 0.7374991503312488
357.5075075075075 0.7401256427441526
357.75775775775776 0.7427459839844153
358.008008008008 0.7453600426823317
358.25825825825825 0.7479676873986085
358.5085085085085 0.7505687866351133
358.75875875875874 0.7531632088456681
359.009009009009 0.7557508224468854
359.25925925925924 0.7583314958290456
359.5095095095095 0.7609050973670142
359.75975975975973 0.7634714954311992
360.01001001001003 0.7660305583985457
360.2602602602603 0.7685821546635646
360.5105105105105 0.7711261526494024
360.7607607607608 0.773662420818939
361.011011011011 0.7761908276859207
361.26126126126127 0.7787112418261257
361.5115115115115 0.7812235318885573
361.76176176176176 0.7837275666066678
362.012012012012 0.786223214809609
362.26226226226225 0.7887103454335093
362.5125125125125 0.7911888275327752
362.76276276276275 0.7936585302914169
363.013013013013 0.7961193230343953
363.26326326326324 0.7985710752389904
363.5135135135135 0.8010136565461896
363.7637637637638 0.8034469367720928
364.01401401401404 0.8058707859193331
364.2642642642643 0.8082850741885189
364.51451451451453 0.8106896719896816
364.7647647647648 0.8130844499537417
365.015015015015 0.815469278943984
365.26526526526527 0.8178440300675419
365.5155155155155 0.8202085746868918
365.76576576576576 0.8225627844313528
366.016016016016 0.8249065312085929
366.26626626626626 0.8272396872161382
366.5165165165165 0.8295621249528863
366.76676676676675 0.831873717230619
367.017017017017 0.8341743371855163
367.26726726726724 0.836463858289668
367.5175175175175 0.8387421543625819
367.7677677677678 0.8410090995826887
368.01801801801804 0.8432645684988372
368.2682682682683 0.8455084360417888
368.51851851851853 0.8477405775356955
368.7687687687688 0.849960868709572
369.019019019019 0.8521691857087551
369.2692692692693 0.8543654051063486
369.5195195195195 0.8565494039146545
369.76976976976977 0.8587210595965872
370.02002002002 0.8608802500770708
370.27027027027026 0.8630268537544156
370.5205205205205 0.8651607495116753
370.77077077077075 0.8672818167279817
371.021021021021 0.8693899352898545
371.2712712712713 0.8714849856024887
371.52152152152155 0.8735668486010102
371.7717717717718 0.8756354057617102
372.02202202202204 0.8776905391132446
372.2722722722723 0.8797321312478042
372.52252252252254 0.8817600653322525
372.7727727727728 0.8837742251192288
373.02302302302303 0.885774494958217
373.2732732732733 0.8877607598065758
373.5235235235235 0.8897329052405318
373.77377377377377 0.8916908174661321
374.024024024024 0.8936343833301558
374.27427427427426 0.8955634903309823
374.5245245245245 0.8974780266294154
374.77477477477476 0.8993778810594625
375.025025025025 0.901262943139065
375.27527527527525 0.9031331030807818
375.52552552552555 0.9049882518024218
375.7757757757758 0.9068282809376237
376.02602602602605 0.9086530828463866
376.2762762762763 0.9104625506255415
376.52652652652654 0.9122565781191707
376.7767767767768 0.914035059928968
377.02702702702703 0.9157978914245412
377.2772772772773 0.9175449687536533
377.5275275275275 0.9192761888524046
377.77777777777777 0.9209914494553493
378.028028028028 0.9226906491055497
378.27827827827826 0.9243736871645639
378.5285285285285 0.9260404638223678
378.77877877877876 0.9276908801072062
379.02902902902906 0.9293248378953775
379.2792792792793 0.9309422399209435
379.52952952952955 0.9325429897853713
379.7797797797798 0.9341269919670979
380.03003003003005 0.9356941518310207
380.2802802802803 0.9372443756379126
380.53053053053054 0.9387775705537581
380.7807807807808 0.9402936446590111
381.03103103103103 0.9417925069577725
381.2812812812813 0.9432740673868858
381.5315315315315 0.9447382368249501
381.7817817817818 0.9461849271012492
382.032032032032 0.947614051004595
382.28228228228227 0.9490255222920841
382.5325325325325 0.9504192556977679
382.78278278278276 0.9517951669412312
383.033033033033 0.9531531727360837
383.2832832832833 0.954493190798357
383.53353353353356 0.9558151398548109
383.7837837837838 0.9571189396511457
384.03403403403405 0.9584045109601187
384.2842842842843 0.9596717755895651
384.53453453453454 0.960920656390322
384.7847847847848 0.962151077264053
385.03503503503504 0.9633629631709748
385.2852852852853 0.9645562401374818
385.53553553553553 0.9657308352636694
385.7857857857858 0.9668866767307557
386.036036036036 0.9680236938083974
386.28628628628627 0.9691418168619027
386.5365365365365 0.9702409773593372
386.7867867867868 0.9713211078785238
387.03703703703707 0.9723821421139328
387.2872872872873 0.9734240148834667
387.53753753753756 0.9744466621351313
387.7877877877878 0.9754500209535985
388.03803803803805 0.9764340295666556
388.2882882882883 0.9773986273515446
388.53853853853855 0.9783437548411845
388.7887887887888 0.9792693537302822
389.03903903903904 0.9801753668813253
389.2892892892893 0.9810617383304617
389.53953953953953 0.9819284132932593
389.7897897897898 0.9827753381703492
390.04004004004 0.9836024605529512
390.2902902902903 0.9844097292282771
390.5405405405405 0.9851970941848163
390.79079079079077 0.9859645066174988
391.04104104104107 0.9867119189327378
391.2912912912913 0.9874392847533473
391.54154154154156 0.9881465589233401
391.7917917917918 0.9888336975125985
392.04204204204206 0.9895006578214224
392.2922922922923 0.9901473983849511
392.54254254254255 0.9907738789774605
392.7927927927928 0.9913800606165315
393.04304304304304 0.991965905567094
393.2932932932933 0.9925313773453414
393.54354354354354 0.993076440722517
393.7937937937938 0.9936010617285724
394.044044044044 0.9941052076556959
394.2942942942943 0.9945888470617102
394.5445445445446 0.9950519497733422
394.7947947947948 0.9954944868893592
395.0450450450451 0.9959164307835753
395.2952952952953 0.996317755107726
395.54554554554556 0.9966984347942104
395.7957957957958 0.9970584460587004
396.04604604604606 0.997397766402618
396.2962962962963 0.9977163746154779
396.54654654654655 0.9980142507770984
396.7967967967968 0.9982913762596758
397.04704704704704 0.9985477337297272
397.2972972972973 0.9987833071498966
397.54754754754754 0.9989980817806278
397.7977977977978 0.9991920441817006
398.04804804804803 0.9993651822136338
398.2982982982983 0.99951748503895
398.5485485485485 0.999648943123308
398.7987987987988 0.9997595482364964
399.0490490490491 0.9998492934532928
399.2992992992993 0.9999181731541867
399.54954954954957 0.9999661830259661
399.7997997997998 0.9999933200621673
400.05005005005006 0.9999995825633894
400.3003003003003 0.9999849701374712
400.55055055055055 0.9999494836995328
400.8008008008008 0.9998931254718797
401.05105105105105 0.9998158989837712
401.3013013013013 0.9997178090710525
401.55155155155154 0.9995988618756496
401.8018018018018 0.9994590648449293
402.05205205205203 0.9992984267309208
402.30230230230234 0.9991169575894048
402.5525525525526 0.9989146687788627
402.80280280280283 0.9986915729592927
403.0530530530531 0.9984476840908897
403.3033033033033 0.9981830174325892
403.55355355355357 0.9978975895404768
403.8038038038038 0.9975914182660622
404.05405405405406 0.9972645227544188
404.3043043043043 0.9969169234421885
404.55455455455456 0.9965486420554532
404.8048048048048 0.9961597016074717
405.05505505505505 0.9957501263962828
405.3053053053053 0.9953199420021767
405.55555555555554 0.9948691752850322
405.8058058058058 0.9943978543815222
406.05605605605604 0.9939060087021873
406.3063063063063 0.9933936689283772
406.5565565565566 0.992860867009062
406.80680680680683 0.9923076361575118
407.0570570570571 0.9917340108478476
407.3073073073073 0.9911400268114605
407.5575575575576 0.9905257210333036
407.8078078078078 0.9898911317480551
408.05805805805807 0.9892362984361519
408.3083083083083 0.9885612618196978
408.55855855855856 0.9878660638582438
408.8088088088088 0.9871507477444414
409.05905905905905 0.9864153578995724
409.3093093093093 0.9856599399689518
409.55955955955955 0.9848845408172076
409.8098098098098 0.9840892085234363
410.0600600600601 0.983273992376236
410.31031031031034 0.9824389428686178
410.5605605605606 0.981584111692794
410.81081081081084 0.9807095517348479
411.0610610610611 0.9798153170692818
411.31131131131133 0.9789014629534482
411.5615615615616 0.9779680458218597
411.8118118118118 0.9770151232803843
412.06206206206207 0.976042754100322
412.3123123123123 0.9750509982123676
412.56256256256256 0.9740399167004565
412.8128128128128 0.9730095717954985
413.06306306306305 0.971960026868997
413.3133133133133 0.970891346426557
413.56356356356355 0.9698035961012816
413.8138138138138 0.9686968426470587
414.06406406406404 0.967571153931737
414.3143143143143 0.9664265989301959
414.5645645645646 0.9652632477173058
414.81481481481484 0.9640811714607848
415.0650650650651 0.9628804424139472
415.31531531531533 0.9616611339083496
415.5655655655656 0.9604233203463347
415.8158158158158 0.9591670771934705
416.06606606606607 0.9578924809708907
416.3163163163163 0.9565996092475348
416.56656656656656 0.9552885406322887
416.8168168168168 0.9539593547660287
417.06706706706706 0.9526121323135681
417.3173173173173 0.9512469549555097
417.5675675675676 0.9498639053800028
417.81781781781785 0.9484630672744093
418.0680680680681 0.947044525316875
418.31831831831835 0.9456083651678139
418.5685685685686 0.9441546734613002
418.81881881881884 0.9426835377963747
419.0690690690691 0.9411950467282626
419.31931931931933 0.939689289759507
419.5695695695696 0.9381663573310173
419.8198198198198 0.936626340813035
420.0700700700701 0.9350693324960182
420.3203203203203 0.9334954255814454
420.57057057057057 0.9319047141725396
420.8208208208208 0.9302972932649164
421.07107107107106 0.9286732587371542
421.3213213213213 0.9270327073412901
421.57157157157155 0.9253757366932416
421.8218218218218 0.9237024452631579
422.07207207207205 0.9220129323656973
422.32232232232235 0.9203072981502377
422.5725725725726 0.9185856435910191
422.82282282282284 0.9168480704772167
423.0730730730731 0.9150946814029516
423.32332332332334 0.9133255797572374
423.5735735735736 0.911540869713863
423.82382382382383 0.9097406562212161
424.0740740740741 0.9079250449920468
424.3243243243243 0.906094142493173
424.57457457457457 0.9042480559351294
424.8248248248248 0.9023868932617626
425.07507507507506 0.9005107631397715
425.32532532532537 0.898619774948196
425.5755755755756 0.896714038767858
425.82582582582586 0.894793665370748
426.0760760760761 0.8928587662093697
426.32632632632635 0.8909094534060367
426.5765765765766 0.8889458397421254
426.82682682682685 0.8869680386472841
427.0770770770771 0.8849761641886041
427.32732732732734 0.8829703310597472
427.5775775775776 0.8809506545700393
427.82782782782783 0.878917250633525
428.0780780780781 0.8768702357579893
428.3283283283283 0.8748097270339453
428.5785785785786 0.8727358421235911
428.8288288288288 0.8706486992497364
429.07907907907907 0.8685484171847018
429.3293293293293 0.8664351152391909
429.57957957957956 0.864308913251138
429.8298298298298 0.8621699315745335
430.08008008008005 0.8600182910682255
430.33033033033036 0.8578541130847042
430.5805805805806 0.8556775194588687
430.83083083083085 0.8534886324967731
431.0810810810811 0.8512875749643636
431.33133133133134 0.8490744700761986
431.5815815815816 0.8468494414841602
431.83183183183183 0.8446126132661551
432.0820820820821 0.8423641099148077
432.3323323323323 0.8401040563261478
432.5825825825826 0.8378325777882946
432.8328328328328 0.8355497999701372
433.0830830830831 0.8332558489100151
433.33333333333337 0.8309508510044022
433.5835835835836 0.8286349329965883
433.83383383383386 0.8263082219653712
434.0840840840841 0.8239708453137535
434.33433433433436 0.8216229307576464
434.5845845845846 0.8192646063145862
434.83483483483485 0.8168960002924625
435.0850850850851 0.8145172412782594
435.33533533533534 0.8121284581268144
435.5855855855856 0.8097297799495945
435.83583583583584 0.8073213361034915
436.0860860860861 0.8049032561796406
436.33633633633633 0.8024756699922618
436.5865865865866 0.8000387075675272
436.8368368368368 0.7975924991324556
437.08708708708707 0.7951371751038379
437.3373373373373 0.7926728660771927
437.58758758758756 0.7901997028157567
437.8378378378378 0.7877178162395102
438.0880880880881 0.7852273374142403
438.33833833833836 0.7827283975406456
438.5885885885886 0.7802211279434788
438.83883883883885 0.7777056600607374
439.0890890890891 0.7751821254328988
439.33933933933935 0.772650655692203
439.5895895895896 0.7701113825519872
439.83983983983984 0.7675644377960712
440.0900900900901 0.765009953268199
440.34034034034033 0.762448060861536
440.5905905905906 0.7598788925082273
440.8408408408409 0.7573025801690134
441.09109109109113 0.7547192558229167
441.3413413413414 0.7521290514569845
441.5915915915916 0.7495320990561086
441.84184184184187 0.746928530592911
442.0920920920921 0.744318478017703
442.34234234234236 0.7417020732485222
442.5925925925926 0.7390794481612434
442.84284284284286 0.7364507345797723
443.0930930930931 0.7338160642663213
443.34334334334335 0.7311755689117704
443.5935935935936 0.7285293801261145
443.84384384384384 0.725877629429003
444.0940940940941 0.7232204482403705
444.34434434434434 0.7205579678711631
444.5945945945946 0.7178903195141634
444.84484484484483 0.7152176342349149
445.0950950950951 0.7125400429627509
445.3453453453453 0.709857676481928
445.59559559559557 0.70717066542287
445.8458458458459 0.7044791402535207
446.0960960960961 0.701783231270816
446.34634634634637 0.6990830685922658
446.5965965965966 0.6963787821476621
446.84684684684686 0.6936705016709077
447.0970970970971 0.6909583566919703
447.34734734734735 0.6882424765289663
447.5975975975976 0.6855229902803761
447.84784784784785 0.6828000268173942
448.0980980980981 0.6800737147764165
448.34834834834834 0.6773441825516712
448.59859859859864 0.6746115582879895
448.8488488488489 0.67187596987373
449.09909909909913 0.6691375449338455
449.3493493493494 0.6663964108231113
449.5995995995996 0.6636526946195056
449.8498498498499 0.6609065231177532
450.1001001001001 0.6581580228230313
450.35035035035037 0.6554073199448425
450.6006006006006 0.6526545403910603
450.85085085085086 0.6498998097621462
451.1011011011011 0.6471432533455458
451.35135135135135 0.6443849961102653
451.6016016016016 0.641625162701634
451.85185185185185 0.6388638774362526
452.1021021021021 0.6361012642971361
452.35235235235234 0.6333374469290499
452.6026026026026 0.6305725486340472
452.85285285285283 0.6278066923672075
453.1031031031031 0.6250400007325831
453.3533533533533 0.6222725959793558
453.60360360360363 0.6195045999982065
453.8538538538539 0.6167361343179073
454.1041041041041 0.6139673201021284
454.35435435435437 0.611198278146478
454.6046046046046 0.6084291288757675
454.85485485485486 0.605659992341513
455.1051051051051 0.6028909882196725
455.35535535535536 0.6001222358086257
455.6056056056056 0.5973538540273999
455.85585585585585 0.594585961414145
456.1061061061061 0.5918186761248609
456.3563563563564 0.5890521159323846
456.60660660660665 0.5862863982256397
456.8568568568569 0.583521640009146
457.10710710710714 0.5807579579028059
457.3573573573574 0.5779954681419605
457.60760760760763 0.5752342865777236
457.8578578578579 0.5724745286775987
458.1081081081081 0.5697163095263815
458.3583583583584 0.5669597438273504
458.6086086086086 0.5642049459037531
458.85885885885887 0.5614520297005893
459.1091091091091 0.5587011087866952
459.35935935935936 0.5559522963571334
459.6096096096096 0.5532057052358923
459.85985985985985 0.5504614478788977
460.1101101101101 0.5477196363773429
460.36036036036035 0.5449803824613363
460.6106106106106 0.5422437975038769
460.86086086086084 0.5395099925251539
461.1111111111111 0.5367790781971803
461.3613613613614 0.5340511648487589
461.61161161161164 0.5313263624707899
461.8618618618619 0.5286047807219136
462.11211211211213 0.5258865289345044
462.3623623623624 0.523171716121008
462.6126126126126 0.5204604509806315
462.86286286286287 0.5177528419063854
463.1131131131131 0.5150489969924823
463.36336336336336 0.5123490240420959
463.6136136136136 0.5096530305754791
463.86386386386386 0.5069611238384467
464.11411411411416 0.5042734108112252
464.3643643643644 0.5015899982176705
464.61461461461465 0.4989109925348514
464.8648648648649 0.4962365000030111
465.11511511511515 0.49356662663589745
465.3653653653654 0.49090147823146923
465.61561561561564 0.4882411603829774
465.8658658658659 0.48558577849042356
466.11611611611613 0.48293543777239584
466.3663663663664 0.4802902432782808
466.6166166166166 0.4776502999008559
466.86686686686687 0.4750157123892575
467.1171171171171 0.4723865853623284
467.36736736736736 0.4697630233223412
467.6176176176176 0.46714513066909935
467.86786786786786 0.46453301171441136
468.1181181181181 0.46192677069694127
468.36836836836835 0.4593265117974293
468.6186186186186 0.45673233915428346
468.86886886886884 0.45414435687953875
469.11911911911915 0.45156266907518
469.3693693693694 0.44898737984983034
469.61961961961964 0.44641859333579154
469.8698698698699 0.4438564137064452
470.12012012012013 0.4413009451940007
470.3703703703704 0.43875229210759004
470.6206206206206 0.436210558851703
470.8708708708709 0.43367584994495706
471.1211211211211 0.43114827003919703
471.37137137137137 0.42862792393891763
471.6216216216216 0.42611491662100154
471.8718718718719 0.42360935325476556
472.12212212212216 0.42111133922231164
472.3723723723724 0.41862098013916366
472.62262262262266 0.41613838187519375
472.8728728728729 0.4136636505758219
473.12312312312315 0.41119689268347864
473.3733733733734 0.4087382149593239
473.62362362362364 0.4062877245052083
473.8738738738739 0.40384552878586666
474.12412412412414 0.4014117356513316
474.3743743743744 0.3989864533595541
474.62462462462463 0.3965697905992183
474.8748748748749 0.3941618565127361
475.1251251251251 0.39176276071940813
475.37537537537537 0.38937261333873496
475.6256256256256 0.38699152501386336
475.87587587587586 0.38461960693515157
476.1261261261261 0.3822569708638357
476.37637637637636 0.3799037291557807
476.6266266266266 0.37755999478529706
476.8768768768769 0.3752258813690041
477.12712712712715 0.37290150318972254
477.3773773773774 0.37058697522036915
477.62762762762765 0.3682824131478431
477.8778778778779 0.36598793339687347
478.12812812812814 0.36370365315381004
478.3783783783784 0.3614296903903319
478.62862862862863 0.359166163887053
478.8788788788789 0.3569131932569974
479.1291291291292 0.35467089896892023
479.37937937937943 0.3524394023704515
479.6296296296297 0.350218825711028
479.8798798798799 0.34800929216459636
480.13013013013017 0.3458109258520529
480.3803803803804 0.3436238518633933
480.63063063063066 0.34144819627954254
480.8808808808809 0.33928408619383693
481.13113113113116 0.3371316497331243
481.3813813813814 0.33499101607845533
481.63163163163165 0.3328623154853301
481.8818818818819 0.3307456793034695
482.13213213213214 0.3286412399960785
482.3823823823824 0.32654913115856604
482.63263263263264 0.3244694875366881
482.8828828828829 0.3224024450440786
483.13313313313313 0.3203481407791328
483.3833833833834 0.31830671304120656
483.6336336336336 0.3162783013460945
483.88388388388387 0.31426304644075126
484.1341341341341 0.31226109031721566
484.38438438438436 0.31027257622570165
484.6346346346346 0.308297648686816
484.88488488488485 0.30633645350286365
485.13513513513516 0.30438913776820187
485.3853853853854 0.3024558498786029
485.63563563563565 0.300536739539582
485.8858858858859 0.29863195777365487
486.13613613613614 0.29674165692648047
486.3863863863864 0.2948659906718475
486.63663663663664 0.2930051140154638
486.88688688688694 0.2911591832975068
487.1371371371372 0.28932835619389463
487.38738738738743 0.2875127917162294
487.6376376376377 0.2857126502103794
487.8878878878879 0.2839280933536514
488.1381381381382 0.28215928415051206
488.3883883883884 0.2804063869268172
488.63863863863867 0.27866956732250586
488.8888888888889 0.27694899228271647
489.13913913913916 0.27524483004728334
489.3893893893894 0.2735572501385722
489.63963963963965 0.2718864233476115
489.8898898898899 0.2702325217184804
490.14014014014015 0.26859571853090936
490.3903903903904 0.2669761882810557
490.64064064064064 0.26537410666041106
490.8908908908909 0.26378965053280395
491.14114114114113 0.26222299790945464
491.3913913913914 0.26067432792204775
491.6416416416416 0.25914382079378057
491.8918918918919 0.25763165780835307
492.1421421421421 0.2561380212768618
492.39239239239237 0.25466309450256114
492.6426426426426 0.25320706174345925
492.8928928928929 0.2517701081727129
493.14314314314316 0.2503524198367911
493.3933933933934 0.24895418361137028
493.64364364364366 0.24757558715493888
493.8938938938939 0.24621681886007443
494.14414414414415 0.24487806780236865
494.3943943943944 0.24355952368697356
494.6446446446447 0.24226137679274268
494.89489489489495 0.24098381791394444
495.1451451451452 0.23972703829952302
495.39539539539544 0.2384912295898891
495.6456456456457 0.23727658375121963
495.89589589589593 0.23608329300724926
496.1461461461462 0.23491154976853848
496.3963963963964 0.23376154655920423
496.6466466466467 0.2326334759411017
496.8968968968969 0.23152753043544708
497.14714714714717 0.23044390244187374
497.3973973973974 0.2293827841549162
497.64764764764766 0.2283443674779184
497.8978978978979 0.22732884393436478
498.14814814814815 0.22633640457663592
498.3983983983984 0.22536723989219143
498.64864864864865 0.2244215397071858
498.8988988988989 0.2234994930875272
499.14914914914914 0.2226012882373867
499.3993993993994 0.22172711239517576
499.64964964964963 0.22087715172700378
499.8998998998999 0.2200515912176373
500.1501501501501 0.21925061455898076
500.4004004004004 0.2184744040361044
500.6506506506507 0.21772314041084456
500.9009009009009 0.21699700280300868
501.15115115115117 0.21629616856921496
501.4014014014014 0.2156208131794053
501.65165165165166 0.21497111009106876
501.9019019019019 0.21434723062121766
502.15215215215215 0.21374934381616126
502.40240240240246 0.21317761631912452
502.6526526526527 0.212632212235765
502.90290290290295 0.21211329299763818
503.1531531531532 0.2116210172236731
503.40340340340344 0.21115554057971597
503.6536536536537 0.21071701563620593
503.90390390390394 0.2103055917240508
504.1541541541542 0.20992141478877205
504.40440440440443 0.20956462724299257
504.6546546546547 0.2092353678173445
504.9049049049049 0.20893377140987537
505.15515515515517 0.20865996893403738
505.4054054054054 0.2084140871653441
505.65565565565566 0.20819624858678554
505.9059059059059 0.20800657123309307
506.15615615615616 0.20784516853395058
506.4064064064064 0.20771214915624897
506.65665665665665 0.2076076168454884
506.9069069069069 0.207531670266431
507.15715715715714 0.20748440284311226
507.4074074074074 0.20746590259832326
507.65765765765764 0.20747625199267533
507.9079079079079 0.20751552776336557
508.15815815815813 0.20758380076276173
508.40840840840843 0.20768113579692843
508.6586586586587 0.20780759146422056
508.9089089089089 0.2079632199940692
509.1591591591592 0.20814806708609318
509.4094094094094 0.20836217174966487
509.65965965965967 0.20860556614406842
509.9099099099099 0.20887827541938536
510.16016016016016 0.20918031755824712
510.41041041041046 0.20951170321859702
510.6606606606607 0.20987243557760304
510.91091091091096 0.21026251017686864
511.1611611611612 0.21068191476908704
511.41141141141145 0.21113062916628872
511.6616616616617 0.21160862508983122
511.91191191191194 0.21211586602228438
512.1621621621622 0.2126523070613621
512.4124124124124 0.21321789477605663
512.6626626626627 0.21381256706512886
512.9129129129129 0.21443625301811198
513.1631631631632 0.21508887277898409
513.4134134134134 0.21577033741266838
513.6636636636637 0.21648054877451767
513.9139139139139 0.21721939938294232
514.1641641641642 0.2179867722953392
514.4144144144144 0.21878254098748023
514.6646646646647 0.21960656923651978
514.9149149149149 0.2204587110077762
515.1651651651651 0.2213388103454482
515.4154154154154 0.22224670126741927
515.6656656656656 0.22318220766430966
515.9159159159159 0.22414514320292733
516.1661661661662 0.22513531123427466
516.4164164164165 0.22615250470625947
516.6666666666667 0.22719650608126724
516.916916916917 0.22826708725873668
517.1671671671672 0.22936400950289024
517.4174174174175 0.2304870233757641
517.6676676676677 0.23163586867567942
517.917917917918 0.23281027438129634
518.1681681681682 0.234009958601388
518.4184184184185 0.2352346285304702
518.6686686686687 0.2364839804104178
518.918918918919 0.2377576994981984
519.1691691691692 0.23905546003984657
519.4194194194195 0.24037692525080323
519.6696696696697 0.24172174730273643
519.91991991992 0.2430895673169587
520.1701701701702 0.24448001536455205
520.4204204204204 0.24589271047330558
520.6706706706707 0.24732726064156804
520.9209209209209 0.24878326285911267
521.1711711711712 0.25026030313510605
521.4214214214214 0.25175795653326927
521.6716716716717 0.2532757872143131
521.9219219219219 0.254813348485725
522.1721721721722 0.2563701828589793
522.4224224224224 0.25794582211423667
522.6726726726727 0.2595397873725942
522.9229229229229 0.2611515891759403
523.1731731731732 0.2627807275744628
523.4234234234234 0.26442669222185444
523.6736736736736 0.26608896247824987
523.9239239239239 0.2677670075209269
524.1741741741741 0.26946028646279385
524.4244244244244 0.27116824847868026
524.6746746746746 0.27289033293944254
524.9249249249249 0.27462596955388663
525.1751751751751 0.2763745785185058
525.4254254254254 0.2781355706750221
525.6756756756756 0.2799083476757158
525.925925925926 0.28169230215651764
526.1761761761762 0.28348681791782826
526.4264264264265 0.285291270113039
526.6766766766767 0.2871050254446902
526.926926926927 0.2889274423682272
527.1771771771772 0.2907578713032878
527.4274274274275 0.29259565485245403
527.6776776776777 0.2944401280273927
527.927927927928 0.2962906184823023
528.1781781781782 0.2981464467545749
528.4284284284284 0.3000069265125764
528.6786786786787 0.30187136481043936
528.9289289289289 0.3037390623497563
529.1791791791792 0.3056093137480531
529.4294294294294 0.30748140781391603
529.6796796796797 0.3093546278286374
529.9299299299299 0.3112282518342389
530.1801801801802 0.31310155292772307
530.4304304304304 0.31497379956139815
530.6806806806807 0.31684425584911285
530.9309309309309 0.31871218187823136
531.1811811811812 0.32057683402717335
531.4314314314314 0.3224374652883342
531.6816816816818 0.3242933255961982
531.931931931932 0.3261436621604431
532.1821821821823 0.3279877198038462
532.4324324324325 0.3298247413047673
532.6826826826828 0.3316539677440058
532.932932932933 0.33347463885580814
533.1831831831832 0.335285993382799
533.4334334334335 0.33708726943460643
533.6836836836837 0.33887770484994234
533.933933933934 0.3406565375618997
534.1841841841842 0.34242300596621594
534.4344344344345 0.3441763492922548
534.6846846846847 0.3459158079764492
534.934934934935 0.3476406240379439
535.1851851851852 0.34935004145617715
535.4354354354355 0.3510433065501305
535.6856856856857 0.3527196683589763
535.935935935936 0.3543783790238491
536.1861861861862 0.3560186941704619
536.4364364364365 0.35763987329228686
536.6866866866867 0.3592411801340185
536.936936936937 0.36082188307503255
537.1871871871872 0.36238125551255407
537.4374374374374 0.36391857624424495
537.6876876876877 0.36543312984992093
537.9379379379379 0.3669242070721065
538.1881881881882 0.36839110519513374
538.4384384384384 0.36983312842249405
538.6886886886887 0.3712495882521473
538.9389389389389 0.3726398038494962
539.1891891891892 0.3740031024177315
539.4394394394394 0.37533881956525766
539.6896896896897 0.3766462996699038
539.9399399399399 0.377924896239633
540.1901901901902 0.37917397226945787
540.4404404404404 0.3803929005942773
540.6906906906906 0.3815810642373477
540.9409409409409 0.3827378567541072
541.1911911911911 0.3838626825710707
541.4414414414415 0.3849549573195214
541.6916916916917 0.3860141081637203
541.941941941942 0.38703957412337053
542.1921921921922 0.38803080639006193
542.4424424424425 0.38898726863743793
542.6926926926927 0.3899084373248268
542.942942942943 0.3907938019940813
543.1931931931932 0.39164286555938177
543.4434434434435 0.3924551445897552
543.6936936936937 0.39323016958407747
543.943943943944 0.39396748523832165
544.1941941941942 0.39466665070483076
544.4444444444445 0.3953272398433925
544.6946946946947 0.39594884146390347
544.944944944945 0.39653105956041657
545.1951951951952 0.39707351353637155
545.4454454454454 0.397575838420817
545.6956956956957 0.39803768507543685
545.9459459459459 0.39845872039220664
546.1961961961962 0.39883862748150717
546.4464464464464 0.3991771058505357
546.6966966966967 0.3994738715718592
546.9469469469469 0.3997286574419674
547.1971971971973 0.3999412131296842
547.4474474474475 0.40011130531431455
547.6976976976978 0.40023871781340237
547.947947947948 0.4003232516999935
548.1981981981983 0.4003647254092983
548.4484484484485 0.40036297483466454
548.6986986986988 0.4003178534127755
548.948948948949 0.40022923219800066
549.1991991991993 0.4000969999258347
549.4494494494495 0.39992106306536895
549.6996996996997 0.39970134586075146
549.94994994995 0.39943779036159877
550.2002002002002 0.3991303564423344
550.4504504504505 0.3987790218104375
550.7007007007007 0.3983837820035939
550.950950950951 0.39794465037575566
551.2012012012012 0.39746165807211764
551.4514514514515 0.3969348539930381
551.7017017017017 0.3963643047469318
551.951951951952 0.39575009459218
552.2022022022022 0.3950923253681073
552.4524524524525 0.3943911164150864
552.7027027027027 0.3936466044838426
552.952952952953 0.392858943634035
553.2032032032032 0.39202830512220666
553.4534534534534 0.3911548772791991
553.7037037037037 0.39023886537714086
553.9539539539539 0.3892804914861245
554.2042042042042 0.38827999432069826
554.4544544544544 0.38723762907630577
554.7047047047047 0.3861536672558163
554.9549549549549 0.385028396486296
555.2052052052052 0.3838621203261795
555.4554554554554 0.3826551580630084
555.7057057057057 0.3814078445019117
555.9559559559559 0.3801205297450105
556.2062062062062 0.37879357896193705
556.4564564564564 0.37742737215166583
556.7067067067067 0.3760223038958591
556.956956956957 0.3745787831039395
557.2072072072073 0.3730972327501102
557.4574574574575 0.3715780896025357
557.7077077077078 0.370021803944929
557.957957957958 0.368428839290768
558.2082082082082 0.366799672090389
558.4584584584585 0.3651347914312022
558.7087087087087 0.36343469873128137
558.958958958959 0.36169990742658364
559.2092092092092 0.3599309426520622
559.4594594594595 0.35812834091693485
559.7097097097097 0.3562926497743794
559.95995995996 0.354424427485929
560.2102102102102 0.35252424268084187
560.4604604604605 0.35059267401072725
560.7107107107107 0.34863030979970716
560.960960960961 0.34663774769040145
561.2112112112112 0.3446155942860203
561.4614614614615 0.3425644647888546
561.7117117117117 0.3404849826354541
561.961961961962 0.33837777912878464
562.2122122122122 0.33624349306765766
562.4624624624624 0.33408277037372475
562.7127127127128 0.3318962637163303
562.962962962963 0.3296846321355222
563.2132132132133 0.3274485406634986
563.4634634634635 0.32518865994480534
563.7137137137138 0.32290566585555913
563.963963963964 0.32060023912199626
564.2142142142143 0.3182730649386348
564.4644644644645 0.3159248325863375
564.7147147147148 0.31355623505056507
564.964964964965 0.31116796864010016
565.2152152152153 0.3087607326065272
565.4654654654655 0.30633522876474584
565.7157157157158 0.30389216111479406
565.965965965966 0.30143223546525516
566.2162162162163 0.29895615905851625
566.4664664664665 0.2964646401981465
566.7167167167167 0.29395838787865486
566.966966966967 0.29143811141788645
567.2172172172172 0.2889045200923105
567.4674674674675 0.286358322775448
567.7177177177177 0.2838002275796847
567.967967967968 0.281230941501706
568.2182182182182 0.2786511700717893
568.4684684684685 0.2760616170071815
568.7187187187187 0.2734629838697837
568.968968968969 0.27085596972836135
569.2192192192192 0.2682412708254894
569.4694694694695 0.26561958024943866
569.7197197197197 0.2629915876112009
569.96996996997 0.2603579787268464
570.2202202202202 0.2577194353053983
570.4704704704704 0.2550766346424039
570.7207207207207 0.2524302493193753
570.9709709709709 0.24978094690926497
571.2212212212212 0.2471293896881344
571.4714714714714 0.24447623435316856
571.7217217217217 0.2418221317471799
571.9719719719719 0.23916772658973942
572.2222222222222 0.23651365721506556
572.4724724724725 0.23386055531679187
572.7227227227228 0.2312090456997367
572.972972972973 0.2285597460387644
573.2232232232233 0.22591326664486447
573.4734734734735 0.22327021023852156
573.7237237237238 0.22063117173047184
573.973973973974 0.21799673800992145
574.2242242242243 0.21536748774029943
574.4744744744745 0.21274399116260734
574.7247247247248 0.2101268099064236
574.974974974975 0.20751649680861023
575.2252252252252 0.20491359573976456
575.4754754754755 0.20231864143844933
575.7257257257257 0.19973215935323013
575.975975975976 0.1971546654925382
576.2262262262262 0.19458666628237334
576.4764764764765 0.1920286584318516
576.7267267267267 0.18948112880659845
576.976976976977 0.18694455430997786
577.2272272272272 0.18441940177214428
577.4774774774775 0.18190612784689603
577.7277277277277 0.1794051789163022
577.977977977978 0.17691699100306948
578.2282282282283 0.17444198969060767
578.4784784784786 0.17198059005075356
578.7287287287288 0.16953319657908444
578.9789789789791 0.16710020313778548
579.2292292292293 0.1646819929059895
579.4794794794796 0.16227893833752657
579.7297297297298 0.15989140112600744
579.97997997998 0.15751973217715967
580.2302302302303 0.1551642715883315
580.4804804804805 0.15282534863507263
580.7307307307308 0.1505032817646967
580.980980980981 0.1481983785967251
581.2312312312313 0.14591093593010804
581.4814814814815 0.14364123975711365
581.7317317317318 0.1413895652837724
581.981981981982 0.13915617695675978
582.2322322322323 0.13694132849659663
582.4824824824825 0.13474526293704242
582.7327327327328 0.13256821267055446
582.982982982983 0.13041039949968108
583.2332332332332 0.12827203469425563
583.4834834834835 0.12615331905425342
583.7337337337337 0.12405444297817338
583.983983983984 0.1219755865368
584.2342342342342 0.11991691955220367
584.4844844844845 0.11787860168183081
584.7347347347347 0.11586078250753601
584.984984984985 0.11386360162940551
585.2352352352352 0.11188718876422048
585.4854854854855 0.10993166384840589
585.7357357357357 0.1079971371453108
585.985985985986 0.10608370935666431
586.2362362362362 0.10419147173805003
586.4864864864865 0.10232050621824226
586.7367367367367 0.10047088552224542
586.986986986987 0.09864267329787862
587.2372372372372 0.09683592424574655
587.4874874874874 0.09505068425243832
587.7377377377377 0.09328699052679534
587.987987987988 0.09154487173908925
588.2382382382383 0.08982434816295672
588.4884884884885 0.0881254318199218
588.7387387387388 0.08644812662636496
588.988988988989 0.08479242854277098
589.2392392392393 0.08315832572510576
589.4894894894895 0.08154579867816722
589.7397397397398 0.07995482041075774
589.98998998999 0.07838535659252734
590.2402402402403 0.07683736571233737
590.4904904904905 0.07531079923799691
590.7407407407408 0.07380560177722564
590.990990990991 0.0723217112396983
591.2412412412413 0.07085905900002866
591.4914914914915 0.06941757006155183
591.7417417417417 0.06799716322076724
591.991991991992 0.06659775123230556
592.2422422422422 0.06521924097428615
592.4924924924925 0.06386153361393329
592.7427427427427 0.06252452477332264
592.992992992993 0.06120810469513131
593.2432432432432 0.05991215840826797
593.4934934934935 0.058636565893261994
593.7437437437438 0.05738120224729291
593.9939939939941 0.05614593784874794
594.2442442442443 0.05493063852118706
594.4944944944946 0.05373516569661684
594.7447447447448 0.052559376577958394
594.9949949949951 0.05140312430060904
595.2452452452453 0.0502662580929965
595.4954954954956 0.04914862343602878
595.7457457457458 0.04805006222134443
595.995995995996 0.0469704129082732
596.2462462462463 0.04590951067941792
596.4964964964965 0.044867187594773775
596.7467467467468 0.043843272744302726
596.996996996997 0.04283759239888478
597.2472472472473 0.04184997015957109
597.4974974974975 0.04088022710506655
597.7477477477478 0.03992818193737311
597.997997997998 0.038993651125528585
598.2482482482483 0.038076449047377864
598.4984984984985 0.03717638812931768
598.7487487487488 0.036293278983958906
598.998998998999 0.035426930545652865
599.2492492492493 0.03457715020383252
599.4994994994995 0.03374374393412112
599.7497497497498 0.03292651642716506
600.0 0.03212527121515004
