350.0 0.6592406302004438
350.25025025025025 0.6619890481951796
350.5005005005005 0.664735047996607
350.75075075075074 0.6674785046913895
351.001001001001 0.6702192930089386
351.25125125125123 0.6729572873304214
351.5015015015015 0.6756923616978405
351.7517517517517 0.6784243898231881
352.00200200200203 0.6811532450976707
352.2522522522523 0.6838788006010036
352.5025025025025 0.6866009291107803
352.75275275275277 0.6893195031119053
353.003003003003 0.6920343948060982
353.25325325325326 0.6947454761214646
353.5035035035035 0.6974526187221338
353.75375375375376 0.7001556940179609
354.004004004004 0.7028545731742942
354.25425425425425 0.7055491271218067
354.5045045045045 0.7082392265663884
354.75475475475474 0.7109247419991015
355.005005005005 0.7136055437061962
355.25525525525524 0.7162815017791854
355.5055055055055 0.7189524861249771
355.75575575575573 0.7216183664760669
356.00600600600603 0.724279012400784
356.2562562562563 0.7269342933135922
356.5065065065065 0.7295840784854498
356.7567567567568 0.7322282370542166
357.007007007007 0.7348666380351163
357.25725725725727 0.7374991503312488
357.5075075075075 0.7401256427441526
357.75775775775776 0.7427459839844153
358.008008008008 0.7453600426823317
358.25825825825825 0.7479676873986086
358.5085085085085 0.7505687866351134
358.75875875875874 0.7531632088456682
359.009009009009 0.7557508224468855
359.25925925925924 0.7583314958290456
359.5095095095095 0.7609050973670142
359.75975975975973 0.7634714954311992
360.01001001001003 0.7660305583985457
360.2602602602603 0.7685821546635646
360.5105105105105 0.7711261526494024
360.7607607607608 0.773662420818939
361.011011011011 0.7761908276859208
361.26126126126127 0.7787112418261258
361.5115115115115 0.7812235318885574
361.76176176176176 0.7837275666066679
362.012012012012 0.786223214809609
362.26226226226225 0.7887103454335094
362.5125125125125 0.7911888275327753
362.76276276276275 0.793658530291417
363.013013013013 0.7961193230343954
363.26326326326324 0.7985710752389906
363.5135135135135 0.8010136565461897
363.7637637637638 0.8034469367720929
364.01401401401404 0.8058707859193334
364.2642642642643 0.808285074188519
364.51451451451453 0.8106896719896818
364.7647647647648 0.813084449953742
365.015015015015 0.8154692789439842
365.26526526526527 0.8178440300675422
365.5155155155155 0.820208574686892
365.76576576576576 0.8225627844313531
366.016016016016 0.8249065312085933
366.26626626626626 0.8272396872161386
366.5165165165165 0.8295621249528867
366.76676676676675 0.8318737172306194
367.017017017017 0.8341743371855168
367.26726726726724 0.8364638582896685
367.5175175175175 0.8387421543625826
367.7677677677678 0.8410090995826893
368.01801801801804 0.843264568498838
368.2682682682683 0.8455084360417897
368.51851851851853 0.8477405775356964
368.7687687687688 0.8499608687095731
369.019019019019 0.8521691857087562
369.2692692692693 0.8543654051063498
369.5195195195195 0.8565494039146558
369.76976976976977 0.8587210595965887
370.02002002002 0.8608802500770725
370.27027027027026 0.8630268537544173
370.5205205205205 0.8651607495116772
370.77077077077075 0.8672818167279838
371.021021021021 0.8693899352898569
371.2712712712713 0.8714849856024912
371.52152152152155 0.873566848601013
371.7717717717718 0.8756354057617133
372.02202202202204 0.8776905391132479
372.2722722722723 0.8797321312478078
372.52252252252254 0.8817600653322565
372.7727727727728 0.8837742251192331
373.02302302302303 0.8857744949582217
373.2732732732733 0.887760759806581
373.5235235235235 0.8897329052405375
373.77377377377377 0.8916908174661383
374.024024024024 0.8936343833301625
374.27427427427426 0.8955634903309897
374.5245245245245 0.8974780266294234
374.77477477477476 0.8993778810594713
375.025025025025 0.9012629431390745
375.27527527527525 0.9031331030807922
375.52552552552555 0.9049882518024333
375.7757757757758 0.9068282809376362
376.02602602602605 0.9086530828464001
376.2762762762763 0.9104625506255563
376.52652652652654 0.9122565781191868
376.7767767767768 0.9140350599289857
377.02702702702703 0.9157978914245605
377.2772772772773 0.9175449687536743
377.5275275275275 0.9192761888524275
377.77777777777777 0.9209914494553741
378.028028028028 0.9226906491055769
378.27827827827826 0.9243736871645936
378.5285285285285 0.9260404638224
378.77877877877876 0.9276908801072414
379.02902902902906 0.9293248378954158
379.2792792792793 0.9309422399209852
379.52952952952955 0.9325429897854167
379.7797797797798 0.9341269919671474
380.03003003003005 0.9356941518310746
380.2802802802803 0.9372443756379712
380.53053053053054 0.9387775705538219
380.7807807807808 0.9402936446590806
381.03103103103103 0.9417925069578481
381.2812812812813 0.9432740673869681
381.5315315315315 0.9447382368250397
381.7817817817818 0.9461849271013466
382.032032032032 0.947614051004701
382.28228228228227 0.9490255222921994
382.5325325325325 0.9504192556978932
382.78278278278276 0.9517951669413676
383.033033033033 0.9531531727362318
383.2832832832833 0.9544931907985181
383.53353353353356 0.955815139854986
383.7837837837838 0.957118939651336
384.03403403403405 0.9584045109603254
384.2842842842843 0.9596717755897898
384.53453453453454 0.960920656390566
384.7847847847848 0.9621510772643181
385.03503503503504 0.9633629631712628
385.2852852852853 0.9645562401377945
385.53553553553553 0.965730835264009
385.7857857857858 0.9668866767311244
386.036036036036 0.9680236938087976
386.28628628628627 0.9691418168623371
386.5365365365365 0.9702409773598087
386.7867867867868 0.9713211078790354
387.03703703703707 0.972382142114488
387.2872872872873 0.973424014884069
387.53753753753756 0.9744466621357848
387.7877877877878 0.9754500209543071
388.03803803803805 0.9764340295674242
388.2882882882883 0.977398627352378
388.53853853853855 0.9783437548420882
388.7887887887888 0.9792693537312619
389.03903903903904 0.9801753668823873
389.2892892892893 0.9810617383316127
389.53953953953953 0.9819284132945065
389.7897897897898 0.9827753381717006
390.04004004004 0.9836024605544154
390.2902902902903 0.9844097292298631
390.5405405405405 0.9851970941865342
390.79079079079077 0.9859645066193594
391.04104104104107 0.9867119189347525
391.2912912912913 0.9874392847555289
391.54154154154156 0.9881465589257019
391.7917917917918 0.988833697515155
392.04204204204206 0.9895006578241894
392.2922922922923 0.9901473983879456
392.54254254254255 0.9907738789807007
392.7927927927928 0.991380060620037
393.04304304304304 0.9919659055708863
393.2932932932933 0.9925313773494434
393.54354354354354 0.9930764407269534
393.7937937937938 0.9936010617333699
394.044044044044 0.9941052076608832
394.2942942942943 0.9945888470673183
394.5445445445446 0.9950519497794045
394.7947947947948 0.9954944868959115
395.0450450450451 0.9959164307906564
395.2952952952953 0.9963177551153777
395.54554554554556 0.9966984348024776
395.7957957957958 0.9970584460676315
396.04604604604606 0.9973977664122651
396.2962962962963 0.9977163746258971
396.54654654654655 0.99801425078835
396.7967967967968 0.9982913762718248
397.04704704704704 0.9985477337428437
397.2972972972973 0.9987833071640557
397.54754754754754 0.9989980817959105
397.7977977977978 0.9991920441981941
398.04804804804803 0.9993651822314317
398.2982982982983 0.999517485058153
398.5485485485485 0.9996489431440245
398.7987987987988 0.999759548258843
399.0490490490491 0.9998492934773945
399.2992992992993 0.9999181731801783
399.54954954954957 0.9999661830539922
399.7997997997998 0.9999933200923834
400.05005005005006 0.9999995825959624
400.3003003003003 0.9999849701725807
400.55055055055055 0.9999494837373716
400.8008008008008 0.9998931255126549
401.05105105105105 0.9998158990277051
401.3013013013013 0.9997178091183837
401.55155155155154 0.9995988619266347
401.8018018018018 0.9994590648998433
402.05205205205203 0.9992984267900591
402.30230230230234 0.9991169576530844
402.5525525525526 0.9989146688474236
402.80280280280283 0.9986915730331001
403.0530530530531 0.9984476841703349
403.3033033033033 0.9981830175180924
403.55355355355357 0.9978975896324882
403.8038038038038 0.9975914183650648
404.05405405405406 0.9972645228609304
404.3043043043043 0.9969169235567645
404.55455455455456 0.9965486421786887
404.8048048048048 0.9961597017400042
405.05505505505505 0.9957501265387962
405.3053053053053 0.9953199421554033
405.55555555555554 0.9948691754497568
405.8058058058058 0.9943978545585855
406.05605605605604 0.9939060088924897
406.3063063063063 0.9933936691328829
406.5565565565566 0.9928608672288034
406.80680680680683 0.9923076363935946
407.0570570570571 0.9917340111014553
407.3073073073073 0.9911400270838597
407.5575575575576 0.9905257213258503
407.8078078078078 0.9898911320621998
408.05805805805807 0.9892362987734471
408.3083083083083 0.9885612621818042
408.55855855855856 0.9878660642469377
408.8088088088088 0.9871507481616227
409.05905905905905 0.9864153583472729
409.3093093093093 0.985659940449344
409.55955955955955 0.9848845413326142
409.8098098098098 0.98408920907634
410.0600600600601 0.9832739929692907
410.31031031031034 0.9824389435046594
410.5605605605606 0.981584112374853
410.81081081081084 0.9807095524661619
411.0610610610611 0.9798153178533098
411.31131131131133 0.9789014637938843
411.5615615615616 0.9779680467226497
411.8118118118118 0.9770151242457413
412.06206206206207 0.9760427551347446
412.3123123123123 0.9750509993206582
412.56256256256256 0.9740399178877412
412.8128128128128 0.9730095730672483
413.06306306306305 0.9719600282310503
413.3133133133133 0.9708913478851434
413.56356356356355 0.9698035976630471
413.8138138138138 0.9686968443190925
414.06406406406404 0.9675711557216006
414.3143143143143 0.9664266008459528
414.5645645645646 0.9652632497675541
414.81481481481484 0.9640811736546915
415.0650650650651 0.962880444761284
415.31531531531533 0.9616611364195323
415.5655655655656 0.9604233230324632
415.8158158158158 0.9591670800663729
416.06606606606607 0.9578924840431692
416.3163163163163 0.9565996125326142
416.56656656656656 0.9552885441444687
416.8168168168168 0.9539593585205387
417.06706706706706 0.9526121363266257
417.3173173173173 0.9512469592443819
417.5675675675676 0.9498639099630721
417.81781781781785 0.948463072171243
418.0680680680681 0.9470445305482986
418.31831831831835 0.9456083707559892
418.5685685685686 0.9441546794298079
418.81881881881884 0.942683544170302
419.0690690690691 0.9411950535342957
419.31931931931933 0.9396892970260292
419.5695695695696 0.9381663650882132
419.8198198198198 0.9366263490930004
420.0700700700701 0.9350693413328764
420.3203203203203 0.9334954350114707
420.57057057057057 0.9319047242342876
420.8208208208208 0.9302973039993618
421.07107107107106 0.9286732701878373
421.3213213213213 0.9270327195544708
421.57157157157155 0.9253757497180629
421.8218218218218 0.9237024591518187
422.07207207207205 0.9220129471736348
422.32232232232235 0.9203073139363206
422.5725725725726 0.9185856604177516
422.82282282282284 0.916848088410954
423.0730730730731 0.9150947005141281
423.32332332332334 0.9133256001206072
423.5735735735736 0.911540891408754
423.82382382382383 0.9097406793317995
424.0740740740741 0.9079250696076195
424.3243243243243 0.9060941687084582
424.57457457457457 0.9042480838505921
424.8248248248248 0.9023869229839441
425.07507507507506 0.9005107947816411
425.32532532532537 0.8986198086295232
425.5755755755756 0.8967140746156045
425.82582582582586 0.8947937035194818
426.0760760760761 0.8928588068017015
426.32632632632635 0.8909094965930806
426.5765765765766 0.8889458856839838
426.82682682682685 0.8869680875135604
427.0770770770771 0.8849762161589414
427.32732732732734 0.8829703863243981
427.5775775775776 0.8809507133304645
427.82782782782783 0.8789173131030256
428.0780780780781 0.8768703021623717
428.3283283283283 0.8748097976122228
428.5785785785786 0.8727359171287218
428.8288288288288 0.8706487789494008
429.07907907907907 0.8685485018621222
429.3293293293293 0.8664352051939924
429.57957957957956 0.8643090088002565
429.8298298298298 0.8621700330531701
430.08008008008005 0.860018398830852
430.33033033033036 0.8578542275061197
430.5805805805806 0.8556776409353123
430.83083083083085 0.8534887614470937
431.0810810810811 0.8512877118312501
431.33133133133134 0.8490746153274739
431.5815815815816 0.8468495956141412
431.83183183183183 0.8446127767970826
432.0820820820821 0.8423642833983491
432.3323323323323 0.840104240344977
432.5825825825826 0.8378327729577505
432.8328328328328 0.835550006939968
433.0830830830831 0.8332560683662085
433.33333333333337 0.8309510836711094
433.5835835835836 0.8286351796381431
433.83383383383386 0.8263084833884111
434.0840840840841 0.8239711223694446
434.33433433433436 0.8216232243440202
434.5845845845846 0.8192649173789921
434.83483483483485 0.8168963298341395
435.0850850850851 0.814517590351036
435.33533533533534 0.8121288278419394
435.5855855855856 0.8097301714787067
435.83583583583584 0.8073217506817338
436.0860860860861 0.8049036951089248
436.33633633633633 0.8024761346446909
436.5865865865866 0.8000391993889835
436.8368368368368 0.7975930196463604
437.08708708708707 0.7951377259150907
437.3373373373373 0.792673448876299
437.58758758758756 0.7902003193831514
437.8378378378378 0.7877184684500858
438.0880880880881 0.7852280272420888
438.33833833833836 0.7827291270640238
438.5885885885886 0.7802218993500054
438.83883883883885 0.7777064756528341
439.0890890890891 0.7751829876334831
439.33933933933935 0.7726515670506464
439.5895895895896 0.7701123457503475
439.83983983983984 0.7675654556556127
440.0900900900901 0.7650110287562116
440.34034034034033 0.7624491970984659
440.5905905905906 0.7598800927751322
440.8408408408409 0.7573038479153574
441.09109109109113 0.754720594674716
441.3413413413414 0.7521304652253213
441.5915915915916 0.7495335917460269
441.84184184184187 0.7469301064127097
442.0920920920921 0.7443201413886449
442.34234234234236 0.7417038288149713
442.5925925925926 0.7390813008012532
442.84284284284286 0.7364526894161393
443.0930930930931 0.7338181266781236
443.34334334334335 0.7311777445464116
443.5935935935936 0.7285316749118917
443.84384384384384 0.7258800495882205
444.0940940940941 0.7232230003030202
444.34434434434434 0.7205606586891943
444.5945945945946 0.7178931562763639
444.84484484484483 0.7152206244824287
445.0950950950951 0.712543194605256
445.3453453453453 0.7098609978144994
445.59559559559557 0.7071741651435555
445.8458458458459 0.7044828274816549
446.0960960960961 0.7017871155661017
446.34634634634637 0.6990871599746511
446.5965965965966 0.696383091118043
446.84684684684686 0.6936750392326871
447.0970970970971 0.6909631343735055
447.34734734734735 0.6882475064069374
447.5975975975976 0.6855282850041081
447.84784784784785 0.6828055996341698
448.0980980980981 0.6800795795578138
448.34834834834834 0.6773503538209633
448.59859859859864 0.6746180512486454
448.8488488488489 0.6718828004390549
449.09909909909913 0.6691447297578014
449.3493493493494 0.6664039673323588
449.5995995995996 0.6636606410467121
449.8498498498499 0.6609148785362078
450.1001001001001 0.6581668071826154
450.35035035035037 0.6554165541094015
450.6006006006006 0.6526642461772227
450.85085085085086 0.6499100099796424
451.1011011011011 0.6471539718390752
451.35135135135135 0.6443962578029654
451.6016016016016 0.6416369936402025
451.85185185185185 0.6388763048377815
452.1021021021021 0.6361143165977096
452.35235235235234 0.6333511538341683
452.6026026026026 0.6305869411709333
452.85285285285283 0.6278218029390579
453.1031031031031 0.6250558631748268
453.3533533533533 0.6222892456179838
453.60360360360363 0.6195220737102396
453.8538538538539 0.6167544705940665
454.1041041041041 0.6139865591117807
454.35435435435437 0.6112184618049253
454.6046046046046 0.6084503009139529
454.85485485485486 0.6056821983782172
455.1051051051051 0.6029142758362774
455.35535535535536 0.6001466546265217
455.6056056056056 0.597379455788117
455.85585585585585 0.5946128000622879
456.1061061061061 0.5918468078939323
456.3563563563564 0.5890815994335794
456.60660660660665 0.5863172945396989
456.8568568568569 0.5835540127813569
457.10710710710714 0.5807918734412383
457.3573573573574 0.5780309955190327
457.60760760760763 0.5752714977351909
457.8578578578579 0.5725134985350593
458.1081081081081 0.569757116093398
458.3583583583584 0.5670024683192865
458.6086086086086 0.5642496728614257
458.85885885885887 0.5614988471138391
459.1091091091091 0.5587501082219816
459.35935935935936 0.5560035730892584
459.6096096096096 0.5532593583839635
459.85985985985985 0.5505175805466392
460.1101101101101 0.547778355797867
460.36036036036035 0.5450418001464895
460.6106106106106 0.5423080293982747
460.86086086086084 0.539577159165023
461.1111111111111 0.5368493048741259
461.3613613613614 0.5341245817785776
461.61161161161164 0.5314031049674514
461.8618618618619 0.5286849893768336
462.11211211211213 0.5259703498012349
462.3623623623624 0.5232593009054709
462.6126126126126 0.5205519572370244
462.86286286286287 0.5178484332388891
463.1131131131131 0.5151488432629008
463.36336336336336 0.5124533015835615
463.6136136136136 0.5097619224123556
463.86386386386386 0.5070748199125669
464.11411411411416 0.5043921082145959
464.3643643643644 0.501713901431785
464.61461461461465 0.49904031367674534
464.8648648648649 0.496371459078201
465.11511511511515 0.49370745179834136
465.3653653653654 0.49104840605069017
465.61561561561564 0.48839443611849004
465.8658658658659 0.48574565637360606
466.11611611611613 0.4831021812959475
466.3663663663664 0.4804641254934097
466.6166166166166 0.4778316037223367
466.86686686686687 0.47520473090850296
467.1171171171171 0.47258362216861693
467.36736736736736 0.46996839283234226
467.6176176176176 0.46735915846483855
467.86786786786786 0.464756034889817
468.1181181181181 0.4621591382131126
468.36836836836835 0.4595685848467668
468.6186186186186 0.4569844915336203
468.86886886886884 0.45440697537241115
469.11911911911915 0.4518361538433736
469.3693693693694 0.44927214483433786
469.61961961961964 0.4467150666673152
469.8698698698699 0.44416503812557623
470.12012012012013 0.44162217848120594
470.3703703703704 0.439086607523133
470.6206206206206 0.43655844558562545
470.8708708708709 0.43403781357724347
471.1211211211211 0.4315248330102425
471.37137137137137 0.42901962603041544
471.6216216216216 0.42652231544736496
471.8718718718719 0.42403302476519417
472.12212212212216 0.42155187821360773
472.3723723723724 0.4190790007794026
472.62262262262266 0.41661451823834594
472.8728728728729 0.4141585571874204
473.12312312312315 0.41171124507742174
473.3733733733734 0.40927271024589634
473.62362362362364 0.4068430819504009
473.8738738738739 0.40442249040206685
474.12412412412414 0.40201106679945253
474.3743743743744 0.39960894336266417
474.62462462462463 0.3972162533677255
474.8748748748749 0.3948331311811754
475.1251251251251 0.39245971229487386
475.37537537537537 0.3900961333609908
475.6256256256256 0.38774253222715727
475.87587587587586 0.3853990479717534
476.1261261261261 0.38306582093930747
476.37637637637636 0.38074299277598134
476.6266266266266 0.37843070646511345
476.8768768768769 0.37612910636279184
477.12712712712715 0.3738383382334306
477.3773773773774 0.37155854928531107
477.62762762762765 0.3692898882060688
477.8778778778779 0.3670325051980846
478.12812812812814 0.3647865520137499
478.3783783783784 0.3625521819905713
478.62862862862863 0.3603295500860806
478.8788788788789 0.358118812912511
479.1291291291292 0.3559201287712048
479.37937937937943 0.35373365768671416
479.6296296296297 0.3515595614405499
479.8798798798799 0.34939800360454687
480.13013013013017 0.3472491495737975
480.3803803803804 0.3451131665991125
480.63063063063066 0.3429902238189662
480.8808808808809 0.3408804922908812
481.13113113113116 0.3387841450222054
481.3813813813814 0.336701357000238
481.63163163163165 0.33463230522165277
481.8818818818819 0.33257716872117266
482.13213213213214 0.33053612859944576
482.3823823823824 0.32850936805007086
482.63263263263264 0.32649707238572306
482.8828828828829 0.324499429063325
483.13313313313313 0.3225166277082121
483.3833833833834 0.32054886013723705
483.6336336336336 0.31859632038075825
483.88388388388387 0.3166592047034578
484.1341341341341 0.3147377116239305
484.38438438438436 0.3128320419329886
484.6346346346346 0.310942398710623
484.88488488488485 0.3090689873415631
485.13513513513516 0.30721201552937466
485.3853853853854 0.3053716933090394
485.63563563563565 0.303548233057949
485.8858858858859 0.30174184950525995
486.13613613613614 0.29995275973954466
486.3863863863864 0.2981811832146748
486.63663663663664 0.29642734175387864
486.88688688688694 0.29469145955190623
487.1371371371372 0.2929737631752444
487.38738738738743 0.29127448156030966
487.6376376376377 0.2895938460095668
487.8878878878879 0.2879320901855018
488.1381381381382 0.28628945010238827
488.3883883883884 0.28466616411578416
488.63863863863867 0.28306247290969544
488.8888888888889 0.2814786194813431
489.13913913913916 0.2799148491234701
489.3893893893894 0.2783714094041269
489.63963963963965 0.2768485501438721
489.8898898898899 0.2753465233903267
490.14014014014015 0.2738655833900204
490.3903903903904 0.2724059865574693
490.64064064064064 0.27096799144142447
490.8908908908909 0.26955185868823284
491.14114114114113 0.26815785100224987
491.3913913913914 0.26678623310324934
491.6416416416416 0.26543727168077
491.8918918918919 0.26411123534534664
492.1421421421421 0.2628083945765688
492.39239239239237 0.2615290216679148
492.6426426426426 0.26027339066830985
492.8928928928929 0.2590417773203565
493.14314314314316 0.2578344589951902
493.3933933933934 0.2566517146239094
493.64364364364366 0.2554938246255396
493.8938938938939 0.2543610708314838
494.14414414414415 0.25325373640641796
494.3943943943944 0.2521721057655934
494.6446446446447 0.2511164644885067
494.89489489489495 0.2500870992289034
495.1451451451452 0.24908429762107864
495.39539539539544 0.24810834818244945
495.6456456456457 0.2471595402123651
495.89589589589593 0.24623816368713336
496.1461461461462 0.24534450915123765
496.3963963963964 0.24447886760472576
496.6466466466467 0.24364153038675285
496.8968968968969 0.2428327890552634
497.14714714714717 0.24205293526280222
497.3973973973974 0.24130226062844545
497.64764764764766 0.24058105660584683
497.8978978978979 0.23988961434739808
498.14814814814815 0.2392282245645053
498.3983983983984 0.2385971773839867
498.64864864864865 0.23799676220060054
498.8988988988989 0.2374272675257174
499.14914914914914 0.23688898083215137
499.3993993993994 0.23638218839517303
499.64964964964963 0.23590717512972664
499.8998998998999 0.23546422442388176
500.1501501501501 0.23505361796855018
500.4004004004004 0.2346756355835074
500.6506506506507 0.23433055503975692
500.9009009009009 0.2340186518782853
501.15115115115117 0.2337401992252558
501.4014014014014 0.23349546760369608
501.65165165165166 0.2332847247417386
501.9019019019019 0.23310823537747596
502.15215215215215 0.23296626106050047
502.40240240240246 0.23285905995019895
502.6526526526527 0.2327868866108819
502.90290290290295 0.23274999180382647
503.1531531531532 0.2327486222763223
503.40340340340344 0.23278302054781014
503.6536536536537 0.23285342469320966
503.90390390390394 0.2329600681235383
504.1541541541542 0.23310317936392572
504.40440440440443 0.2332829818291357
504.6546546546547 0.2334996935967106
504.9049049049049 0.23375352717785805
505.15515515515517 0.2340446892862063
505.4054054054054 0.23437338060455676
505.65565565565566 0.23473979554976945
505.9059059059059 0.23514412203592072
506.15615615615616 0.23558654123587688
506.4064064064064 0.2360672273414326
506.65665665665665 0.23658634732216846
506.9069069069069 0.2371440606831847
507.15715715715714 0.23774051922187386
507.4074074074074 0.23837586678390033
507.65765765765764 0.2390502390185562
507.9079079079079 0.2397637631336715
508.15815815815813 0.24051655765025662
508.40840840840843 0.2413087321570625
508.6586586586587 0.24214038706524504
508.9089089089089 0.24301161336332783
509.1591591591592 0.243922492372657
509.4094094094094 0.24487309550354802
509.65965965965967 0.24586348401232874
509.9099099099099 0.2468937087594837
510.16016016016016 0.24796380996910974
510.41041041041046 0.24907381698989695
510.6606606606607 0.2502237480578479
510.91091091091096 0.2514136100609591
511.1611611611612 0.25264339830607946
511.41141141141145 0.25391309628817565
511.6616616616617 0.2552226754622262
511.91191191191194 0.2565720950179758
512.1621621621622 0.2579613016577777
512.4124124124124 0.25939022937775863
512.6626626626627 0.2608587992525372
512.9129129129129 0.26236691922373356
513.1631631631632 0.26391448389250394
513.4134134134134 0.26550137431633913
513.6636636636637 0.26712745781036284
513.9139139139139 0.26879258775337006
514.1641641641642 0.2704966033988417
514.4144144144144 0.2722393296911757
514.6646646646647 0.2740205770873725
514.9149149149149 0.2758401413844109
515.1651651651651 0.27769780355255436
515.4154154154154 0.2795933295748203
515.6656656656656 0.2815264702928499
515.9159159159159 0.2834969612594097
516.1661661661662 0.2855045225977588
516.4164164164165 0.28754885886810466
516.6666666666667 0.2896296589413876
516.916916916917 0.29174659588060303
517.1671671671672 0.29389932682989317
517.4174174174175 0.2960874929116247
517.6676676676677 0.29831071913166524
517.917917917918 0.300568614293073
518.1681681681682 0.3028607709184056
518.4184184184185 0.3051867651808511
518.6686686686687 0.3075461568443818
518.918918918919 0.30993848921312284
519.1691691691692 0.3123632890901262
519.4194194194195 0.31482006674573276
519.6696696696697 0.3173083158957018
519.91991991992 0.31982751368927836
520.1701701701702 0.322377120707367
520.4204204204204 0.32495658097096974
520.6706706706707 0.3275653219600422
520.9209209209209 0.3302027546429147
521.1711711711712 0.33286827351641635
521.4214214214214 0.33556125665683484
521.6716716716717 0.3382810657818352
521.9219219219219 0.3410270463234545
522.1721721721722 0.3437985275122805
522.4224224224224 0.3465948224729135
522.6726726726727 0.34941522833080246
522.9229229229229 0.3522590263305396
523.1731731731732 0.3551254819656847
523.4234234234234 0.35801384512018475
523.6736736736736 0.36092335022144323
523.9239239239239 0.36385321640508556
524.1741741741741 0.3668026476914547
524.4244244244244 0.36977083317386417
524.6746746746746 0.37275694721862296
524.9249249249249 0.375760149676839
525.1751751751751 0.378779586107996
525.4254254254254 0.3818143880152871
525.6756756756756 0.3848636730926823
525.925925925926 0.3879265454836912
526.1761761761762 0.3910020960517674
526.4264264264265 0.3940894026623173
526.6766766766767 0.3971875304762147
526.926926926927 0.40029553225476333
527.1771771771772 0.40341244867600673
527.4274274274275 0.40653730866228543
527.6776776776777 0.40966912971892644
527.927927927928 0.41280691828394195
528.1781781781782 0.4159496700886003
528.4284284284284 0.4190963705287223
528.6786786786787 0.42224599504654525
528.9289289289289 0.42539750952298505
529.1791791791792 0.42854987068011585
529.4294294294294 0.431702026493677
529.6796796796797 0.4348529166154031
529.9299299299299 0.43800147280496743
530.1801801801802 0.44114661937131056
530.4304304304304 0.4442872736231244
530.6806806806807 0.4474223463282436
530.9309309309309 0.45055074218169017
531.1811811811812 0.4536713602821067
531.4314314314314 0.45678309461630145
531.6816816816818 0.4598848345516223
531.931931931932 0.46297546533585654
532.1821821821823 0.466053868604372
532.4324324324325 0.469118922894159
532.6826826826828 0.4721695041644716
532.932932932933 0.4752044863237273
533.1831831831832 0.4782227417623278
533.4334334334335 0.481223141891053
533.6836836836837 0.48420455768467024
533.933933933934 0.4871658602303987
534.1841841841842 0.49010592128085295
534.4344344344345 0.4930236138110925
534.6846846846847 0.49591781257938916
534.934934934935 0.498787394691322
535.1851851851852 0.5016312401668029
535.4354354354355 0.5044482325096291
535.6856856856857 0.5072372592791544
535.935935935936 0.5099972126636664
536.1861861861862 0.5127269900550502
536.4364364364365 0.5154254946243185
536.6866866866867 0.5180916358975801
536.936936936937 0.5207243303320183
537.1871871871872 0.5233225018914472
537.4374374374374 0.52588508262101
537.6876876876877 0.5284110132205819
537.9379379379379 0.5308992436164403
538.1881881881882 0.5333487335307593
538.4384384384384 0.5357584530484905
538.6886886886887 0.5381273831811857
538.9389389389389 0.5404545164273209
539.1891891891892 0.5427388573286813
539.4394394394394 0.5449794230223654
539.6896896896897 0.5471752437879699
539.9399399399399 0.5493253635895188
540.1901901901902 0.5514288406116998
540.4404404404404 0.5534847477899792
540.6906906906906 0.5554921733341607
540.9409409409409 0.5574502212449683
541.1911911911911 0.5593580118232278
541.4414414414415 0.561214682171231
541.6916916916917 0.563019386685868
541.941941941942 0.5647712975431292
542.1921921921922 0.5664696051735618
542.4424424424425 0.5681135187282987
542.6926926926927 0.5697022665352639
542.942942942943 0.5712350965451759
543.1931931931932 0.5727112767669755
543.4434434434435 0.5741300956923105
543.6936936936937 0.5754908627087203
543.943943943944 0.5767929085011705
544.1941941941942 0.5780355854416003
544.4444444444445 0.5792182679661472
544.6946946946947 0.5803403529397315
544.944944944945 0.5814012600076892
545.1951951951952 0.5824004319341518
545.4454454454454 0.5833373349268838
545.6956956956957 0.5842114589482994
545.9459459459459 0.5850223180123927
546.1961961961962 0.5857694504673215
546.4464464464464 0.5864524192634075
546.6966966966967 0.5870708122063159
546.9469469469469 0.587624242195199
547.1971971971973 0.5881123474455984
547.4474474474475 0.588534791696907
547.6976976976978 0.5888912644042221
547.947947947948 0.5891814809144105
548.1981981981983 0.5894051826262411
548.4484484484485 0.5895621371344456
548.6986986986988 0.589652138357577
548.948948948949 0.5896750066495606
549.1991991991993 0.5896305888948377
549.4494494494495 0.5895187585870186
549.6996996996997 0.5893394158909814
549.94994994995 0.5890924876883558
550.2002002002002 0.5887779276063587
550.4504504504505 0.5883957160299554
550.7007007007007 0.5879458600973333
550.950950950951 0.5874283936786981
551.2012012012012 0.5868433773384065
551.4514514514515 0.5861908982804729
551.7017017017017 0.5854710702774959
551.951951951952 0.5846840335830698
552.2022022022022 0.5838299548277546
552.4524524524525 0.5829090268987023
552.7027027027027 0.5819214688030376
552.952952952953 0.5808675255151189
553.2032032032032 0.5797474678078107
553.4534534534534 0.5785615920679156
553.7037037037037 0.577310220095928
553.9539539539539 0.5759936988902833
554.2042042042042 0.5746124004162907
554.4544544544544 0.573166721359952
554.7047047047047 0.5716570828668796
554.9549549549549 0.5700839302665398
555.2052052052052 0.5684477327820621
555.4554554554554 0.5667489832258636
555.7057057057057 0.5649881976813532
555.9559559559559 0.5631659151709885
556.2062062062062 0.5612826973109721
556.4564564564564 0.5593391279528845
556.7067067067067 0.5573358128125587
556.956956956957 0.5552733790865135
557.2072072072073 0.5531524750562814
557.4574574574575 0.550973769680949
557.7077077077078 0.548737952178278
557.957957957958 0.5464457315947471
558.2082082082082 0.5440978363648812
558.4584584584585 0.5416950138602425
558.7087087087087 0.5392380299284576
558.958958958959 0.5367276684226694
559.2092092092092 0.5341647307218061
559.4594594594595 0.5315500352420656
559.7097097097097 0.5288844169400209
559.95995995996 0.5261687268077582
560.2102102102102 0.5234038313604596
560.4604604604605 0.5205906121168563
560.7107107107107 0.5177299650729712
560.960960960961 0.5148228001695822
561.2112112112112 0.511870040753838
561.4614614614615 0.5088726230354583
561.7117117117117 0.5058314955379574
561.961961961962 0.5027476185453281
562.2122122122122 0.49962196354462934
562.4624624624624 0.49645551266491283
562.7127127127128 0.4932492581129364
562.962962962963 0.4900042016061088
563.2132132132133 0.4867213538030891
563.4634634634635 0.4834017337325097
563.7137137137138 0.48004636822024155
563.963963963964 0.4766562913156475
564.2142142142143 0.4732325437172604
564.4644644644645 0.4697761721983175
564.7147147147148 0.4662882290325844
564.964964964965 0.46276977142089426
565.2152152152153 0.45922186091882816
565.4654654654655 0.455645562865955
565.7157157157158 0.45204194581704726
565.965965965966 0.448412080975684
566.2162162162163 0.44475704163064433
566.4664664664665 0.4410779025954941
566.7167167167167 0.4373757396517581
566.966966966967 0.43365162899606524
567.2172172172172 0.42990664669164935
567.4674674674675 0.42614186812457805
567.7177177177177 0.42235836746507815
567.967967967968 0.4185572171343156
568.2182182182182 0.41473948727698207
568.4684684684685 0.4109062452400325
568.7187187187187 0.40705855505790633
568.968968968969 0.4031974769445613
569.2192192192192 0.399324066792635
569.4694694694695 0.39543937568004384
569.7197197197197 0.3915444493843182
569.96996996997 0.38764032790496217
570.2202202202202 0.3837280449941181
570.4704704704704 0.37980862769580587
570.7207207207207 0.37588309589399516
570.9709709709709 0.3719524618697612
571.2212212212212 0.36801772986776193
571.4714714714714 0.364079895672264
571.7217217217217 0.3601399461929379
571.9719719719719 0.35619885906062443
572.2222222222222 0.35225760223327296
572.4724724724725 0.34831713361223116
572.7227227227228 0.34437840066907177
572.972972972973 0.3404423400830932
573.2232232232233 0.33650987738967997
573.4734734734735 0.332581926639637
573.7237237237238 0.3286593900696385
573.973973973974 0.32474315778390633
574.2242242242243 0.3208341074472267
574.4744744744745 0.3169331039893984
574.7247247247248 0.31304099932120055
574.974974974975 0.30915863206195004
575.2252252252252 0.3052868272787148
575.4754754754755 0.30142639623723116
575.7257257257257 0.2975781361645695
575.975975975976 0.29374283002357615
576.2262262262262 0.28992124629911165
576.4764764764765 0.2861141387960947
576.7267267267267 0.28232224644935056
576.976976976977 0.2785462931452512
577.2272272272272 0.27478698755512676
577.4774774774775 0.2710450229804154
577.7277277277277 0.2673210772095109
577.977977977978 0.26361581238625675
578.2282282282283 0.25992987489002306
578.4784784784786 0.25626389522730886
578.7287287287288 0.25261848793476377
578.9789789789791 0.2489942514935751
579.2292292292293 0.24539176825509987
579.4794794794796 0.24181160437764532
579.7297297297298 0.23825430977428458
579.97997997998 0.2347204180715855
580.2302302302303 0.23121044657912415
580.4804804804805 0.22772489626964665
580.7307307307308 0.22426425176973605
580.980980980981 0.22082898136083315
581.2312312312313 0.21741953699045447
581.4814814814815 0.21403635429344323
581.7317317317318 0.21067985262308342
581.981981981982 0.20735043509190118
582.2322322322323 0.20404848862197147
582.4824824824825 0.2007743840045428
582.7327327327328 0.1975284759687888
582.982982982983 0.19431110325948758
583.2332332332332 0.19112258872342924
583.4834834834835 0.1879632394043437
583.7337337337337 0.18483334664613996
583.983983983984 0.18173318620424161
584.2342342342342 0.17866301836480256
584.4844844844845 0.17562308807158125
584.7347347347347 0.17261362506024971
584.984984984985 0.16963484399991174
585.2352352352352 0.16668694464160133
585.4854854854855 0.16377011197352953
585.7357357357357 0.16088451638284854
585.985985985986 0.15803031382369678
586.2362362362362 0.15520764599129083
586.4864864864865 0.1524166405018263
586.7367367367367 0.14965741107795
586.986986986987 0.14693005773956597
587.2372372372372 0.1442346669997352
587.4874874874874 0.14157131206543183
587.7377377377377 0.13894005304291593
587.987987987988 0.1363409371474841
588.2382382382383 0.13377399891736727
588.4884884884885 0.1312392604315207
588.7387387387388 0.12873673153109438
588.988988988989 0.12626641004433142
589.2392392392393 0.1238282820146685
589.4894894894895 0.12142232193180563
589.7397397397398 0.11904849296551566
589.98998998999 0.11670674720196633
590.2402402402403 0.11439702588232935
590.4904904904905 0.11211925964345347
590.7407407407408 0.10987336876038208
590.990990990991 0.10765926339049679
591.2412412412413 0.1054768438190736
591.4914914914915 0.10332600070603914
591.7417417417417 0.10120661533371961
591.991991991992 0.0991185598553769
592.2422422422422 0.09706169754433118
592.4924924924925 0.09503588304347135
592.7427427427427 0.09304096261496049
592.992992992993 0.0910767743899452
593.2432432432432 0.08914314861808319
593.4934934934935 0.08723990791670719
593.7437437437438 0.08536686751944603
593.9939939939941 0.08352383552413455
594.2442442442443 0.08171061313983052
594.4944944944946 0.0799269949327904
594.7447447447448 0.07817276907123095
594.9949949949951 0.0764477175687258
595.2452452452453 0.07475161652608499
595.4954954954956 0.07308423637157122
595.7457457457458 0.07144534209930994
595.995995995996 0.06983469350575743
596.2462462462463 0.06825204542409305
596.4964964964965 0.0666971479564092
596.7467467467468 0.06516974670357556
596.996996996997 0.06366958299265937
597.2472472472473 0.062196394101789426
597.4974974974975 0.0607499134823543
597.7477477477478 0.059329870978431856
597.997997997998 0.05793599304335162
598.2482482482483 0.05656800295329505
598.4984984984985 0.055225621017845325
598.7487487487488 0.0539085647874022
598.998998998999 0.05261654925738151
599.2492492492493 0.051349287069125255
599.4994994994995 0.05010648870745103
599.7497497497498 0.04888786269477568
600.0 0.04769311578175155
