350.0 0.6592406302004438
350.25025025025025 0.6619890481951796
350.5005005005005 0.664735047996607
350.75075075075074 0.6674785046913895
351.001001001001 0.6702192930089386
351.25125125125123 0.6729572873304214
351.5015015015015 0.6756923616978405
351.7517517517517 0.6784243898231881
352.00200200200203 0.6811532450976707
352.2522522522523 0.6838788006010036
352.5025025025025 0.6866009291107803
352.75275275275277 0.6893195031119053
353.003003003003 0.6920343948060982
353.25325325325326 0.6947454761214646
353.5035035035035 0.6974526187221338
353.75375375375376 0.7001556940179609
354.004004004004 0.7028545731742942
354.25425425425425 0.7055491271218067
354.5045045045045 0.7082392265663884
354.75475475475474 0.7109247419991015
355.005005005005 0.7136055437061962
355.25525525525524 0.7162815017791854
355.5055055055055 0.7189524861249771
355.75575575575573 0.7216183664760669
356.00600600600603 0.724279012400784
356.2562562562563 0.7269342933135922
356.5065065065065 0.7295840784854498
356.7567567567568 0.7322282370542166
357.007007007007 0.7348666380351163
357.25725725725727 0.7374991503312488
357.5075075075075 0.7401256427441526
357.75775775775776 0.7427459839844153
358.008008008008 0.7453600426823317
358.25825825825825 0.7479676873986085
358.5085085085085 0.7505687866351133
358.75875875875874 0.7531632088456681
359.009009009009 0.7557508224468854
359.25925925925924 0.7583314958290455
359.5095095095095 0.7609050973670141
359.75975975975973 0.7634714954311991
360.01001001001003 0.7660305583985456
360.2602602602603 0.7685821546635645
360.5105105105105 0.7711261526494023
360.7607607607608 0.7736624208189389
361.011011011011 0.7761908276859206
361.26126126126127 0.7787112418261257
361.5115115115115 0.7812235318885573
361.76176176176176 0.7837275666066678
362.012012012012 0.7862232148096089
362.26226226226225 0.7887103454335092
362.5125125125125 0.7911888275327751
362.76276276276275 0.7936585302914168
363.013013013013 0.7961193230343951
363.26326326326324 0.7985710752389903
363.5135135135135 0.8010136565461894
363.7637637637638 0.8034469367720926
364.01401401401404 0.8058707859193329
364.2642642642643 0.8082850741885187
364.51451451451453 0.8106896719896813
364.7647647647648 0.8130844499537415
365.015015015015 0.8154692789439837
365.26526526526527 0.8178440300675416
365.5155155155155 0.8202085746868915
365.76576576576576 0.8225627844313524
366.016016016016 0.8249065312085925
366.26626626626626 0.8272396872161377
366.5165165165165 0.8295621249528858
366.76676676676675 0.8318737172306184
367.017017017017 0.8341743371855156
367.26726726726724 0.8364638582896673
367.5175175175175 0.8387421543625811
367.7677677677678 0.8410090995826879
368.01801801801804 0.8432645684988364
368.2682682682683 0.8455084360417879
368.51851851851853 0.8477405775356945
368.7687687687688 0.8499608687095709
369.019019019019 0.8521691857087539
369.2692692692693 0.8543654051063473
369.5195195195195 0.8565494039146531
369.76976976976977 0.8587210595965856
370.02002002002 0.860880250077069
370.27027027027026 0.8630268537544136
370.5205205205205 0.8651607495116732
370.77077077077075 0.8672818167279793
371.021021021021 0.8693899352898521
371.2712712712713 0.8714849856024859
371.52152152152155 0.8735668486010071
371.7717717717718 0.8756354057617068
372.02202202202204 0.877690539113241
372.2722722722723 0.8797321312478003
372.52252252252254 0.8817600653322482
372.7727727727728 0.8837742251192241
373.02302302302303 0.8857744949582118
373.2732732732733 0.8877607598065702
373.5235235235235 0.8897329052405256
373.77377377377377 0.8916908174661254
374.024024024024 0.8936343833301484
374.27427427427426 0.8955634903309743
374.5245245245245 0.8974780266294067
374.77477477477476 0.8993778810594528
375.025025025025 0.9012629431390545
375.27527527527525 0.9031331030807703
375.52552552552555 0.9049882518024094
375.7757757757758 0.9068282809376101
376.02602602602605 0.9086530828463717
376.2762762762763 0.9104625506255253
376.52652652652654 0.9122565781191531
376.7767767767768 0.9140350599289488
377.02702702702703 0.9157978914245202
377.2772772772773 0.9175449687536305
377.5275275275275 0.9192761888523796
377.77777777777777 0.9209914494553221
378.028028028028 0.92269064910552
378.27827827827826 0.9243736871645317
378.5285285285285 0.9260404638223326
378.77877877877876 0.9276908801071679
379.02902902902906 0.9293248378953357
379.2792792792793 0.9309422399208981
379.52952952952955 0.9325429897853218
379.7797797797798 0.934126991967044
380.03003003003005 0.9356941518309619
380.2802802802803 0.9372443756378487
380.53053053053054 0.9387775705536884
380.7807807807808 0.9402936446589354
381.03103103103103 0.94179250695769
381.2812812812813 0.943274067386796
381.5315315315315 0.9447382368248524
381.7817817817818 0.946184927101143
382.032032032032 0.9476140510044794
382.28228228228227 0.9490255222919585
382.5325325325325 0.9504192556976312
382.78278278278276 0.9517951669410827
383.033033033033 0.953153172735922
383.2832832832833 0.9544931907981813
383.53353353353356 0.95581513985462
383.7837837837838 0.9571189396509382
384.03403403403405 0.9584045109598931
384.2842842842843 0.95967177558932
384.53453453453454 0.9609206563900556
384.7847847847848 0.9621510772637638
385.03503503503504 0.9633629631706607
385.2852852852853 0.9645562401371406
385.53553553553553 0.9657308352632991
385.7857857857858 0.9668866767303534
386.036036036036 0.9680236938079608
386.28628628628627 0.9691418168614288
386.5365365365365 0.9702409773588229
386.7867867867868 0.9713211078779656
387.03703703703707 0.9723821421133272
387.2872872872873 0.9734240148828096
387.53753753753756 0.9744466621344186
387.7877877877878 0.9754500209528253
388.03803803803805 0.9764340295658172
388.2882882882883 0.9773986273506354
388.53853853853855 0.9783437548401988
388.7887887887888 0.9792693537292135
389.03903903903904 0.9801753668801669
389.2892892892893 0.9810617383292062
389.53953953953953 0.9819284132918986
389.7897897897898 0.982775338168875
390.04004004004 0.9836024605513539
390.2902902902903 0.9844097292265468
390.5405405405405 0.9851970941829421
390.79079079079077 0.9859645066154691
391.04104104104107 0.9867119189305398
391.2912912912913 0.9874392847509675
391.54154154154156 0.9881465589207638
391.7917917917918 0.9888336975098097
392.04204204204206 0.9895006578184039
392.2922922922923 0.9901473983816845
392.54254254254255 0.9907738789739258
392.7927927927928 0.9913800606127071
393.04304304304304 0.9919659055629568
393.2932932932933 0.9925313773408664
393.54354354354354 0.9930764407176773
393.7937937937938 0.9936010617233388
394.044044044044 0.994105207650037
394.2942942942943 0.9945888470555923
394.5445445445446 0.995051949766729
394.7947947947948 0.9954944868822112
395.0450450450451 0.9959164307758503
395.2952952952953 0.9963177550993787
395.54554554554556 0.9966984347851916
395.7957957957958 0.9970584460489574
396.04604604604606 0.997397766392094
396.2962962962963 0.9977163746041116
396.54654654654655 0.998014250764824
396.7967967967968 0.9982913762464223
397.04704704704704 0.9985477337154183
397.2972972972973 0.9987833071344503
397.54754754754754 0.9989980817639558
397.7977977977978 0.9991920441637078
398.04804804804803 0.999365182194218
398.2982982982983 0.9995174850180012
398.5485485485485 0.9996489431007082
398.7987987987988 0.9997595482121184
399.0490490490491 0.999849293427
399.2992992992993 0.9999181731258323
399.54954954954957 0.9999661829953922
399.7997997997998 0.9999933200292044
400.05005005005006 0.9999995825278551
400.3003003003003 0.9999849700991699
400.55055055055055 0.9999494836582541
400.8008008008008 0.9998931254273977
401.05105105105105 0.9998158989358434
401.3013013013013 0.9997178090194184
401.55155155155154 0.9995988618200297
401.8018018018018 0.9994590647850231
402.05205205205203 0.9992984266664064
402.30230230230234 0.9991169575199362
402.5525525525526 0.9989146687040689
402.80280280280283 0.9986915728787755
403.0530530530531 0.9984476840042221
403.3033033033033 0.9981830173393131
403.55355355355357 0.9978975894401009
403.8038038038038 0.9975914181580594
404.05405405405406 0.9972645226382243
404.3043043043043 0.9969169233171966
404.55455455455456 0.9965486419210148
404.8048048048048 0.9961597014628907
405.05505505505505 0.9957501262408136
405.3053053053053 0.9953199418350203
405.55555555555554 0.9948691751053323
405.8058058058058 0.9943978541883621
406.05605605605604 0.9939060084945847
406.3063063063063 0.99339366870528
406.5565565565566 0.9928608667693439
406.80680680680683 0.9923076358999668
407.0570570570571 0.9917340105711847
407.3073073073073 0.9911400265142977
407.5575575575576 0.9905257207141619
407.8078078078078 0.9898911314053518
408.05805805805807 0.9892362980681936
408.3083083083083 0.9885612614246728
408.55855855855856 0.9878660634342141
408.8088088088088 0.9871507472893345
409.05905905905905 0.9864153574111718
409.3093093093093 0.9856599394448875
409.55955955955955 0.9848845402549458
409.8098098098098 0.9840892079202685
410.0600600600601 0.9832739917292673
410.31031031031034 0.9824389421747542
410.5605605605606 0.9815841109487297
410.81081081081084 0.9807095509370507
411.0610610610611 0.9798153162139787
411.31131131131133 0.9789014620366087
411.5615615615616 0.9779680448391797
411.8118118118118 0.9770151222272675
412.06206206206207 0.976042752971861
412.3123123123123 0.9750509970033234
412.56256256256256 0.9740399154052369
412.8128128128128 0.9730095704081351
413.06306306306305 0.9719600253831205
413.3133133133133 0.9708913448353718
413.56356356356355 0.9698035943975375
413.8138138138138 0.9686968408230217
414.06406406406404 0.9675711519791586
414.3143143143143 0.9664265968402793
414.5645645645646 0.9652632454806712
414.81481481481484 0.9640811690674321
415.0650650650651 0.962880439853216
415.31531531531533 0.9616611311688776
415.5655655655656 0.9604233174160127
415.8158158158158 0.959167074059395
416.06606606606607 0.9578924776193143
416.3163163163163 0.9565996056638119
416.56656656656656 0.9552885368008196
416.8168168168168 0.9539593506701994
417.06706706706706 0.9526121279356872
417.3173173173173 0.95124695027674
417.5675675675676 0.9498639003802908
417.81781781781785 0.9484630619324089
418.0680680680681 0.9470445196098675
418.31831831831835 0.9456083590716227
418.5685685685686 0.9441546669502009
418.81881881881884 0.9426835308429995
419.0690690690691 0.9411950393034993
419.31931931931933 0.939689281832392
419.5695695695696 0.9381663488686217
419.8198198198198 0.9366263317803455
420.0700700700701 0.9350693228558092
420.3203203203203 0.933495415294145
420.57057057057057 0.9319047031960874
420.8208208208208 0.9302972815546123
421.07107107107106 0.9286732462455
421.3213213213213 0.9270326940178202
421.57157157157155 0.9253757224843455
421.8218218218218 0.9237024301118916
422.07207207207205 0.9220129162115837
422.32232232232235 0.9203072809290563
422.5725725725726 0.9185856252345838
422.82282282282284 0.9168480509131396
423.0730730730731 0.9150946605543955
423.32332332332334 0.9133255575426522
423.5735735735736 0.911540846046709
423.82382382382383 0.9097406310096706
424.0740740740741 0.9079250181386949
424.3243243243243 0.9060941138946801
424.57457457457457 0.9042480254818972
424.8248248248248 0.9023868608375646
425.07507507507506 0.9005107286213683
425.32532532532537 0.89861973820493
425.5755755755756 0.8967139996612254
425.82582582582586 0.8947936237539474
426.0760760760761 0.8928587219268258
426.32632632632635 0.8909094062928979
426.5765765765766 0.8889457896237344
426.82682682682685 0.8869679853386193
427.0770770770771 0.8849761074936907
427.32732732732734 0.8829702707710372
427.5775775775776 0.8809505904677573
427.82782782782783 0.878917182484979
428.0780780780781 0.8768701633168449
428.3283283283283 0.8748096500394609
428.5785785785786 0.8727357602998123
428.8288288288288 0.8706486123046479
429.07907907907907 0.8685483248093341
429.3293293293293 0.8664350171066801
429.57957957957956 0.864308809015736
429.8298298298298 0.8621698208705662
430.08008008008005 0.8600181735089965
430.33033033033036 0.8578539882613417
430.5805805805806 0.8556773869391119
430.83083083083085 0.853488491823696
431.0810810810811 0.8512874256550328
431.33133133133134 0.8490743116202619
431.5815815815816 0.8468492733423628
431.83183183183183 0.8446124348687798
432.0820820820821 0.8423639206600352
432.3323323323323 0.8401038555783341
432.5825825825826 0.8378323648761608
432.8328328328328 0.8355495741848673
433.0830830830831 0.8332556095032587
433.33333333333337 0.8309505971861763
433.5835835835836 0.8286346639330738
433.83383383383386 0.8263079367766005
434.0840840840841 0.8239705430711816
434.33433433433436 0.8216226104816021
434.5845845845846 0.8192642669715979
434.83483483483485 0.8168956407924511
435.0850850850851 0.8145168604715941
435.33533533533534 0.8121280548012236
435.5855855855856 0.8097293528269266
435.83583583583584 0.8073208838363181
436.0860860860861 0.8049027773476944
436.33633633633633 0.8024751630987028
436.5865865865866 0.8000381710350293
436.8368368368368 0.7975919312991048
437.08708708708707 0.7951365742188347
437.3373373373373 0.7926722302963494
437.58758758758756 0.7901990301967807
437.8378378378378 0.7877171047370642
438.0880880880881 0.7852265848747694
438.33833833833836 0.7827276016969604
438.5885885885886 0.780220286409086
438.83883883883885 0.7777047703239046
439.0890890890891 0.7751811848504431
439.33933933933935 0.7726496614829921
439.5895895895896 0.7701103317901395
439.83983983983984 0.767563327403844
440.0900900900901 0.7650087800085488
440.34034034034033 0.7624468213303399
440.5905905905906 0.7598775831261491
440.8408408408409 0.7573011971730017
441.09109109109113 0.7547177952573174
441.3413413413414 0.7521275091642534
441.5915915915916 0.749530470667107
441.84184184184187 0.7469268115167668
442.0920920920921 0.744316663431221
442.34234234234236 0.7417001580851231
442.5925925925926 0.7390774270994144
442.84284284284286 0.7364486020310083
443.0930930930931 0.7338138143625369
443.34334334334335 0.7311731954921618
443.5935935935936 0.7285268767234484
443.84384384384384 0.7258749892553111
444.0940940940941 0.7232176641720253
444.34434434434434 0.720555032433311
444.5945945945946 0.7178872248644902
444.84484484484483 0.715214372146718
445.0950950950951 0.7125366048072909
445.3453453453453 0.7098540532100319
445.59559559559557 0.7071668475457584
445.8458458458459 0.7044751178228287
446.0960960960961 0.701778993857777
446.34634634634637 0.6990786052660273
446.5965965965966 0.6963740814527013
446.84684684684686 0.6936655516035121
447.0970970970971 0.69095314467575
447.34734734734735 0.6882369893893615
447.5975975975976 0.6855172142181231
447.84784784784785 0.6827939473809116
448.0980980980981 0.6800673168330741
448.34834834834834 0.677337450257898
448.59859859859864 0.674604475058183
448.8488488488489 0.6718685183479209
449.09909909909913 0.6691297069440756
449.3493493493494 0.6663881673584776
449.5995995995996 0.6636440257898258
449.8498498498499 0.6608974081158028
450.1001001001001 0.6581484398853029
450.35035035035037 0.6553972463107781
450.6006006006006 0.6526439522607014
450.85085085085086 0.6498886822521504
451.1011011011011 0.6471315604435136
451.35135135135135 0.6443727106273199
451.6016016016016 0.6416122562231956
451.85185185185185 0.6388503202709485
452.1021021021021 0.6360870254237831
452.35235235235234 0.6333224939416481
452.6026026026026 0.630556847684717
452.85285285285283 0.6277902081070073
453.1031031031031 0.6250226962501355
453.3533533533533 0.6222544327372159
453.60360360360363 0.6194855377668976
453.8538538538539 0.6167161311075517
454.1041041041041 0.6139463320915987
454.35435435435437 0.61117625960999
454.6046046046046 0.6084060321068381
454.85485485485486 0.6056357675741993
455.1051051051051 0.6028655835470126
455.35535535535536 0.6000955970981937
455.6056056056056 0.5973259248338905
455.85585585585585 0.5945566828888981
456.1061061061061 0.5917879869222377
456.3563563563564 0.5890199521128994
456.60660660660665 0.5862526931557568
456.8568568568569 0.5834863242576432
457.10710710710714 0.5807209591336071
457.3573573573574 0.5779567110033362
457.60760760760763 0.5751936925877592
457.8578578578579 0.5724320161058235
458.1081081081081 0.5696717932714543
458.3583583583584 0.5669131352906928
458.6086086086086 0.5641561528590194
458.85885885885887 0.5614009561588622
459.1091091091091 0.558647654857292
459.35935935935936 0.5558963581039061
459.6096096096096 0.5531471745289056
459.85985985985985 0.5504002122413616
460.1101101101101 0.5476555788276802
460.36036036036035 0.54491338135026
460.6106106106106 0.5421737263463519
460.86086086086084 0.5394367198271147
461.1111111111111 0.536702467276876
461.3613613613614 0.5339710736525931
461.61161161161164 0.5312426433835228
461.8618618618619 0.5285172803710917
462.11211211211213 0.5257950879889801
462.3623623623624 0.523076169083412
462.6126126126126 0.5203606259736574
462.86286286286287 0.517648560452745
463.1131131131131 0.5149400737883894
463.36336336336336 0.5122352667241334
463.6136136136136 0.5095342394807046
463.86386386386386 0.5068370917575885
464.11411411411416 0.504143922734821
464.3643643643644 0.5014548310750001
464.61461461461465 0.49876991492551254
464.8648648648649 0.4960892719209858
465.11511511511515 0.49341299918595866
465.3653653653654 0.4907411933377737
465.61561561561564 0.48807395048969077
465.8658658658659 0.48541136625422454
466.11611611611613 0.48275353574670304
466.3663663663664 0.48010055358904924
466.6166166166166 0.47745251391378596
466.86686686686687 0.47480951036826247
467.1171171171171 0.47217163611910457
467.36736736736736 0.4695389838568856
467.6176176176176 0.4669116458010202
467.86786786786786 0.46428971370487787
468.1181181181181 0.4616732788611179
468.36836836836835 0.45906243210724285
468.6186186186186 0.4564572638313705
468.86886886886884 0.45385786397822336
469.11911911911915 0.45126432205533235
469.3693693693694 0.44867672713945844
469.61961961961964 0.4460951678832203
469.8698698698699 0.44351973252193855
470.12012012012013 0.44095050888068593
470.3703703703704 0.43838758438154324
470.6206206206206 0.43583104605106043
470.8708708708709 0.4332809805279173
471.1211211211211 0.43073747407078383
471.37137137137137 0.4282006125663746
471.6216216216216 0.42567048153769593
471.8718718718719 0.42314716615247977
472.12212212212216 0.4206307512318068
472.3723723723724 0.418121321258903
472.62262262262266 0.41561896038811863
472.8728728728729 0.413123752454078
473.12312312312315 0.4106357809809953
473.3733733733734 0.4081551291921539
473.62362362362364 0.4056818800195436
473.8738738738739 0.4032161161136483
474.12412412412414 0.40075791985338155
474.3743743743744 0.39830737335616134
474.62462462462463 0.39586455848811963
474.8748748748749 0.39342955687443865
475.1251251251251 0.39100244990980915
475.37537537537537 0.3885833187690014
475.6256256256256 0.3861722444175428
475.87587587587586 0.3837693076224951
476.1261261261261 0.38137458896332105
476.37637637637636 0.3789881688428345
476.6266266266266 0.3766101274982247
476.8768768768769 0.3742405450121447
477.12712712712715 0.37187950132385916
477.3773773773774 0.3695270762404325
477.62762762762765 0.3671833494479605
477.8778778778779 0.36484840052282497
478.12812812812814 0.36252230894296655
478.3783783783784 0.36020515409916165
478.62862862862863 0.35789701530629564
478.8788788788789 0.35559797181461883
479.1291291291292 0.35330810282097336
479.37937937937943 0.3510274874799832
479.6296296296297 0.34875620491518594
479.8798798798799 0.34649433423010484
480.13013013013017 0.3442419545192406
480.3803803803804 0.34199914487897226
480.63063063063066 0.3397659844183531
480.8808808808809 0.33754255226978863
481.13113113113116 0.33532892759958133
481.3813813813814 0.3331251896183288
481.63163163163165 0.3309314175911599
481.8818818818819 0.3287476908477933
482.13213213213214 0.32657408879240524
482.3823823823824 0.3244106909132881
482.63263263263264 0.3222575767922863
482.8828828828829 0.3201148261139916
483.13313313313313 0.3179825186746827
483.3833833833834 0.31586073439099144
483.6336336336336 0.3137495533082795
483.88388388388387 0.31164905560870776
484.1341341341341 0.3095593216189813
484.38438438438436 0.30748043181775225
484.6346346346346 0.3054124668426628
484.88488488488485 0.3033555074970098
485.13513513513516 0.3013096347560134
485.3853853853854 0.2992749297726722
485.63563563563565 0.2972514738831817
485.8858858858859 0.2952393486119038
486.13613613613614 0.29323863567586506
486.3863863863864 0.2912494169887631
486.63663663663664 0.28927177466446585
486.88688688688694 0.2873057910199801
487.1371371371372 0.2853515485778767
487.38738738738743 0.28340913006814183
487.6376376376377 0.2814786184294477
487.8878878878879 0.2795600968098146
488.1381381381382 0.2776536485666471
488.3883883883884 0.27575935726612605
488.63863863863867 0.27387730668193544
488.8888888888889 0.2720075807933056
489.13913913913916 0.27015026378235235
489.3893893893894 0.2683054400306943
489.63963963963965 0.2664731941153272
489.8898898898899 0.26465361080373895
490.14014014014015 0.2628467750482428
490.3903903903904 0.26105277197951354
490.64064064064064 0.2592716868993055
490.8908908908909 0.25750360527233607
491.14114114114113 0.25574861271731447
491.3913913913914 0.2540067949971006
491.6416416416416 0.25227823800797383
491.8918918918919 0.2505630277679964
492.1421421421421 0.24886125040445417
492.39239239239237 0.2471729921403572
492.6426426426426 0.24549833927998588
492.8928928928929 0.24383737819346535
493.14314314314316 0.2421901953003556
493.3933933933934 0.24055687705223672
493.64364364364366 0.23893750991428356
493.8938938938939 0.2373321803458097
494.14414414414415 0.23574097477976938
494.3943943943944 0.23416397960120647
494.6446446446447 0.23260128112463643
494.89489489489495 0.23105296557035293
495.1451451451452 0.22951911903964414
495.39539539539544 0.22799982748891418
495.6456456456457 0.22649517670269725
495.89589589589593 0.2250052522655575
496.1461461461462 0.22353013953286668
496.3963963963964 0.22206992360045344
496.6466466466467 0.22062468927311865
496.8968968968969 0.21919452103201112
497.14714714714717 0.21777950300086085
497.3973973973974 0.2163797189110661
497.64764764764766 0.21499525206563286
497.8978978978979 0.2136261853019648
498.14814814814815 0.2122726009535057
498.3983983983984 0.21093458081023292
498.64864864864865 0.20961220607800615
498.8988988988989 0.20830555733677422
499.14914914914914 0.20701471449764342
499.3993993993994 0.20573975675881515
499.64964964964963 0.20448076256039702
499.8998998998999 0.2032378095380979
500.1501501501501 0.20201097447581412
500.4004004004004 0.20080033325711932
500.6506506506507 0.19960596081566742
500.9009009009009 0.1984279310845251
501.15115115115117 0.1972663169444432
501.4014014014014 0.19612119017108803
501.65165165165166 0.19499262138124712
501.9019019019019 0.19388067997802677
502.15215215215215 0.19278543409506393
502.40240240240246 0.19170695053977063
502.6526526526527 0.19064529473563752
502.90290290290295 0.1896005306636146
503.1531531531532 0.1885727208026013
503.40340340340344 0.18756192606906782
503.6536536536537 0.1865682057558382
503.90390390390394 0.18559161747006447
504.1541541541542 0.1846322170704226
504.40440440440443 0.1836900586035637
504.6546546546547 0.1827651942398542
504.9049049049049 0.18185767420843973
505.15515515515517 0.18096754673167129
505.4054054054054 0.1800948579589303
505.65565565565566 0.17923965189989396
505.9059059059059 0.17840197035728114
506.15615615615616 0.17758185285912187
506.4064064064064 0.17677933659059408
506.65665665665665 0.17599445632547378
506.9069069069069 0.17522724435724513
507.15715715715714 0.17447773042991777
507.4074074074074 0.17374594166860285
507.65765765765764 0.1730319025098962
507.9079079079079 0.17233563463212276
508.15815815815813 0.17165715688549454
508.40840840840843 0.17099648522223676
508.6586586586587 0.17035363262673928
508.9089089089089 0.16972860904578707
509.1591591591592 0.16912142131893265
509.4094094094094 0.16853207310906507
509.65965965965967 0.167960564833239
509.9099099099099 0.16740689359382355
510.16016016016016 0.16687105311003336
510.41041041041046 0.16635303364990625
510.6606606606607 0.16585282196279044
510.91091091091096 0.16537040121240634
511.1611611611612 0.16490575091054985
511.41141141141145 0.16445884685150297
511.6616616616617 0.16402966104721853
511.91191191191194 0.16361816166334836
512.1621621621622 0.16322431295618145
512.4124124124124 0.16284807521056355
512.6626626626627 0.16248940467886522
512.9129129129129 0.16214825352107026
513.1631631631632 0.16182456974605333
513.4134134134134 0.16151829715411847
513.6636636636637 0.16122937528086842
513.9139139139139 0.16095773934247576
514.1641641641642 0.16070332018242736
514.4144144144144 0.16046604421981242
514.6646646646647 0.16024583339922593
514.9149149149149 0.16004260514235658
515.1651651651651 0.15985627230133237
515.4154154154154 0.15968674311389092
515.6656656656656 0.15953392116044762
515.9159159159159 0.15939770532312839
516.1661661661662 0.1592779897468374
516.4164164164165 0.1591746638024284
516.6666666666667 0.15908761205204508
516.916916916917 0.15901671421670072
517.1671671671672 0.15896184514615974
517.4174174174175 0.15892287479118894
517.6676676676677 0.15889966817824042
517.917917917918 0.15889208538663088
518.1681681681682 0.158899981528278
518.4184184184185 0.15892320673005467
518.6686686686687 0.15896160611882076
518.918918918919 0.15901501980918986
519.1691691691692 0.15908328289408702
519.4194194194195 0.1591662254381529
519.6696696696697 0.15926367247404694
519.91991991992 0.1593754440017009
520.1701701701702 0.1595013549905721
520.4204204204204 0.15964121538494475
520.6706706706707 0.1597948301123236
520.9209209209209 0.15996199909496506
521.1711711711712 0.16014251726458573
521.4214214214214 0.1603361745802886
521.6716716716717 0.16054275604974358
521.9219219219219 0.16076204175365652
522.1721721721722 0.16099380687355974
522.4224224224224 0.16123782172295287
522.6726726726727 0.1614938517818216
522.9229229229229 0.16176165773455917
523.1731731731732 0.16204099551131168
523.4234234234234 0.16233161633276683
523.6736736736736 0.16263326675840256
523.9239239239239 0.16294568873820844
524.1741741741741 0.16326861966789108
524.4244244244244 0.1636017924475706
524.6746746746746 0.16394493554397305
524.9249249249249 0.16429777305612042
525.1751751751751 0.16466002478451647
525.4254254254254 0.1650314063038239
525.6756756756756 0.16541162903902515
525.925925925926 0.16580040034505567
526.1761761761762 0.16619742358989478
526.4264264264265 0.16660239824109913
526.6766766766767 0.1670150199557544
526.926926926927 0.16743498067382423
527.1771771771772 0.1678619687148672
527.4274274274275 0.16829566887809252
527.6776776776777 0.16873576254571968
527.927927927928 0.1691819277896046
528.1781781781782 0.16963383948109273
528.4284284284284 0.1700911694040536
528.6786786786787 0.17055358637105117
528.9289289289289 0.1710207563425977
529.1791791791792 0.17149234254943924
529.4294294294294 0.17196800561781325
529.6796796796797 0.1724474036976203
529.9299299299299 0.1729301925934442
530.1801801801802 0.17341602589835492
530.4304304304304 0.17390455513042405
530.6806806806807 0.17439542987187925
530.9309309309309 0.17488829791082178
531.1811811811812 0.1753828053854279
531.4314314314314 0.1758785969305518
531.6816816816818 0.17637531582664465
531.931931931932 0.17687260415090117
532.1821821821823 0.17737010293054545
532.4324324324325 0.1778674522981582
532.6826826826828 0.17836429164895218
532.932932932933 0.1788602597998964
533.1831831831832 0.17935499515058592
533.4334334334335 0.17984813584575574
533.6836836836837 0.18033931993933017
533.933933933934 0.1808281855599008
534.1841841841842 0.18131437107752102
534.4344344344345 0.18179751527170476
534.6846846846847 0.18227725750051477
534.934934934935 0.1827532378706223
535.1851851851852 0.1832250974082218
535.4354354354355 0.18369247823067747
535.6856856856857 0.18415502371878198
535.935935935936 0.1846123786895031
536.1861861861862 0.18506418956909285
536.4364364364365 0.18551010456643413
536.6866866866867 0.1859497738464968
536.936936936937 0.1863828497037755
537.1871871871872 0.18680898673557975
537.4374374374374 0.18722784201504666
537.6876876876877 0.1876390752637453
537.9379379379379 0.18804234902374234
538.1881881881882 0.18843732882899683
538.4384384384384 0.18882368337595257
538.6886886886887 0.18920108469319655
538.9389389389389 0.18956920831005108
539.1891891891892 0.18992773342396813
539.4394394394394 0.19027634306659472
539.6896896896897 0.1906147242683773
539.9399399399399 0.19094256822157601
540.1901901901902 0.1912595704415576
540.4404404404404 0.19156543092623893
540.6906906906906 0.1918598543135519
540.9409409409409 0.19214255003680422
541.1911911911911 0.19241323247780856
541.4414414414415 0.19267162111765646
541.6916916916917 0.19291744068501365
541.941941941942 0.19315042130181576
542.1921921921922 0.19337029862624389
542.4424424424425 0.19357681399286264
542.6926926926927 0.19376971454980457
542.942942942943 0.19394875339288742
543.1931931931932 0.19411368969655218
543.4434434434435 0.19426428884151303
543.6936936936937 0.19440032253901265
543.943943943944 0.19452156895157746
544.1941941941942 0.19462781281017313
544.4444444444445 0.19471884552766025
544.6946946946947 0.1947944653084548
544.944944944945 0.19485447725430086
545.1951951951952 0.19489869346606586
545.4454454454454 0.19492693314147144
545.6956956956957 0.19493902266867763
545.9459459459459 0.19493479571564004
546.1961961961962 0.19491409331516432
546.4464464464464 0.19487676394558454
546.6966966966967 0.19482266360699757
546.9469469469469 0.1947516558929874
547.1971971971973 0.19466361205777816
547.4474474474475 0.19455841107875904
547.6976976976978 0.19443593971432624
547.947947947948 0.19429609255699326
548.1981981981983 0.19413877208172448
548.4484484484485 0.193963888689449
548.6986986986988 0.19377136074571938
548.948948948949 0.19356111461448075
549.1991991991993 0.19333308468692254
549.4494494494495 0.19308721340538756
549.6996996996997 0.19282345128231881
549.94994994995 0.1925417569142276
550.2002002002002 0.19224209699067163
550.4504504504505 0.19192444629823618
550.7007007007007 0.19158878771951465
550.950950950951 0.19123511222709116
551.2012012012012 0.19086341887252978
551.4514514514515 0.19047371477038194
551.7017017017017 0.19006601507722548
551.951951951952 0.1896403429657551
552.2022022022022 0.18919672959394668
552.4524524524525 0.18873521406932378
552.7027027027027 0.1882558434083572
552.952952952953 0.18775867249103448
553.2032032032032 0.1872437640106387
553.4534534534534 0.18671118841878118
553.7037037037037 0.18616102386573669
553.9539539539539 0.1855933561361331
554.2042042042042 0.18500827858005206
554.4544544544544 0.18440589203960092
554.7047047047047 0.18378630477102012
554.9549549549549 0.18314963236239376
555.2052052052052 0.18249599764703495
555.4554554554554 0.1818255306126209
555.7057057057057 0.18113836830615732
555.9559559559559 0.1804346547348527
556.2062062062062 0.17971454076298987
556.4564564564564 0.17897818400488186
556.7067067067067 0.17822574871400512
556.956956956957 0.1774574056684044
557.2072072072073 0.17667333205246888
557.4574574574575 0.17587371133517582
557.7077077077078 0.1750587331449119
557.957957957958 0.17422859314097278
558.2082082082082 0.17338349288185217
558.4584584584585 0.1725236396904311
558.7087087087087 0.17164924651618008
558.958958958959 0.17076053179449022
559.2092092092092 0.16985771930325078
559.4594594594595 0.16894103801679228
559.7097097097097 0.16801072195731595
559.95995995996 0.1670670100439336
560.2102102102102 0.16611014593944085
560.4604604604605 0.16514037789495006
560.7107107107107 0.16415795859251017
560.960960960961 0.16316314498584072
561.2112112112112 0.16215619813931012
561.4614614614615 0.16113738306528694
561.7117117117117 0.16010696855999607
561.961961961962 0.1590652270380099
562.2122122122122 0.15801243436550685
562.4624624624624 0.15694886969242872
562.7127127127128 0.15587481528366914
562.962962962963 0.15479055634942765
563.2132132132133 0.15369638087485457
563.4634634634635 0.1525925794491279
563.7137137137138 0.15147944509408745
563.963963963964 0.15035727309255864
564.2142142142143 0.1492263608164977
564.4644644644645 0.14808700755508666
564.7147147147148 0.14693951434290778
564.964964964965 0.1457841837883249
565.2152152152153 0.14462131990219895
565.4654654654655 0.14345122792706316
565.7157157157158 0.14227421416688152
565.965965965966 0.1410905858175146
566.2162162162163 0.13990065079801298
566.4664664664665 0.13870471758285824
566.7167167167167 0.13750309503526958
566.966966966967 0.1362960922416915
567.2172172172172 0.13508401834757724
567.4674674674675 0.1338671823945789
567.7177177177177 0.1326458931592555
567.967967967968 0.1314204589934047
568.2182182182182 0.13019118766612456
568.4684684684685 0.12895838620770772
568.7187187187187 0.1277223607554681
568.968968968969 0.12648341640159777
569.2192192192192 0.12524185704314883
569.4694694694695 0.12399798523423299
569.7197197197197 0.12275210204052751
569.96996996997 0.12150450689617473
570.2202202202202 0.12025549746315853
570.4704704704704 0.1190053694932381
570.7207207207207 0.1177544166925173
570.9709709709709 0.11650293058872357
571.2212212212212 0.11525120040126811
571.4714714714714 0.11399951291415544
571.7217217217217 0.11274815235180767
571.9719719719719 0.11149740025786496
572.2222222222222 0.11024753537702116
572.4724724724725 0.1089988335399491
572.7227227227228 0.10775156755137112
572.972972972973 0.10650600708131482
573.2232232232233 0.10526241855961124
573.4734734734735 0.10402106507366839
573.7237237237238 0.1027822062695628
573.973973973974 0.10154609825648345
574.2242242242243 0.10031299351456065
574.4744744744745 0.09908314080610799
574.7247247247248 0.09785678509030335
574.974974974975 0.09663416744133049
575.2252252252252 0.09541552497000068
575.4754754754755 0.09420109074886925
575.7257257257257 0.09299109374085997
575.975975975976 0.09178575873140597
576.2262262262262 0.09058530626411339
576.4764764764765 0.0893899525799501
576.7267267267267 0.08819990955995984
576.976976976977 0.08701538467149784
577.2272272272272 0.0858365809179816
577.4774774774775 0.08466369679214769
577.7277277277277 0.08349692623280175
577.977977977978 0.08233645858504705
578.2282282282283 0.08118247856397277
578.4784784784786 0.08003516622178412
578.7287287287288 0.07889469691834343
578.9789789789791 0.07776124129510596
579.2292292292293 0.07663496525241462
579.4794794794796 0.07551602993012438
579.7297297297298 0.07440459169152333
579.97997997998 0.0733008021105133
580.2302302302303 0.07220480796201224
580.4804804804805 0.07111675121553734
580.7307307307308 0.07003676903192652
580.980980980981 0.06896499376315271
581.2312312312313 0.06790155295518469
581.4814814814815 0.06684656935384505
581.7317317317318 0.06580016091361493
581.981981981982 0.06476244080933281
582.2322322322323 0.0637335174507332
582.4824824824825 0.06271349449976932
582.7327327327328 0.06170247089066252
582.982982982983 0.06070054085261951
583.2332332332332 0.05970779393515712
583.4834834834835 0.05872431503597316
583.7337337337337 0.05775018443130077
583.983983983984 0.056785477808681914
584.2342342342342 0.0558302663020958
584.4844844844845 0.054884616529375804
584.7347347347347 0.053948590631848335
584.984984984985 0.053022246316125975
585.2352352352352 0.05210563689798687
585.4854854854855 0.051198811348271
585.7357357357357 0.05030181434072421
585.985985985986 0.0494146863017198
586.2362362362362 0.04853746346178732
586.4864864864865 0.047670177908877884
586.7367367367367 0.046812857643294986
586.986986986987 0.04596552663421972
587.2372372372372 0.045128204877758954
587.4874874874874 0.04430090845644543
587.7377377377377 0.043483649600118385
587.987987987988 0.04267643674811307
588.2382382382383 0.04187927461269067
588.4884884884885 0.04109216424363211
588.7387387387388 0.04031510309393288
588.988988988989 0.03954808508652325
589.2392392392393 0.03879110068194643
589.4894894894895 0.03804413694692533
589.7397397397398 0.03730717762374912
589.98998998999 0.036580203200412095
590.2402402402403 0.03586319098143705
590.4904904904905 0.03515611515931703
590.7407407407408 0.03445894688650954
590.990990990991 0.033771654347918165
591.2412412412413 0.033094202833797846
591.4914914914915 0.03242655481302024
591.7417417417417 0.03176867000663741
591.991991991992 0.03112050546168229
592.2422422422422 0.030482015625146144
592.4924924924925 0.029853152418073604
592.7427427427427 0.02923386530971773
592.992992992993 0.02862410139169801
593.2432432432432 0.028023805452105928
593.4934934934935 0.02743292004950361
593.7437437437438 0.02685138558676224
593.9939939939941 0.026279140384689856
594.2442442442443 0.02571612075539422
594.4944944944946 0.025162261075336603
594.7447447447448 0.024617493858024714
594.9949949949951 0.024081749826299854
595.2452452452453 0.02355495798417271
595.4954954954956 0.023037045688164313
595.7457457457458 0.02252793871810935
595.995995995996 0.022027561347381326
596.2462462462463 0.021535836412499614
596.4964964964965 0.021052685382080587
596.7467467467468 0.020578028425096016
596.996996996997 0.02011178447840341
597.2472472472473 0.019653871313514735
597.4974974974975 0.019204205602570842
597.7477477477478 0.01876270298349085
597.997997997998 0.018329278124267098
598.2482482482483 0.017903844786377306
598.4984984984985 0.017486315887287537
598.7487487487488 0.017076603562020776
598.998998998999 0.016674619223767076
599.2492492492493 0.016280273623513176
599.4994994994995 0.01589347690867031
599.7497497497498 0.015514138680680765
600.0 0.015142168051584777
