350.0 0.6592406302004438
350.25025025025025 0.6619890481951796
350.5005005005005 0.664735047996607
350.75075075075074 0.6674785046913895
351.001001001001 0.6702192930089386
351.25125125125123 0.6729572873304214
351.5015015015015 0.6756923616978405
351.7517517517517 0.6784243898231881
352.00200200200203 0.6811532450976707
352.2522522522523 0.6838788006010036
352.5025025025025 0.6866009291107803
352.75275275275277 0.6893195031119053
353.003003003003 0.6920343948060982
353.25325325325326 0.6947454761214646
353.5035035035035 0.6974526187221338
353.75375375375376 0.7001556940179609
354.004004004004 0.7028545731742942
354.25425425425425 0.7055491271218067
354.5045045045045 0.7082392265663884
354.75475475475474 0.7109247419991015
355.005005005005 0.7136055437061962
355.25525525525524 0.7162815017791854
355.5055055055055 0.7189524861249771
355.75575575575573 0.7216183664760669
356.00600600600603 0.724279012400784
356.2562562562563 0.7269342933135922
356.5065065065065 0.7295840784854498
356.7567567567568 0.7322282370542166
357.007007007007 0.7348666380351163
357.25725725725727 0.7374991503312488
357.5075075075075 0.7401256427441526
357.75775775775776 0.7427459839844153
358.008008008008 0.7453600426823317
358.25825825825825 0.7479676873986085
358.5085085085085 0.7505687866351133
358.75875875875874 0.7531632088456681
359.009009009009 0.7557508224468854
359.25925925925924 0.7583314958290455
359.5095095095095 0.7609050973670141
359.75975975975973 0.7634714954311992
360.01001001001003 0.7660305583985457
360.2602602602603 0.7685821546635646
360.5105105105105 0.7711261526494024
360.7607607607608 0.773662420818939
361.011011011011 0.7761908276859207
361.26126126126127 0.7787112418261257
361.5115115115115 0.7812235318885573
361.76176176176176 0.7837275666066678
362.012012012012 0.7862232148096089
362.26226226226225 0.7887103454335092
362.5125125125125 0.7911888275327751
362.76276276276275 0.7936585302914169
363.013013013013 0.7961193230343953
363.26326326326324 0.7985710752389904
363.5135135135135 0.8010136565461895
363.7637637637638 0.8034469367720927
364.01401401401404 0.8058707859193331
364.2642642642643 0.8082850741885188
364.51451451451453 0.8106896719896814
364.7647647647648 0.8130844499537416
365.015015015015 0.8154692789439839
365.26526526526527 0.8178440300675418
365.5155155155155 0.8202085746868917
365.76576576576576 0.8225627844313527
366.016016016016 0.8249065312085928
366.26626626626626 0.827239687216138
366.5165165165165 0.8295621249528862
366.76676676676675 0.8318737172306188
367.017017017017 0.834174337185516
367.26726726726724 0.8364638582896677
367.5175175175175 0.8387421543625817
367.7677677677678 0.8410090995826883
368.01801801801804 0.8432645684988369
368.2682682682683 0.8455084360417886
368.51851851851853 0.8477405775356952
368.7687687687688 0.8499608687095717
369.019019019019 0.8521691857087547
369.2692692692693 0.8543654051063482
369.5195195195195 0.8565494039146541
369.76976976976977 0.8587210595965867
370.02002002002 0.8608802500770703
370.27027027027026 0.8630268537544149
370.5205205205205 0.8651607495116745
370.77077077077075 0.8672818167279809
371.021021021021 0.8693899352898538
371.2712712712713 0.8714849856024878
371.52152152152155 0.8735668486010091
371.7717717717718 0.8756354057617091
372.02202202202204 0.8776905391132434
372.2722722722723 0.8797321312478029
372.52252252252254 0.881760065332251
372.7727727727728 0.8837742251192272
373.02302302302303 0.8857744949582153
373.2732732732733 0.8877607598065739
373.5235235235235 0.8897329052405297
373.77377377377377 0.8916908174661299
374.024024024024 0.8936343833301533
374.27427427427426 0.8955634903309796
374.5245245245245 0.8974780266294125
374.77477477477476 0.8993778810594593
375.025025025025 0.9012629431390615
375.27527527527525 0.9031331030807779
375.52552552552555 0.9049882518024176
375.7757757757758 0.9068282809376192
376.02602602602605 0.9086530828463816
376.2762762762763 0.910462550625536
376.52652652652654 0.9122565781191648
376.7767767767768 0.9140350599289616
377.02702702702703 0.9157978914245342
377.2772772772773 0.9175449687536458
377.5275275275275 0.9192761888523963
377.77777777777777 0.9209914494553402
378.028028028028 0.9226906491055398
378.27827827827826 0.9243736871645531
378.5285285285285 0.926040463822356
378.77877877877876 0.9276908801071935
379.02902902902906 0.9293248378953636
379.2792792792793 0.9309422399209284
379.52952952952955 0.9325429897853548
379.7797797797798 0.9341269919670799
380.03003003003005 0.9356941518310011
380.2802802802803 0.9372443756378913
380.53053053053054 0.9387775705537348
380.7807807807808 0.9402936446589859
381.03103103103103 0.941792506957745
381.2812812812813 0.9432740673868558
381.5315315315315 0.9447382368249175
381.7817817817818 0.9461849271012138
382.032032032032 0.9476140510045564
382.28228228228227 0.9490255222920423
382.5325325325325 0.9504192556977223
382.78278278278276 0.9517951669411817
383.033033033033 0.9531531727360297
383.2832832832833 0.9544931907982984
383.53353353353356 0.9558151398547473
383.7837837837838 0.9571189396510765
384.03403403403405 0.9584045109600434
384.2842842842843 0.9596717755894834
384.53453453453454 0.9609206563902332
384.7847847847848 0.9621510772639567
385.03503503503504 0.9633629631708701
385.2852852852853 0.9645562401373681
385.53553553553553 0.965730835263546
385.7857857857858 0.9668866767306217
386.036036036036 0.9680236938082519
386.28628628628627 0.9691418168617447
386.5365365365365 0.9702409773591657
386.7867867867868 0.9713211078783377
387.03703703703707 0.972382142113731
387.2872872872873 0.9734240148832477
387.53753753753756 0.9744466621348937
387.7877877877878 0.9754500209533407
388.03803803803805 0.976434029566376
388.2882882882883 0.9773986273512415
388.53853853853855 0.978343754840856
388.7887887887888 0.979269353729926
389.03903903903904 0.9801753668809392
389.2892892892893 0.9810617383300433
389.53953953953953 0.9819284132928058
389.7897897897898 0.9827753381698577
390.04004004004 0.9836024605524188
390.2902902902903 0.9844097292277003
390.5405405405405 0.9851970941841915
390.79079079079077 0.9859645066168222
391.04104104104107 0.986711918932005
391.2912912912913 0.987439284752554
391.54154154154156 0.9881465589224814
391.7917917917918 0.9888336975116689
392.04204204204206 0.9895006578204163
392.2922922922923 0.9901473983838623
392.54254254254255 0.9907738789762822
392.7927927927928 0.9913800606152566
393.04304304304304 0.991965905565715
393.2932932932933 0.9925313773438497
393.54354354354354 0.9930764407209037
393.7937937937938 0.9936010617268279
394.044044044044 0.9941052076538095
394.2942942942943 0.9945888470596709
394.5445445445446 0.9950519497711378
394.7947947947948 0.9954944868869765
395.0450450450451 0.9959164307810003
395.2952952952953 0.9963177551049436
395.54554554554556 0.9966984347912041
395.7957957957958 0.9970584460554528
396.04604604604606 0.99739776639911
396.2962962962963 0.9977163746116892
396.54654654654655 0.9980142507730069
396.7967967967968 0.998291376255258
397.04704704704704 0.9985477337249575
397.2972972972973 0.9987833071447478
397.54754754754754 0.9989980817750704
397.7977977977978 0.9991920441757031
398.04804804804803 0.9993651822071619
398.2982982982983 0.999517485031967
398.5485485485485 0.9996489431157747
398.7987987987988 0.9997595482283704
399.0490490490491 0.9998492934445286
399.2992992992993 0.9999181731447353
399.54954954954957 0.9999661830157748
399.7997997997998 0.9999933200511797
400.05005005005006 0.9999995825515446
400.3003003003003 0.9999849701247041
400.55055055055055 0.9999494836857733
400.8008008008008 0.9998931254570523
401.05105105105105 0.9998158989677953
401.3013013013013 0.9997178090538411
401.55155155155154 0.9995988618571097
401.8018018018018 0.9994590648249606
402.05205205205203 0.999298426709416
402.30230230230234 0.9991169575662486
402.5525525525526 0.9989146687539314
402.80280280280283 0.9986915729324536
403.0530530530531 0.9984476840620005
403.3033033033033 0.9981830174014972
403.55355355355357 0.9978975895070181
403.8038038038038 0.9975914182300613
404.05405405405406 0.9972645227156873
404.3043043043043 0.9969169234005246
404.55455455455456 0.9965486420106404
404.8048048048048 0.996159701559278
405.05505505505505 0.9957501263444597
405.3053053053053 0.9953199419464578
405.55555555555554 0.9948691752251322
405.8058058058058 0.9943978543171355
406.05605605605604 0.9939060086329864
406.3063063063063 0.9933936688540115
406.5565565565566 0.9928608669291559
406.80680680680683 0.9923076360716635
407.0570570570571 0.9917340107556266
407.3073073073073 0.9911400267124062
407.5575575575576 0.990525720926923
407.8078078078078 0.9898911316338207
408.05805805805807 0.9892362983134991
408.3083083083083 0.9885612616880228
408.55855855855856 0.9878660637169006
408.8088088088088 0.9871507475927391
409.05905905905905 0.9864153577367721
409.3093093093093 0.9856599397942637
409.55955955955955 0.9848845406297869
409.8098098098098 0.9840892083223803
410.0600600600601 0.9832739921605798
410.31031031031034 0.9824389426373299
410.5605605605606 0.9815841114447725
410.81081081081084 0.9807095514689155
411.0610610610611 0.9798153167841808
411.31131131131133 0.9789014626478351
411.5615615615616 0.9779680454942997
411.8118118118118 0.9770151229293453
412.06206206206207 0.9760427537241684
412.3123123123123 0.9750509978093529
412.56256256256256 0.9740399162687167
412.8128128128128 0.9730095713330441
413.06306306306305 0.9719600263737048
413.3133133133133 0.9708913458961619
413.56356356356355 0.9698035955333669
413.8138138138138 0.9686968420390463
414.06406406406404 0.9675711532808775
414.3143143143143 0.966426598233557
414.5645645645646 0.9652632469717609
414.81481481481484 0.9640811706630006
415.0650650650651 0.9628804415603701
415.31531531531533 0.9616611329951923
415.5655655655656 0.9604233193695607
415.8158158158158 0.9591670761487787
416.06606606606607 0.9578924798536986
416.3163163163163 0.9565996080529605
416.56656656656656 0.9552885393551324
416.8168168168168 0.9539593534007522
417.06706706706706 0.9526121308542744
417.3173173173173 0.9512469533959198
417.5675675675676 0.9498639037134321
417.81781781781785 0.9484630654937425
418.0680680680681 0.9470445234145392
418.31831831831835 0.9456083631357501
418.5685685685686 0.9441546712909338
418.81881881881884 0.942683535478583
419.0690690690691 0.9411950442533416
419.31931931931933 0.9396892871171353
419.5695695695696 0.9381663545102187
419.8198198198198 0.9366263378021384
420.0700700700701 0.9350693292826152
420.3203203203203 0.9334954221523453
420.57057057057057 0.9319047105137223
420.8208208208208 0.9302972893614817
421.07107107107106 0.9286732545732694
421.3213213213213 0.9270327029001334
421.57157157157155 0.9253757319569429
421.8218218218218 0.9237024402127357
422.07207207207205 0.9220129269809927
422.32232232232235 0.9203072924098439
422.5725725725726 0.9185856374722073
422.82282282282284 0.9168480639558576
423.0730730730731 0.9150946744534328
423.32332332332334 0.9133255723523757
423.5735735735736 0.9115408618248116
423.82382382382383 0.9097406478173676
424.0740740740741 0.9079250360409296
424.3243243243243 0.906094132960342
424.57457457457457 0.9042480457840519
424.8248248248248 0.9023868824536966
425.07507507507506 0.900510751633637
425.32532532532537 0.8986197627004407
425.5755755755756 0.8967140257323138
425.82582582582586 0.8947936514984811
426.0760760760761 0.8928587514485217
426.32632632632635 0.8909094377016571
426.5765765765766 0.888945823035995
426.82682682682685 0.8869680208777292
427.0770770770771 0.8849761452902997
427.32732732732734 0.8829703109635105
427.5775775775776 0.880950633202612
427.82782782782783 0.8789172279173431
428.0780780780781 0.8768702116109411
428.3283283283283 0.8748097013691172
428.5785785785786 0.8727358148489982
428.8288288288288 0.8706486702680402
429.07907907907907 0.8685483863929125
429.3293293293293 0.866435082528354
429.57957957957956 0.864308878506004
429.8298298298298 0.862169894673211
430.08008008008005 0.8600182518818158
430.33033033033036 0.8578540714769167
430.5805805805806 0.8556774752856164
430.83083083083085 0.8534885856057474
431.0810810810811 0.8512875251945866
431.33133133133134 0.8490744172575531
431.5815815815816 0.8468493854368945
431.83183183183183 0.8446125538003634
432.0820820820821 0.8423640468298835
432.3323323323323 0.8401039894102099
432.5825825825826 0.8378325068175833
432.8328328328328 0.8355497247083806
433.0830830830831 0.833255769107763
433.33333333333337 0.8309507663983269
433.5835835835836 0.8286348433087501
433.83383383383386 0.8263081269024477
434.0840840840841 0.8239707445662295
434.33433433433436 0.8216228239989649
434.5845845845846 0.8192644932002567
434.83483483483485 0.8168958804591253
435.0850850850851 0.8145171143427044
435.33533533533534 0.8121283236849508
435.5855855855856 0.8097296375753719
435.83583583583584 0.8073211853477671
436.0860860860861 0.804903096568992
436.33633633633633 0.8024755010277421
436.5865865865866 0.8000385287233612
436.8368368368368 0.797592309854672
437.08708708708707 0.7951369748088368
437.3373373373373 0.7926726541502449
437.58758758758756 0.7901994786094314
437.8378378378378 0.7877175790720282
438.0880880880881 0.7852270865677501
438.33833833833836 0.7827281322594173
438.5885885885886 0.7802208474320146
438.83883883883885 0.7777053634817931
439.0890890890891 0.7751818119054136
439.33933933933935 0.7726503242891327
439.5895895895896 0.7701110322980379
439.83983983983984 0.7675640676653288
440.0900900900901 0.765009562181649
440.34034034034033 0.7624476476844707
440.5905905905906 0.7598784560475346
440.8408408408409 0.7573021191703428
441.09109109109113 0.754718768967717
441.3413413413414 0.7521285373594075
441.5915915915916 0.7495315562597747
441.84184184184187 0.7469279575675296
442.0920920920921 0.7443178731555423
442.34234234234236 0.7417014348607225
442.5925925925926 0.739078774473967
442.84284284284286 0.7364500237301842
443.0930930930931 0.7338153142983932
443.34334334334335 0.7311747777719008
443.5935935935936 0.7285285456585592
443.84384384384384 0.7258767493711057
444.0940940940941 0.7232195202175887
444.34434434434434 0.7205569893918791
444.5945945945946 0.7178892879642723
444.84484484484483 0.7152165468721826
445.0950950950951 0.7125388969109309
445.3453453453453 0.7098564687246293
445.59559559559557 0.7071693927971661
445.8458458458459 0.7044777994432899
446.0960960960961 0.701781818799803
446.34634634634637 0.6990815808168529
446.5965965965966 0.6963772152493418
446.84684684684686 0.6936688516484425
447.0970970970971 0.6909566193532302
447.34734734734735 0.6882406474824314
447.5975975975976 0.6855210649262917
447.84784784784785 0.6827980003385666
448.0980980980981 0.6800715821286357
448.34834834834834 0.6773419384537468
448.59859859859864 0.6746091972113872
448.8488488488489 0.6718734860317936
449.09909909909913 0.6691349322705888
449.3493493493494 0.6663936630015667
449.5995995995996 0.6636498050096123
449.8498498498499 0.6609034847837697
450.1001001001001 0.6581548285104551
450.35035035035037 0.655403962066821
450.6006006006006 0.652651011014274
450.85085085085086 0.6498961005921476
451.1011011011011 0.647139355711535
451.35135135135135 0.6443809009492836
451.6016016016016 0.6416208605421545
451.85185185185185 0.6388593583811512
452.1021021021021 0.6360965180060184
452.35235235235234 0.6333324625999159
452.6026026026026 0.6305673149842704
452.85285285285283 0.6278011976138075
453.1031031031031 0.6250342325717673
453.3533533533533 0.6222665415653091
453.60360360360363 0.6194982459211036
453.8538538538539 0.616729466581122
454.1041041041041 0.6139603240986186
454.35435435435437 0.6111909386343154
454.6046046046046 0.608421429952791
454.85485485485486 0.6056519174190751
455.1051051051051 0.6028825199954525
455.35535535535536 0.6001133562384817
455.6056056056056 0.5973445442962301
455.85585585585585 0.5945762019057294
456.1061061061061 0.5918084463906532
456.3563563563564 0.5890413946592228
456.60660660660665 0.5862751632023453
456.8568568568569 0.5835098680919784
457.10710710710714 0.5807456249797397
457.3573573573574 0.5779825490957523
457.60760760760763 0.5752207552477354
457.8578578578579 0.5724603578203403
458.1081081081081 0.5697014707747391
458.3583583583584 0.5669442076484645
458.6086086086086 0.5641886815555086
458.85885885885887 0.5614350051866803
459.1091091091091 0.5586832908102275
459.35935935935936 0.5559336502727243
459.6096096096096 0.55318619500023
459.85985985985985 0.550441035999719
460.1101101101101 0.5476982838607887
460.36036036036035 0.5449580487576442
460.6106106106106 0.5422204404513685
460.86086086086084 0.5394855682924741
461.1111111111111 0.5367535412237455
461.3613613613614 0.5340244677833703
461.61161161161164 0.5312984561083675
461.8618618618619 0.5285756139383063
462.11211211211213 0.5258560486193297
462.3623623623624 0.523139867108476
462.6126126126126 0.5204271759783068
462.86286286286287 0.5177180814218386
463.1131131131131 0.5150126892577847
463.36336336336336 0.5123111049361084
463.6136136136136 0.5096134335438876
463.86386386386386 0.5069197798114939
464.11411411411416 0.5042302481190906
464.3643643643644 0.501544942503447
464.61461461461465 0.49886396666507177
464.8648648648649 0.49618742397566934
465.11511511511515 0.4935154174859179
465.3653653653654 0.49084804993357073
465.61561561561564 0.48818542375188184
465.8658658658659 0.4855276410783572
466.11611611611613 0.4828748037638316
466.3663663663664 0.4802270133818703
466.6166166166166 0.4775843712384993
466.86686686686687 0.47494697838225913
467.1171171171171 0.47231493561458715
467.36736736736736 0.4696883435005227
467.6176176176176 0.4670673023797396
467.86786786786786 0.4644519123779002
468.1181181181181 0.46184227341833345
468.36836836836835 0.4592384852340338
468.6186186186186 0.4566406473799791
468.86886886886884 0.45404885924576693
469.11911911911915 0.4514632200685641
469.3693693693694 0.448883828946373
469.61961961961964 0.44631078485160114
469.8698698698699 0.443744186644943
470.12012012012013 0.44118413308956245
470.3703703703704 0.4386307228655744
470.6206206206206 0.4360840545848222
470.8708708708709 0.4335442268059438
471.1211211211211 0.43101133804972597
471.37137137137137 0.42848548681473664
471.6216216216216 0.425966771593233
471.8718718718719 0.42345529088733697
472.12212212212216 0.4209511432254767
472.3723723723724 0.41845442717907677
472.62262262262266 0.4159652413795021
472.8728728728729 0.4134836845352406
473.12312312312315 0.4110098554493175
473.3733733733734 0.4085438530369339
473.62362362362364 0.40608577634332005
473.8738738738739 0.40363572456179386
474.12412412412414 0.4011937970520149
474.3743743743744 0.3987600933584232
474.62462462462463 0.3963347132288521
474.8748748748749 0.39391775663330364
475.1251251251251 0.3915093237828751
475.37537537537537 0.38910951514882375
475.6256256256256 0.3867184314817565
475.87587587587586 0.38433617383093277
476.1261261261261 0.3819628435636641
476.37637637637636 0.3795985423847986
476.6266266266266 0.377243372356273
476.8768768768769 0.37489743591671765
477.12712712712715 0.3725608359011014
477.3773773773774 0.3702336755603903
477.62762762762765 0.36791605858121557
477.8778778778779 0.365608089105524
478.12812812812814 0.3633098717501955
478.3783783783784 0.3610215116266085
478.62862862862863 0.3587431143601339
478.8788788788789 0.35647478610953787
479.1291291291292 0.35421663358627126
479.37937937937943 0.35196876407362876
479.6296296296297 0.34973128544574733
479.8798798798799 0.3475043061864325
480.13013013013017 0.34528793540778213
480.3803803803804 0.3430822828685863
480.63063063063066 0.3408874589924794
480.8808808808809 0.3387035748858208
481.13113113113116 0.33653074235527664
481.3813813813814 0.33436907392507986
481.63163163163165 0.33221868285394
481.8818818818819 0.33007968315157743
482.13213213213214 0.3279521895948541
482.3823823823824 0.3258363177434734
482.63263263263264 0.32373218395522085
482.8828828828829 0.3216399054007163
483.13313313313313 0.31955960007764944
483.3833833833834 0.3174913868244682
483.6336336336336 0.3154353853334895
483.88388388388387 0.31339171616340344
484.1341341341341 0.3113605007511376
484.38438438438436 0.3093418614230518
484.6346346346346 0.3073359214054316
484.88488488488485 0.3053428048342457
485.13513513513516 0.30336263676413905
485.3853853853854 0.30139554317662604
485.63563563563565 0.29944165098744857
485.8858858858859 0.2975010880530712
486.13613613613614 0.29557398317627537
486.3863863863864 0.29366046611081936
486.63663663663664 0.2917606675651312
486.88688688688694 0.28987471920499785
487.1371371371372 0.288002753655222
487.38738738738743 0.2861449045002002
487.6376376376377 0.28430130628340217
487.8878878878879 0.28247209450570576
488.1381381381382 0.2806574056225571
488.3883883883884 0.27885737703992014
488.63863863863867 0.27707214710898237
488.8888888888889 0.27530185511957955
489.13913913913916 0.2735466412923063
489.3893893893894 0.2718066467692795
489.63963963963965 0.27008201360351675
489.8898898898899 0.2683728847468999
490.14014014014015 0.26667940403668716
490.3903903903904 0.26500171618054164
490.64064064064064 0.26333996674004256
490.8908908908909 0.261694302112648
491.14114114114113 0.2600648695120746
491.3913913913914 0.25845181694706537
491.6416416416416 0.25685529319851164
491.8918918918919 0.25527544779490086
492.1421421421421 0.2537124309860592
492.39239239239237 0.25216639371515986
492.6426426426426 0.25063748758896814
492.8928928928929 0.24912586484629703
493.14314314314316 0.2476316783246459
493.3933933933934 0.24615508142499243
493.64364364364366 0.24469622807472044
493.8938938938939 0.24325527268865285
494.14414414414415 0.24183237012816888
494.3943943943944 0.24042767565838452
494.6446446446447 0.23904134490337392
494.89489489489495 0.23767353379941394
495.1451451451452 0.23632439854623005
495.39539539539544 0.2349940955562308
495.6456456456457 0.23368278140171217
495.89589589589593 0.23239061276001868
496.1461461461462 0.2311177463566479
496.3963963963964 0.2298643389062873
496.6466466466467 0.22863054705177402
496.8968968968969 0.22741652730096842
497.14714714714717 0.2262224359615361
497.3973973973974 0.22504842907363284
497.64764764764766 0.22389466234048988
497.8978978978979 0.22276129105689813
498.14814814814815 0.22164847003559252
498.3983983983984 0.22055635353153857
498.64864864864865 0.21948509516412593
498.8988988988989 0.2184348478372762
499.14914914914914 0.21740576365747227
499.3993993993994 0.21639799384972222
499.64964964964963 0.2154116886714682
499.8998998998999 0.2144469973244575
500.1501501501501 0.21350406786459186
500.4004004004004 0.21258304710977605
500.6506506506507 0.21168408054578552
500.9009009009009 0.21080731223018082
501.15115115115117 0.20995288469429105
501.4014014014014 0.20912093884329952
501.65165165165166 0.20831161385446156
501.9019019019019 0.20752504707348737
502.15215215215215 0.20676137390912883
502.40240240240246 0.20602072772600655
502.6526526526527 0.2053032397357225
502.90290290290295 0.204609038886297
503.1531531531532 0.2039382517499825
503.40340340340344 0.20329100240949993
503.6536536536537 0.20266741234275001
503.90390390390394 0.20206760030605536
504.1541541541542 0.2014916822159889
504.40440440440443 0.2009397710298496
504.6546546546547 0.20041197662484775
504.9049049049049 0.1999084056760635
505.15515515515517 0.1994291615332487
505.4054054054054 0.1989743440965395
505.65565565565566 0.19854404969115502
505.9059059059059 0.19813837094115577
506.15615615615616 0.197757396642341
506.4064064064064 0.197401211634364
506.65665665665665 0.1970698966721502
506.9069069069069 0.19676352829670238
507.15715715715714 0.19648217870538076
507.4074074074074 0.1962259156217498
507.65765765765764 0.19599480216508228
507.9079079079079 0.19578889671961797
508.15815815815813 0.19560825280367267
508.40840840840843 0.19545291893869787
508.6586586586587 0.19532293851839347
508.9089089089089 0.19521834967797516
509.1591591591592 0.19513918516370632
509.4094094094094 0.19508547220279826
509.65965965965967 0.19505723237379197
509.9099099099099 0.1950544814775314
510.16016016016016 0.19507722940884253
510.41041041041046 0.19512548002903346
510.6606606606607 0.19519923103933218
510.91091091091096 0.1952984738553812
511.1611611611612 0.195423193482908
511.41141141141145 0.19557336839469347
511.6616616616617 0.19574897040896033
511.91191191191194 0.19594996456930572
512.1621621621622 0.19617630902630187
512.4124124124124 0.19642795492089227
512.6626626626627 0.19670484626970763
512.9129129129129 0.1970069198524314
513.1631631631632 0.1973341051013405
513.4134134134134 0.19768632399315172
513.6636636636637 0.19806349094330125
513.9139139139139 0.1984655127027868
514.1641641641642 0.19889228825770192
514.4144144144144 0.19934370873159096
514.6646646646647 0.19981965729075518
514.9149149149149 0.20032000905263633
515.1651651651651 0.2008446309974096
515.4154154154154 0.20139338188290984
515.6656656656656 0.20196611216302232
515.9159159159159 0.20256266390966102
516.1661661661662 0.20318287073846225
516.4164164164165 0.2038265577383158
516.6666666666667 0.20449354140485987
516.916916916917 0.20518362957805802
517.1671671671672 0.20589662138398007
517.4174174174175 0.2066323071809057
517.6676676676677 0.20739046850986645
517.917917917918 0.2081708780497412
518.1681681681682 0.20897329957701805
518.4184184184185 0.2097974879303317
518.6686686686687 0.2106431889798855
518.918918918919 0.2115101396018622
519.1691691691692 0.2123980676579267
519.4194194194195 0.2133066919799198
519.6696696696697 0.21423572235983995
519.91991991992 0.2151848595452061
520.1701701701702 0.2161537952398921
520.4204204204204 0.21714221211051865
520.6706706706707 0.21814978379848657
520.9209209209209 0.21917617493773017
521.1711711711712 0.22022104117826594
521.4214214214214 0.22128402921560902
521.6716716716717 0.22236477682612327
521.9219219219219 0.22346291290836884
522.1721721721722 0.22457805753050608
522.4224224224224 0.22570982198380873
522.6726726726727 0.2268578088423367
522.9229229229229 0.22802161202881324
523.1731731731732 0.2292008168867458
523.4234234234234 0.23039500025882523
523.6736736736736 0.23160373057163408
523.9239239239239 0.23282656792668743
524.1741741741741 0.23406306419782624
524.4244244244244 0.23531276313497704
524.6746746746746 0.23657520047428607
524.9249249249249 0.23784990405463124
525.1751751751751 0.23913639394050934
525.4254254254254 0.24043418255128934
525.6756756756756 0.24174277479681897
525.925925925926 0.24306166821936365
526.1761761761762 0.24439035314185048
526.4264264264265 0.24572831282239238
526.6766766766767 0.2470750236150449
526.926926926927 0.24842995513675958
527.1771771771772 0.24979257044048092
527.4274274274275 0.25116232619433354
527.6776776776777 0.25253867286683507
527.927927927928 0.25392105491806977
528.1781781781782 0.2553089109967476
528.4284284284284 0.2567016741430688
528.6786786786787 0.25809877199731
528.9289289289289 0.2594996270140368
529.1791791791792 0.2609036566818485
529.4294294294294 0.2623102737485485
529.6796796796797 0.2637188864516317
529.9299299299299 0.265128898753974
530.1801801801802 0.26653971058460035
530.4304304304304 0.2679507180844068
530.6806806806807 0.26936131385670165
530.9309309309309 0.27077088722242815
531.1811811811812 0.27217882447992486
531.4314314314314 0.2735845091690734
531.6816816816818 0.2749873223396804
531.931931931932 0.2763866428239291
532.1821821821823 0.277781847512746
532.4324324324325 0.2791723116358976
532.6826826826828 0.2805574090456546
532.932932932933 0.28193651250383756
533.1831831831832 0.28330899397206133
533.4334334334335 0.28467422490498956
533.6836836836837 0.286031576546405
533.933933933934 0.28738042022790006
534.1841841841842 0.28872012766998434
534.4344344344345 0.29005007128540483
534.6846846846847 0.29136962448447107
534.934934934935 0.29267816198217006
535.1851851851852 0.2939750601068587
535.4354354354355 0.2952596971103128
535.6856856856857 0.2965314534789115
535.935935935936 0.29778971224573375
536.1861861861862 0.29903385930333887
536.4364364364365 0.3002632837170026
536.6866866866867 0.301477378038178
536.936936936937 0.3026755386179469
537.1871871871872 0.3038571659202293
537.4374374374374 0.3050216648345122
537.6876876876877 0.3061684449878624
537.9379379379379 0.3072969210559851
538.1881881881882 0.30840651307308814
538.4384384384384 0.3094966467403136
538.6886886886887 0.3105667537324971
538.9389389389389 0.3116162720030145
539.1891891891892 0.3126446460864771
539.4394394394394 0.31365132739903673
539.6896896896897 0.31463577453606173
539.9399399399399 0.31559745356694735
540.1901901901902 0.31653583832682447
540.4404404404404 0.3174504107049312
540.6906906906906 0.3183406609294158
540.9409409409409 0.3192060878483396
541.1911911911911 0.32004619920665
541.4414414414415 0.32086051191889975
541.6916916916917 0.32164855233748474
541.941941941942 0.32240985651618564
542.1921921921922 0.32314397046878923
542.4424424424425 0.32385045042257954
542.6926926926927 0.3245288630664861
542.942942942943 0.32517878579368337
543.1931931931932 0.3257998069384386
543.4434434434435 0.3263915260070078
543.6936936936937 0.3269535539023892
543.943943943944 0.32748551314274027
544.1941941941942 0.3279870380732782
544.4444444444445 0.3284577750714818
544.6946946946947 0.3288973827454206
544.944944944945 0.3293055321250447
545.1951951951952 0.3296819068462697
545.4454454454454 0.33002620332770183
545.6956956956957 0.3303381309398504
545.9459459459459 0.33061741216668444
546.1961961961962 0.33086378275939293
546.4464464464464 0.3310769918822187
546.6966966966967 0.3312568022502387
546.9469469469469 0.3314029902589741
547.1971971971973 0.33151534610571554
547.4474474474475 0.33159367390246275
547.6976976976978 0.331637791780377
547.947947947948 0.3316475319856601
548.1981981981983 0.3316227409667737
548.4484484484485 0.331563279452926
548.6986986986988 0.33146902252375676
548.948948948949 0.3313398596701607
549.1991991991993 0.3311756948461973
549.4494494494495 0.33097644651204183
549.6996996996997 0.33074204766794063
549.94994994995 0.33047244587914176
550.2002002002002 0.3301676032917802
550.4504504504505 0.32982749663970373
550.7007007007007 0.3294521172422342
550.950950950951 0.3290414709928675
551.2012012012012 0.3285955783389217
551.4514514514515 0.32811447425215273
551.7017017017017 0.32759820819036306
551.951951951952 0.3270468440500384
552.2022022022022 0.3264604601100538
552.4524524524525 0.3258391489664989
552.7027027027027 0.32518301745868083
552.952952952953 0.3244921865863682
553.2032032032032 0.3237667914183507
553.4534534534534 0.32300698099239317
553.7037037037037 0.3222129182066728
553.9539539539539 0.32138477970279405
554.2042042042042 0.32052275574048283
554.4544544544544 0.31962705006407083
554.7047047047047 0.31869787976088426
554.9549549549549 0.31773547511166195
555.2052052052052 0.3167400794331313
555.4554554554554 0.3157119489128793
555.7057057057057 0.3146513524366602
555.9559559559559 0.31355857140829124
556.2062062062062 0.312433899562288
556.4564564564564 0.3112776427694045
556.7067067067067 0.3100901188352411
556.956956956957 0.3088716572920945
557.2072072072073 0.3076225991842298
557.4574574574575 0.3063432968467491
557.7077077077078 0.30503411367825667
557.957957957958 0.3036954239075029
558.2082082082082 0.3023276123542101
558.4584584584585 0.3009310741842785
558.7087087087087 0.29950621465958094
558.958958958959 0.29805344888255253
559.2092092092092 0.29657320153579175
559.4594594594595 0.2950659066168873
559.7097097097097 0.2935320071686916
559.95995995996 0.2919719550052639
560.2102102102102 0.2903862104337082
560.4604604604605 0.2887752419721349
560.7107107107107 0.28713952606397486
560.960960960961 0.2854795467888812
561.2112112112112 0.28379579557045026
561.4614614614615 0.28208877088099876
561.7117117117117 0.2803589779436348
561.961961961962 0.27860692843185975
562.2122122122122 0.27683314016694077
562.4624624624624 0.27503813681329276
562.7127127127128 0.2732224475721099
562.962962962963 0.2713866068734907
563.2132132132133 0.269531154067284
563.4634634634635 0.2676566331129129
563.7137137137138 0.2657635922684019
563.963963963964 0.2638525837788504
564.2142142142143 0.2619241635645891
564.4644644644645 0.2599788909092539
564.7147147147148 0.25801732814801265
564.964964964965 0.2560400403561751
565.2152152152153 0.25404759503841784
565.4654654654655 0.2520405618188516
565.7157157157158 0.25001951213215656
565.965965965966 0.2479850189160083
566.2162162162163 0.24593765630501518
566.4664664664665 0.2438779993263838
566.7167167167167 0.24180662359752644
566.966966966967 0.2397241050258215
567.2172172172172 0.23763101951073276
567.4674674674675 0.23552794264849164
567.7177177177177 0.23341544943954168
567.967967967968 0.2312941139989389
568.2182182182182 0.2291645092699011
568.4684684684685 0.22702720674069027
568.7187187187187 0.22488277616501184
568.968968968969 0.22273178528610682
569.2192192192192 0.22057479956470924
569.4694694694695 0.21841238191103676
569.7197197197197 0.21624509242097645
569.96996996997 0.21407348811662252
570.2202202202202 0.2118981226913184
570.4704704704704 0.20971954625934863
570.7207207207207 0.20753830511042265
570.9709709709709 0.2053549414690845
571.2212212212212 0.20316999325917898
571.4714714714714 0.20098399387349752
571.7217217217217 0.1987974719487225
571.9719719719719 0.19661095114578128
572.2222222222222 0.19442494993571743
572.4724724724725 0.19223998139117762
572.7227227227228 0.19005655298361485
572.972972972973 0.1878751663862812
573.2232232232233 0.18569631728311342
573.4734734734735 0.1835204951835705
573.7237237237238 0.1813481832435022
573.973973973974 0.1791798580921088
574.2242242242243 0.1770159896650532
574.4744744744745 0.17485704104377423
574.7247247247248 0.17270346830105018
574.974974974975 0.17055572035285033
575.2252252252252 0.16841423881650994
575.4754754754755 0.16627945787525597
575.7257257257257 0.16415180414910674
575.975975975976 0.16203169657216082
576.2262262262262 0.1599195462762867
576.4764764764765 0.15781575648121776
576.7267267267267 0.15572072239105225
576.976976976977 0.1536348310971512
577.2272272272272 0.15155846148742338
577.4774774774775 0.14949198416197992
577.7277277277277 0.1474357613551354
577.977977977978 0.14539014686372867
578.2282282282283 0.14335548598172937
578.4784784784786 0.14133211544109708
578.7287287287288 0.13932036335883746
578.9789789789791 0.13732054919022565
579.2292292292293 0.1353329836881312
579.4794794794796 0.13335796886839252
579.7297297297298 0.13139579798117942
579.97997997998 0.12944675548827755
580.2302302302303 0.1275111170462251
580.4804804804805 0.12558914949522754
580.7307307307308 0.1236811108537733
580.980980980981 0.12178725031886764
581.2312312312313 0.11990780827180027
581.4814814814815 0.11804301628935746
581.7317317317318 0.11619309716038657
581.981981981982 0.11435826490761745
582.2322322322323 0.11253872481464217
582.4824824824825 0.1107346734579514
582.7327327327328 0.10894629874392382
582.982982982983 0.10717377995066057
583.2332332332332 0.10541728777455613
583.4834834834835 0.10367698438149335
583.7337337337337 0.10195302346254918
583.983983983984 0.10024555029409397
584.2342342342342 0.09855470180216772
584.4844844844845 0.09688060663101247
584.7347347347347 0.09522338521564012
584.984984984985 0.09358314985831233
585.2352352352352 0.09196000480880928
585.4854854854855 0.09035404634836093
585.7357357357357 0.08876536287711527
585.985985985986 0.08719403500501614
586.2362362362362 0.08564013564596247
586.4864864864865 0.0841037301151208
586.7367367367367 0.08258487622926194
586.986986986987 0.08108362440999232
587.2372372372372 0.07960001778975069
587.4874874874874 0.07813409232044069
587.7377377377377 0.0766858768845697
587.987987987988 0.07525539340876386
588.2382382382383 0.07384265697953471
588.4884884884885 0.07244767596115857
588.7387387387388 0.07107045211555427
588.988988988989 0.06971098072402174
589.2392392392393 0.06836925071071932
589.4894894894895 0.06704524476775325
589.7397397397398 0.06573893948175487
589.98998998999 0.06445030546182226
590.2402402402403 0.06317930746870394
590.4904904904905 0.06192590454510362
590.7407407407408 0.06069005014698694
590.990990990991 0.0594716922757716
591.2412412412413 0.05827077361128506
591.4914914914915 0.057087231645374645
591.7417417417417 0.055920998816057305
591.991991991992 0.054772002642097806
592.2422422422422 0.05364016585790616
592.4924924924925 0.052525406548646736
592.7427427427427 0.051427638285454345
592.992992992993 0.050346770260653546
593.2432432432432 0.04928270742288062
593.4934934934935 0.048235350612009203
593.7437437437438 0.047204596693782686
593.9939939939941 0.046190338694061917
594.2442442442443 0.04519246593258945
594.4944944944946 0.0442108641561901
594.7447447447448 0.04324541567131383
594.9949949949951 0.04229599947583931
595.2452452452453 0.04136249139005524
595.4954954954956 0.040444764186740624
595.7457457457458 0.039542687720266076
595.995995995996 0.03865612905464258
596.2462462462463 0.03778495259044515
596.4964964964965 0.03692902019054271
596.7467467467468 0.03608819130456716
596.996996996997 0.03526232309205766
597.2472472472473 0.034451270544218975
597.4974974974975 0.03365488660423465
597.7477477477478 0.03287302228607902
597.997997997998 0.03210552679177476
598.2482482482483 0.03135224762704435
598.4984984984985 0.030613030715307635
598.7487487487488 0.02988772050997953
598.998998998999 0.02917616010502427
599.2492492492493 0.028478191343726072
599.4994994994995 0.02779365492563752
599.7497497497498 0.0271223905116703
600.0 0.026464236827294957
