350.0 0.6592406302004438
350.25025025025025 0.6619890481951796
350.5005005005005 0.664735047996607
350.75075075075074 0.6674785046913895
351.001001001001 0.6702192930089386
351.25125125125123 0.6729572873304214
351.5015015015015 0.6756923616978405
351.7517517517517 0.6784243898231881
352.00200200200203 0.6811532450976707
352.2522522522523 0.6838788006010036
352.5025025025025 0.6866009291107803
352.75275275275277 0.6893195031119053
353.003003003003 0.6920343948060982
353.25325325325326 0.6947454761214646
353.5035035035035 0.6974526187221338
353.75375375375376 0.7001556940179609
354.004004004004 0.7028545731742942
354.25425425425425 0.7055491271218067
354.5045045045045 0.7082392265663884
354.75475475475474 0.7109247419991015
355.005005005005 0.7136055437061962
355.25525525525524 0.7162815017791854
355.5055055055055 0.7189524861249771
355.75575575575573 0.7216183664760669
356.00600600600603 0.724279012400784
356.2562562562563 0.7269342933135922
356.5065065065065 0.7295840784854498
356.7567567567568 0.7322282370542166
357.007007007007 0.7348666380351163
357.25725725725727 0.7374991503312488
357.5075075075075 0.7401256427441526
357.75775775775776 0.7427459839844153
358.008008008008 0.7453600426823317
358.25825825825825 0.7479676873986085
358.5085085085085 0.7505687866351133
358.75875875875874 0.7531632088456681
359.009009009009 0.7557508224468855
359.25925925925924 0.7583314958290456
359.5095095095095 0.7609050973670142
359.75975975975973 0.7634714954311992
360.01001001001003 0.7660305583985457
360.2602602602603 0.7685821546635646
360.5105105105105 0.7711261526494024
360.7607607607608 0.773662420818939
361.011011011011 0.7761908276859207
361.26126126126127 0.7787112418261257
361.5115115115115 0.7812235318885573
361.76176176176176 0.7837275666066679
362.012012012012 0.786223214809609
362.26226226226225 0.7887103454335093
362.5125125125125 0.7911888275327752
362.76276276276275 0.7936585302914169
363.013013013013 0.7961193230343953
363.26326326326324 0.7985710752389905
363.5135135135135 0.8010136565461896
363.7637637637638 0.8034469367720928
364.01401401401404 0.8058707859193333
364.2642642642643 0.8082850741885189
364.51451451451453 0.8106896719896816
364.7647647647648 0.8130844499537419
365.015015015015 0.815469278943984
365.26526526526527 0.817844030067542
365.5155155155155 0.8202085746868918
365.76576576576576 0.8225627844313529
366.016016016016 0.8249065312085929
366.26626626626626 0.8272396872161383
366.5165165165165 0.8295621249528864
366.76676676676675 0.8318737172306191
367.017017017017 0.8341743371855164
367.26726726726724 0.8364638582896681
367.5175175175175 0.838742154362582
367.7677677677678 0.8410090995826888
368.01801801801804 0.8432645684988374
368.2682682682683 0.845508436041789
368.51851851851853 0.8477405775356956
368.7687687687688 0.8499608687095722
369.019019019019 0.8521691857087553
369.2692692692693 0.8543654051063488
369.5195195195195 0.8565494039146547
369.76976976976977 0.8587210595965875
370.02002002002 0.8608802500770711
370.27027027027026 0.8630268537544159
370.5205205205205 0.8651607495116757
370.77077077077075 0.867281816727982
371.021021021021 0.869389935289855
371.2712712712713 0.8714849856024892
371.52152152152155 0.8735668486010106
371.7717717717718 0.8756354057617107
372.02202202202204 0.8776905391132452
372.2722722722723 0.8797321312478049
372.52252252252254 0.8817600653322532
372.7727727727728 0.8837742251192295
373.02302302302303 0.8857744949582178
373.2732732732733 0.8877607598065768
373.5235235235235 0.8897329052405328
373.77377377377377 0.8916908174661332
374.024024024024 0.893634383330157
374.27427427427426 0.8955634903309837
374.5245245245245 0.8974780266294169
374.77477477477476 0.899377881059464
375.025025025025 0.9012629431390667
375.27527527527525 0.9031331030807837
375.52552552552555 0.9049882518024238
375.7757757757758 0.906828280937626
376.02602602602605 0.908653082846389
376.2762762762763 0.9104625506255442
376.52652652652654 0.9122565781191736
376.7767767767768 0.9140350599289713
377.02702702702703 0.9157978914245447
377.2772772772773 0.9175449687536572
377.5275275275275 0.9192761888524088
377.77777777777777 0.9209914494553538
378.028028028028 0.9226906491055545
378.27827827827826 0.9243736871645694
378.5285285285285 0.9260404638223737
378.77877877877876 0.9276908801072127
379.02902902902906 0.9293248378953844
379.2792792792793 0.9309422399209512
379.52952952952955 0.9325429897853795
379.7797797797798 0.9341269919671069
380.03003003003005 0.9356941518310306
380.2802802802803 0.9372443756379233
380.53053053053054 0.9387775705537696
380.7807807807808 0.9402936446590238
381.03103103103103 0.9417925069577863
381.2812812812813 0.9432740673869008
381.5315315315315 0.9447382368249664
381.7817817817818 0.9461849271012669
382.032032032032 0.9476140510046143
382.28228228228227 0.9490255222921051
382.5325325325325 0.9504192556977906
382.78278278278276 0.9517951669412561
383.033033033033 0.9531531727361106
383.2832832832833 0.9544931907983863
383.53353353353356 0.9558151398548428
383.7837837837838 0.9571189396511803
384.03403403403405 0.9584045109601562
384.2842842842843 0.9596717755896059
384.53453453453454 0.9609206563903663
384.7847847847848 0.9621510772641013
385.03503503503504 0.9633629631710272
385.2852852852853 0.9645562401375386
385.53553553553553 0.9657308352637313
385.7857857857858 0.9668866767308227
386.036036036036 0.9680236938084702
386.28628628628627 0.9691418168619816
386.5365365365365 0.9702409773594229
386.7867867867868 0.9713211078786168
387.03703703703707 0.9723821421140338
387.2872872872873 0.9734240148835762
387.53753753753756 0.9744466621352501
387.7877877877878 0.9754500209537272
388.03803803803805 0.9764340295667953
388.2882882882883 0.9773986273516961
388.53853853853855 0.9783437548413488
388.7887887887888 0.9792693537304603
389.03903903903904 0.9801753668815184
389.2892892892893 0.981061738330671
389.53953953953953 0.981928413293486
389.7897897897898 0.9827753381705949
390.04004004004 0.9836024605532174
390.2902902902903 0.9844097292285655
390.5405405405405 0.9851970941851287
390.79079079079077 0.9859645066178371
391.04104104104107 0.9867119189331041
391.2912912912913 0.987439284753744
391.54154154154156 0.9881465589237696
391.7917917917918 0.9888336975130634
392.04204204204206 0.9895006578219255
392.2922922922923 0.9901473983854956
392.54254254254255 0.9907738789780496
392.7927927927928 0.9913800606171689
393.04304304304304 0.9919659055677835
393.2932932932933 0.9925313773460872
393.54354354354354 0.9930764407233237
393.7937937937938 0.9936010617294447
394.044044044044 0.994105207656639
394.2942942942943 0.9945888470627299
394.5445445445446 0.9950519497744444
394.7947947947948 0.9954944868905504
395.0450450450451 0.9959164307848627
395.2952952952953 0.9963177551091172
395.54554554554556 0.9966984347957135
395.7957957957958 0.9970584460603243
396.04604604604606 0.997397766404372
396.2962962962963 0.9977163746173723
396.54654654654655 0.9980142507791442
396.7967967967968 0.9982913762618848
397.04704704704704 0.9985477337321119
397.2972972972973 0.998783307152471
397.54754754754754 0.9989980817834064
397.7977977977978 0.9991920441846994
398.04804804804803 0.9993651822168698
398.2982982982983 0.9995174850424414
398.5485485485485 0.9996489431270746
398.7987987987988 0.9997595482405595
399.0490490490491 0.9998492934576749
399.2992992992993 0.9999181731589125
399.54954954954957 0.9999661830310618
399.7997997997998 0.9999933200676612
400.05005005005006 0.9999995825693118
400.3003003003003 0.9999849701438548
400.55055055055055 0.9999494837064126
400.8008008008008 0.9998931254792933
401.05105105105105 0.9998158989917592
401.3013013013013 0.9997178090796581
401.55155155155154 0.9995988618849196
401.8018018018018 0.9994590648549136
402.05205205205203 0.9992984267416732
402.30230230230234 0.9991169576009828
402.5525525525526 0.9989146687913283
402.80280280280283 0.9986915729727122
403.0530530530531 0.9984476841053342
403.3033033033033 0.9981830174481352
403.55355355355357 0.9978975895572062
403.8038038038038 0.9975914182840627
404.05405405405406 0.9972645227737845
404.3043043043043 0.9969169234630205
404.55455455455456 0.9965486420778598
404.8048048048048 0.9961597016315685
405.05505505505505 0.9957501264221943
405.3053053053053 0.995319942030036
405.55555555555554 0.9948691753149821
405.8058058058058 0.9943978544137155
406.05605605605604 0.9939060087367877
406.3063063063063 0.99339366896556
406.5565565565566 0.9928608670490149
406.80680680680683 0.9923076362004359
407.0570570570571 0.9917340108939581
407.3073073073073 0.9911400268609876
407.5575575575576 0.990525721086494
407.8078078078078 0.9898911318051723
408.05805805805807 0.9892362984974783
408.3083083083083 0.9885612618855354
408.55855855855856 0.9878660639289154
408.8088088088088 0.9871507478202926
409.05905905905905 0.9864153579809725
409.3093093093093 0.9856599400562959
409.55955955955955 0.9848845409109178
409.8098098098098 0.9840892086239642
410.0600600600601 0.9832739924840642
410.31031031031034 0.9824389429842617
410.5605605605606 0.9815841118168047
410.81081081081084 0.9807095518678141
411.0610610610611 0.9798153172118323
411.31131131131133 0.9789014631062547
411.5615615615616 0.9779680459856397
411.8118118118118 0.9770151234559037
412.06206206206207 0.9760427542883989
412.3123123123123 0.975050998413875
412.56256256256256 0.9740399169163265
412.8128128128128 0.9730095720267258
413.06306306306305 0.971960027116643
413.3133133133133 0.9708913466917545
413.56356356356355 0.969803596385239
413.8138138138138 0.9686968429510648
414.06406406406404 0.9675711542571668
414.3143143143143 0.9664265992785154
414.5645645645646 0.9652632480900782
414.81481481481484 0.9640811718596769
415.0650650650651 0.9628804428407357
415.31531531531533 0.9616611343649283
415.5655655655656 0.9604233208347217
415.8158158158158 0.9591670777158163
416.06606606606607 0.9578924815294868
416.3163163163163 0.956599609844822
416.56656656656656 0.9552885412708669
416.8168168168168 0.9539593554486668
417.06706706706706 0.952612133043215
417.3173173173173 0.9512469557353046
417.5675675675676 0.9498639062132881
417.81781781781785 0.9484630681647427
418.0680680680681 0.9470445262680429
418.31831831831835 0.9456083661838458
418.5685685685686 0.9441546745464835
418.81881881881884 0.9426835389552706
419.0690690690691 0.9411950479657232
419.31931931931933 0.9396892910806929
419.5695695695696 0.9381663587414165
419.8198198198198 0.9366263423184832
420.0700700700701 0.9350693341027198
420.3203203203203 0.9334954272959954
420.57057057057057 0.9319047160019484
420.8208208208208 0.9302972952166337
421.07107107107106 0.9286732608190966
421.3213213213213 0.9270327095618683
421.57157157157155 0.9253757390613909
421.8218218218218 0.923702447788369
422.07207207207205 0.9220129350580495
422.32232232232235 0.9203073010204346
422.5725725725726 0.918585646650425
422.82282282282284 0.9168480737378962
423.0730730730731 0.915094684877711
423.32332332332334 0.9133255834596683
423.5735735735736 0.9115408736583887
423.82382382382383 0.9097406604231404
424.0740740740741 0.9079250494676055
424.3243243243243 0.9060941472595885
424.57457457457457 0.904248061010668
424.8248248248248 0.9023868986657956
425.07507507507506 0.9005107688928387
425.32532532532537 0.8986197810720737
425.5755755755756 0.8967140452856301
425.82582582582586 0.8947936723068814
426.0760760760761 0.8928587735897936
426.32632632632635 0.8909094612582265
426.5765765765766 0.8889458480951905
426.82682682682685 0.8869680475320617
427.0770770770771 0.8849761736377564
427.32732732732734 0.8829703411078655
427.5775775775776 0.880950665253753
427.82782782782783 0.878917261991616
428.0780780780781 0.8768702478315133
428.3283283283283 0.8748097398663595
428.5785785785786 0.8727358557608876
428.8288288288288 0.8706487137405845
429.07907907907907 0.8685484325805963
429.3293293293293 0.8664351315946093
429.57957957957956 0.8643089306237051
429.8298298298298 0.8621699500251946
430.08008008008005 0.8600183106614302
430.33033033033036 0.8578541338885979
430.5805805805806 0.8556775415454948
430.83083083083085 0.853488655942286
431.0810810810811 0.8512875998492521
431.33133133133134 0.8490744964855214
431.5815815815816 0.8468494695077932
431.83183183183183 0.844612642999051
432.0820820820821 0.8423641414572698
432.3323323323323 0.8401040897841168
432.5825825825826 0.8378326132736502
432.8328328328328 0.8355498376010155
433.0830830830831 0.8332558888111412
433.33333333333337 0.8309508933074399
433.5835835835836 0.8286349778405073
433.83383383383386 0.8263082694968331
434.0840840840841 0.8239708956875156
434.33433433433436 0.8216229841369871
434.5845845845846 0.8192646628717509
434.83483483483485 0.816896060209131
435.0850850850851 0.814517304746037
435.33533533533534 0.8121285253477463
435.5855855855856 0.8097298511367058
435.83583583583584 0.8073214114813538
436.0860860860861 0.804903335984965
436.33633633633633 0.8024757544745217
436.5865865865866 0.8000387969896101
436.8368368368368 0.7975925937713474
437.08708708708707 0.7951372752513384
437.3373373373373 0.7926729720406666
437.58758758758756 0.7901998149189193
437.8378378378378 0.7877179348232513
438.0880880880881 0.7852274628374856
438.33833833833836 0.7827285301812599
438.5885885885886 0.7802212681992109
438.83883883883885 0.7777058083502095
439.0890890890891 0.7751822821966414
439.33933933933935 0.7726508213937382
439.5895895895896 0.7701115576789618
439.83983983983984 0.7675646228614423
440.0900900900901 0.765010148811474
440.34034034034033 0.7624482674500688
440.5905905905906 0.7598791107385736
440.8408408408409 0.7573028106683487
441.09109109109113 0.7547194992505165
441.3413413413414 0.7521293085057731
441.5915915915916 0.7495323704542756
441.84184184184187 0.7469288171056017
442.0920920920921 0.7443187804487833
442.34234234234236 0.7417023924424221
442.5925925925926 0.7390797850048815
442.84284284284286 0.7364510900045662
443.0930930930931 0.7338164392502854
443.34334334334335 0.7311759644817051
443.5935935935936 0.7285297973598922
443.84384384384384 0.7258780694579516
444.0940940940941 0.7232209122517613
444.34434434434434 0.7205584571108051
444.5945945945946 0.7178908352891089
444.84484484484483 0.7152181779162811
445.0950950950951 0.7125406159886609
445.3453453453453 0.7098582803605773
445.59559559559557 0.7071713017357218
445.8458458458459 0.704479810658636
446.0960960960961 0.7017839375063225
446.34634634634637 0.6990838124799722
446.5965965965966 0.6963795655968222
446.84684684684686 0.6936713266821404
447.0970970970971 0.6909592253613404
447.34734734734735 0.6882433910522339
447.5975975975976 0.6855239529574183
447.84784784784785 0.6828010400568079
448.0980980980981 0.680074781100307
448.34834834834834 0.6773453046006334
448.59859859859864 0.6746127388262905
448.8488488488489 0.6718772117946982
449.09909909909913 0.6691388512654739
449.3493493493494 0.6663977847338836
449.5995995995996 0.6636541394244523
449.8498498498499 0.660908042284745
450.1001001001001 0.6581596199793193
450.35035035035037 0.6554089988838532
450.6006006006006 0.6526563050794535
450.85085085085086 0.6499016643471455
451.1011011011011 0.6471452021625511
451.35135135135135 0.6443870436907563
451.6016016016016 0.6416273137813737
451.85185185185185 0.6388661369638033
452.1021021021021 0.6361036374426949
452.35235235235234 0.633339939093617
452.6026026026026 0.6305751654589355
452.85285285285283 0.6278094397439076
453.1031031031031 0.6250428848129911
453.3533533533533 0.6222756231863791
453.60360360360363 0.619507777036758
453.8538538538539 0.6167394681862999
454.1041041041041 0.6139708181038834
454.35435435435437 0.6112019479025593
454.6046046046046 0.6084329783372557
454.85485485485486 0.6056640298027319
455.1051051051051 0.6028952223317825
455.35535535535536 0.6001266755936977
455.6056056056056 0.5973585088929849
455.85585585585585 0.5945908411683527
456.1061061061061 0.5918237909919648
456.3563563563564 0.5890574765689655
456.60660660660665 0.5862920157372868
456.8568568568569 0.5835275259677297
457.10710710710714 0.5807641243643391
457.3573573573574 0.5780019276650644
457.60760760760763 0.5752410522427176
457.8578578578579 0.5724816141062279
458.1081081081081 0.5697237289022027
458.3583583583584 0.5669675119167933
458.6086086086086 0.5642130780778754
458.85885885885887 0.5614605419575438
459.1091091091091 0.5587100177749291
459.35935935935936 0.555961619399338
459.6096096096096 0.5532154603537234
459.85985985985985 0.5504716538184872
460.1101101101101 0.54773031263562
460.36036036036035 0.5449915493131823
460.6106106106106 0.542255476030131
460.86086086086084 0.5395222046414937
461.1111111111111 0.5367918466838977
461.3613613613614 0.5340645133814532
461.61161161161164 0.531340315652001
461.8618618618619 0.5286193641137172
462.11211211211213 0.5259017690920917
462.3623623623624 0.523187640627274
462.6126126126126 0.5204770884817939
462.86286286286287 0.5177702221486588
463.1131131131131 0.5150671508598311
463.36336336336336 0.5123679835950896
463.6136136136136 0.5096728290912748
463.86386386386386 0.5069817958519232
464.11411411411416 0.5042949921572927
464.3643643643644 0.5016125260747821
464.61461461461465 0.4989345054697412
464.8648648648649 0.49626103801668203
465.11511511511515 0.49359223121088724
465.3653653653654 0.4909281923804185
465.61561561561564 0.4882690286985251
465.8658658658659 0.48561484719645676
466.11611611611613 0.48296575477667797
466.3663663663664 0.48032185822648604
466.6166166166166 0.4776832642320342
466.86686686686687 0.4750500793927567
467.1171171171171 0.4724224102361991
467.36736736736736 0.46980036323325053
467.6176176176176 0.4671840448137792
467.86786786786786 0.4645735613826669
468.1181181181181 0.4619690193362451
468.36836836836835 0.459370525079127
468.6186186186186 0.4567781850414356
468.86886886886884 0.4541921056964246
469.11911911911915 0.4516123935784879
469.3693693693694 0.44903915530155897
469.61961961961964 0.44647249757788676
469.8698698698699 0.44391252723719626
470.12012012012013 0.44135935124621983
470.3703703703704 0.4388130767285979
470.6206206206206 0.43627381098514345
470.8708708708709 0.4337416615144637
471.1211211211211 0.43121673603393257
471.37137137137137 0.42869914250100816
471.6216216216216 0.4261889891348858
471.8718718718719 0.42368638443847983
472.12212212212216 0.4211914372207291
472.3723723723724 0.41870425661920707
472.62262262262266 0.4162249521230396
472.8728728728729 0.4137536335961125
473.12312312312315 0.4112904113005592
473.3733733733734 0.4088353959205189
473.62362362362364 0.4063886985861524
473.8738738738739 0.40395043089790306
474.12412412412414 0.40152070495098996
474.3743743743744 0.3990996333601196
474.62462462462463 0.3966873292844015
474.8748748748749 0.3942839064524523
475.1251251251251 0.3918894791876746
475.37537537537537 0.38950416243369057
475.6256256256256 0.3871280717799168
475.87587587587586 0.384761323487261
476.1261261261261 0.38240403451392146
476.37637637637636 0.3800563225412717
476.6266266266266 0.37771830599980916
476.8768768768769 0.37539010409514734
477.12712712712715 0.37307183683403305
477.3773773773774 0.3707636250503586
477.62762762762765 0.36846559043115684
477.8778778778779 0.3661778555425482
478.12812812812814 0.36390054385561726
478.3783783783784 0.36163377977219363
478.62862862862863 0.35937768865051256
478.8788788788789 0.3571323968307271
479.1291291291292 0.3548980316602447
479.37937937937943 0.3526747215188629
479.6296296296297 0.35046259584366835
479.8798798798799 0.3482617851536783
480.13013013013017 0.3460724210741883
480.3803803803804 0.34389463636079676
480.63063063063066 0.34172856492307413
480.8808808808809 0.33957434184784496
481.13113113113116 0.33743210342204816
481.3813813813814 0.3353019871551431
481.63163163163165 0.33318413180102513
481.8818818818819 0.33107867737941554
482.13213213213214 0.32898576519669076
482.3823823823824 0.3269055378661124
482.63263263263264 0.3248381393274217
482.8828828828829 0.3227837148657598
483.13313313313313 0.3207424111298745
483.3833833833834 0.3187143761495757
483.6336336336336 0.316699759352397
483.88388388388387 0.3146987115794252
484.1341341341341 0.31271138510025476
484.38438438438436 0.3107379336270265
484.6346346346346 0.3087785123275082
484.88488488488485 0.3068332778371726
485.13513513513516 0.3049023882702333
485.3853853853854 0.30298600322959135
485.63563563563565 0.3010842838156487
485.8858858858859 0.2991973926339467
486.13613613613614 0.2973254938015831
486.3863863863864 0.2954687529523615
486.63663663663664 0.29362733724063017
486.88688688688694 0.2918014153437612
487.1371371371372 0.28999115746323095
487.38738738738743 0.288196735324244
487.6376376376377 0.28641832217386803
487.8878878878879 0.2846560927776242
488.1381381381382 0.28291022341448957
488.3883883883884 0.28118089187026574
488.63863863863867 0.2794682774292676
488.8888888888889 0.277772560864285
489.13913913913916 0.2760939244247719
489.3893893893894 0.2744325518232185
489.63963963963965 0.2727886282196589
489.8898898898899 0.27116234020427066
490.14014014014015 0.2695538757780205
490.3903903903904 0.2679634243313127
490.64064064064064 0.2663911766205953
490.8908908908909 0.2648373247428819
491.14114114114113 0.2633020621081447
491.3913913913914 0.26178558340953895
491.6416416416416 0.260288084591415
491.8918918918919 0.25880976281507917
492.1421421421421 0.25735081642226304
492.39239239239237 0.25591144489626183
492.6426426426426 0.2544918488207048
492.8928928928929 0.25309222983592083
493.14314314314316 0.2517127905928636
493.3933933933934 0.25035373470455924
493.64364364364366 0.2490152666950481
493.8938938938939 0.24769759194578522
494.14414414414415 0.24640091663946853
494.3943943943944 0.24512544770126807
494.6446446446447 0.24387139273742706
494.89489489489495 0.2426389599712097
495.1451451451452 0.2414283581761695
495.39539539539544 0.24023979660671826
495.6456456456457 0.23907348492597336
495.89589589589593 0.23792963313086457
496.1461461461462 0.2368084514744838
496.3963963963964 0.23571015038566268
496.6466466466467 0.23463494038576554
496.8968968968969 0.23358303200268643
497.14714714714717 0.23255463568204257
497.3973973973974 0.2315499616955579
497.64764764764766 0.23056922004663266
497.8978978978979 0.2296126203730981
498.14814814814815 0.22868037184715764
498.3983983983984 0.22777268307251783
498.64864864864865 0.22688976197871577
498.8988988988989 0.22603181571265268
499.14914914914914 0.2251990505273439
499.3993993993994 0.22439167166790255
499.64964964964963 0.22360988325477157
499.8998998998999 0.22285388816422722
500.1501501501501 0.2221238879061752
500.4004004004004 0.2214200824992686
500.6506506506507 0.22074267034337408
500.9009009009009 0.22009184808942261
501.15115115115117 0.21946781050667696
501.4014014014014 0.21887075034745815
501.65165165165166 0.2183008582093724
501.9019019019019 0.2177583223950828
502.15215215215215 0.2172433287696775
502.40240240240246 0.21675606061568353
502.6526526526527 0.21629669848578625
502.90290290290295 0.21586542005330878
503.1531531531532 0.2154623999605184
503.40340340340344 0.215087809664824
503.6536536536537 0.21474181728293387
503.90390390390394 0.21442458743304854
504.1541541541542 0.21413628107516364
504.40440440440443 0.21387705534956405
504.6546546546547 0.2136470634135929
504.9049049049049 0.21344645427678133
505.15515515515517 0.21327537263443172
505.4054054054054 0.21313395869974638
505.65565565565566 0.2130223480346008
505.9059059059059 0.21294067137906175
506.15615615615616 0.21288905447975537
506.4064064064064 0.21286761791719144
506.65665665665665 0.2128764769321575
506.9069069069069 0.2129157412512953
507.15715715715714 0.21298551491197798
507.4074074074074 0.21308589608661
507.65765765765764 0.21321697690647187
507.9079079079079 0.2133788432852394
508.15815815815813 0.21357157474230626
508.40840840840843 0.21379524422604373
508.6586586586587 0.2140499179371341
508.9089089089089 0.21433565515211625
509.1591591591592 0.21465250804728658
509.4094094094094 0.21500052152309818
509.65965965965967 0.21537973302920665
509.9099099099099 0.21579017239031234
510.16016016016016 0.21623186163294944
510.41041041041046 0.21670481481337886
510.6606606606607 0.21720903784673848
510.91091091091096 0.21774452833761238
511.1611611611612 0.2183112754121766
511.41141141141145 0.21890925955208634
511.6616616616617 0.2195384524302667
511.91191191191194 0.22019881674877376
512.1621621621622 0.2208903060788922
512.4124124124124 0.22161286470363883
512.6626626626627 0.22236642746283947
512.9129129129129 0.2231509196009523
513.1631631631632 0.2239662566178059
513.4134134134134 0.2248123441224267
513.6636636636637 0.22568907769012592
513.9139139139139 0.22659634272302012
514.1641641641642 0.22753401431415782
514.4144144144144 0.22850195711542487
514.6646646646647 0.2295000252094021
514.9149149149149 0.23052806198534617
515.1651651651651 0.2315859000194675
515.4154154154154 0.23267336095967403
515.6656656656656 0.23379025541495335
515.9159159159159 0.2349363828495605
516.1661661661662 0.23611153148218092
516.4164164164165 0.23731547819023135
516.6666666666667 0.23854798841947095
516.916916916917 0.23980881609907606
517.1671671671672 0.24109770356234533
517.4174174174175 0.2424143814731933
517.6676676676677 0.24375856875858598
517.917917917918 0.24512997254707394
518.1681681681682 0.24652828811357308
518.4184184184185 0.24795319883053948
518.6686686686687 0.249404376125684
518.918918918919 0.2508814794463665
519.1691691691692 0.2523841562308065
519.4194194194195 0.253912041886245
519.6696696696697 0.2554647597741847
519.91991991992 0.25704192120283503
520.1701701701702 0.25864312542688206
520.4204204204204 0.26026795965469907
520.6706706706707 0.2619159990631088
520.9209209209209 0.263586806819804
521.1711711711712 0.26527993411352613
521.4214214214214 0.26699492019209936
521.6716716716717 0.26873129240840804
521.9219219219219 0.2704885662744031
522.1721721721722 0.2722662455232159
522.4224224224224 0.2740638221794507
522.6726726726727 0.275880776637723
522.9229229229229 0.2777165777495038
523.1731731731732 0.2795706829183214
523.4234234234234 0.28144253820336906
523.6736736736736 0.28333157843155776
523.9239239239239 0.2852372273180467
524.1741741741741 0.2871588975952777
524.4244244244244 0.28909599115053186
524.6746746746746 0.29104789917202084
524.9249249249249 0.2930140023035144
525.1751751751751 0.294993670807504
525.4254254254254 0.2969862647368885
525.6756756756756 0.2989911341151643
525.925925925926 0.3010076191250947
526.1761761761762 0.30303505030581723
526.4264264264265 0.3050727487583624
526.6766766766767 0.30712002635951285
526.926926926927 0.3091761859839611
527.1771771771772 0.3112405217346913
527.4274274274275 0.3133123191815143
527.6776776776777 0.31539085560767166
527.927927927928 0.3174754002644187
528.1781781781782 0.31956521463348864
528.4284284284284 0.3216595526973302
528.6786786786787 0.3237576612170041
528.9289289289289 0.32585878001761615
529.1791791791792 0.3279621422811555
529.4294294294294 0.3300669748465999
529.6796796796797 0.33217249851714026
529.9299299299299 0.33427792837437137
530.1801801801802 0.33638247409928446
530.4304304304304 0.33848534029989386
530.6806806806807 0.34058572684531846
530.9309309309309 0.34268282920613297
531.1811811811812 0.3447758388007976
531.4314314314314 0.34686394334796466
531.6816816816818 0.3489463272244572
531.931931931932 0.3510221718287001
532.1821821821823 0.35309065594939637
532.4324324324325 0.3551509561392022
532.6826826826828 0.35720224709318144
532.932932932933 0.3592437020317935
533.1831831831832 0.36127449308816795
533.4334334334335 0.36329379169941495
533.6836836836837 0.3653007690017111
533.933933933934 0.36729459622889954
534.1841841841842 0.36927444511433183
534.4344344344345 0.37123948829567993
534.6846846846847 0.37318889972243835
534.934934934935 0.37512185506583084
535.1851851851852 0.3770375321308364
535.4354354354355 0.37893511127003937
535.6856856856857 0.38081377579900877
535.935935935936 0.38267271241290685
536.1861861861862 0.38451111160402346
536.4364364364365 0.386328168079929
536.6866866866867 0.38812308118193883
536.936936936937 0.3898950553035755
537.1871871871872 0.39164330030871647
537.4374374374374 0.3933670319491114
537.6876876876877 0.3950654722809503
537.9379379379379 0.3967378500801672
538.1881881881882 0.3983834012561566
538.4384384384384 0.40000136926358437
538.6886886886887 0.4015910055119725
538.9389389389389 0.4031515697727371
539.1891891891892 0.4046823305833588
539.4394394394394 0.40618256564836824
539.6896896896897 0.40765156223682497
539.9399399399399 0.4090886175759759
540.1901901901902 0.4104930392407747
540.4404404404404 0.4118641455389504
540.6906906906906 0.4132012658913138
540.9409409409409 0.41450374120699107
541.1911911911911 0.4157709242532811
541.4414414414415 0.4170021800198323
541.6916916916917 0.4181968860768381
541.941941941942 0.4193544329269631
542.1921921921922 0.4204742243506983
542.4424424424425 0.42155567774486724
542.6926926926927 0.42259822445399725
542.942942942943 0.42360131009428037
543.1931931931932 0.4245643948698534
543.4434434434435 0.42548695388112895
543.6936936936937 0.4263684774249217
543.943943943944 0.4272084712861124
544.1941941941942 0.4280064570206071
544.4444444444445 0.428761972229348
544.6946946946947 0.429474570823145
544.944944944945 0.4301438232781026
545.1951951951952 0.4307693168814226
545.4454454454454 0.43135065596737465
545.6956956956957 0.4318874621432301
545.9459459459459 0.4323793745049678
546.1961961961962 0.4328260498425644
546.4464464464464 0.43322716283469426
546.6966966966967 0.4335824062326696
546.9469469469469 0.4338914910334641
547.1971971971973 0.4341541466416687
547.4474474474475 0.4343701210202405
547.6976976976978 0.4345391808299151
547.947947947948 0.43466111155716025
548.1981981981983 0.4347357176305607
548.4484484484485 0.4347628225255339
548.6986986986988 0.4347422688572849
548.948948948949 0.4346739184619207
549.1991991991993 0.4345576524656535
549.4494494494495 0.4343933713420326
549.6996996996997 0.434180994957157
549.94994994995 0.4339204626028274
550.2002002002002 0.43361173301761163
550.4504504504505 0.43325478439580445
550.7007007007007 0.4328496143842739
550.950950950951 0.4323962400671998
551.2012012012012 0.4318946979387157
551.4514514514515 0.4313450438634809
551.7017017017017 0.4307473530252163
551.951951951952 0.43010171986325096
552.2022022022022 0.4294082579971341
552.4524524524525 0.42866710013938025
552.7027027027027 0.4278783979964236
552.952952952953 0.4270423221578685
553.2032032032032 0.4261590619741347
553.4534534534534 0.42522882542260215
553.7037037037037 0.42425183896237495
553.9539539539539 0.4232283473777898
554.2042042042042 0.4221586136108061
554.4544544544544 0.4210429185824233
554.7047047047047 0.4198815610032824
554.9549549549549 0.4186748571736131
555.2052052052052 0.4174231407727037
555.4554554554554 0.41612676263807313
555.7057057057057 0.41478609053453747
555.9559559559559 0.41340150891337013
556.2062062062062 0.4119734186617617
556.4564564564564 0.4105022368427966
556.7067067067067 0.40898839642616813
556.956956956957 0.4074323460098621
557.2072072072073 0.4058345495330505
557.4574574574575 0.4041954859804291
557.7077077077078 0.40251564907826526
557.957957957958 0.40079554698240055
558.2082082082082 0.39903570195847854
558.4584584584585 0.39723665005466413
558.7087087087087 0.39539894076713167
558.958958958959 0.3935231366985993
559.2092092092092 0.39160981321019755
559.4594594594595 0.3896595580669587
559.7097097097097 0.38767297107722337
559.95995995996 0.3856506637262616
560.2102102102102 0.38359325880440875
560.4604604604605 0.3815013900300235
560.7107107107107 0.3793757016675734
560.960960960961 0.37721684814116163
561.2112112112112 0.3750254936438054
561.4614614614615 0.3728023117427826
561.7117117117117 0.3705479849813638
561.961961961962 0.36826320447724714
562.2122122122122 0.3659486695180162
562.4624624624624 0.3636050871539408
562.7127127127128 0.36123317178844055
562.962962962963 0.35883364476653795
563.2132132132133 0.356407233961606
563.4634634634635 0.35395467336075165
563.7137137137138 0.3514767026491378
563.963963963964 0.3489740667935693
564.2142142142143 0.3464475156256577
564.4644644644645 0.3438978034248794
564.7147147147148 0.34132568850184136
564.964964964965 0.33873193278206276
565.2152152152153 0.336117301390582
565.4654654654655 0.333482562237693
565.7157157157158 0.3308284856061129
565.965965965966 0.3281558437398786
566.2162162162163 0.3254654104352669
566.4664664664665 0.32275796063402795
566.7167167167167 0.32003427001921914
566.966966966967 0.317295114613919
567.2172172172172 0.3145412703830994
567.4674674674675 0.3117735128389262
567.7177177177177 0.3089926166497563
567.967967967968 0.3061993552530896
568.2182182182182 0.3033945004727335
568.4684684684685 0.3005788221404272
568.7187187187187 0.2977530877221697
568.968968968969 0.29491806194948866
569.2192192192192 0.29207450645587957
569.4694694694695 0.2892231794186396
569.7197197197197 0.2863648352063132
569.96996996997 0.2835002240319584
570.2202202202202 0.2806300916124383
570.4704704704704 0.2777551788339315
570.7207207207207 0.2748762214238517
570.9709709709709 0.2719939496293552
571.2212212212212 0.2691090879026122
571.4714714714714 0.26622235459300414
571.7217217217217 0.26333446164640867
571.9719719719719 0.26044611431171855
572.2222222222222 0.25755801085473967
572.4724724724725 0.2546708422795991
572.7227227227228 0.25178529205779765
572.972972972973 0.24890203586500603
573.2232232232233 0.24602174132574006
573.4734734734735 0.24314506776599712
573.7237237237238 0.24027266597395672
573.973973973974 0.23740517796882782
574.2242242242243 0.2345432367779226
574.4744744744745 0.23168746622202394
574.7247247247248 0.22883848070911034
574.974974974975 0.22599688503649024
575.2252252252252 0.2231632742013919
575.4754754754755 0.22033823322004606
575.7257257257257 0.21752233695529186
575.975975975976 0.21471614995272695
576.2262262262262 0.2119202262854167
576.4764764764765 0.20913510940716856
576.7267267267267 0.2063613320143716
576.976976976977 0.20359941591639125
577.2272272272272 0.20084987191450474
577.4774774774775 0.19811319968935412
577.7277277277277 0.19538988769688564
577.977977977978 0.19268041307273992
578.2282282282283 0.18998524154504687
578.4784784784786 0.18730482735558182
578.7287287287288 0.18463961318920802
578.9789789789791 0.18199003011156545
579.2292292292293 0.1793564975149187
579.4794794794796 0.17673942307209364
579.7297297297298 0.1741392026984215
579.97997997998 0.17155622052160074
580.2302302302303 0.16899084885938473
580.4804804804805 0.1664434482049952
580.7307307307308 0.16391436722015842
580.980980980981 0.16140394273565387
581.2312312312313 0.15891249975926197
581.4814814814815 0.15644035149099178
581.7317317317318 0.15398779934546536
581.981981981982 0.15155513298133097
582.2322322322323 0.1491426303375739
582.4824824824825 0.14675055767658798
582.7327327327328 0.14437916963386982
582.982982982983 0.14202870927419137
583.2332332332332 0.13969940815410542
583.4834834834835 0.1373914863906335
583.7337337337337 0.1351051527359855
583.983983983984 0.13284060465815306
584.2342342342342 0.13059802842722165
584.4844844844845 0.12837759920723998
584.7347347347347 0.12617948115348396
584.984984984985 0.1240038275149521
585.2352352352352 0.1218507807419261
585.4854854854855 0.11972047259842838
585.7357357357357 0.11761302427940859
585.985985985986 0.11552854653248841
586.2362362362362 0.11346713978409383
586.4864864864865 0.11142889426980301
586.7367367367367 0.10941389016873718
586.986986986987 0.10742219774182178
587.2372372372372 0.10545387747374452
587.4874874874874 0.10350898021843714
587.7377377377377 0.10158754734790819
587.987987987988 0.09968961090425196
588.2382382382383 0.09781519375466774
588.4884884884885 0.09596430974930344
588.7387387387388 0.09413696388177033
588.988988988989 0.09233315245214563
589.2392392392393 0.090552863232299
589.4894894894895 0.08879607563337422
589.7397397397398 0.08706276087525919
589.98998998999 0.0853528821578799
590.2402402402403 0.08366639483415411
590.4904904904905 0.08200324658444356
590.7407407407408 0.080363377592345
590.990990990991 0.07874672072166168
591.2412412412413 0.07715320169440049
591.4914914914915 0.07558273926964044
591.7417417417417 0.07403524542312223
591.991991991992 0.07251062552740946
592.2422422422422 0.07100877853247617
592.4924924924925 0.06952959714657658
592.7427427427427 0.0680729680172568
592.992992992993 0.06663877191237022
593.2432432432432 0.06522688390096165
593.4934934934935 0.0638371735338884
593.7437437437438 0.06246950502404803
593.9939939939941 0.061123737426090965
594.2442442442443 0.05979972481548588
594.4944944944946 0.05849731646683023
594.7447447447448 0.05721635703128069
594.9949949949951 0.05595668671299391
595.2452452452453 0.05471814144446714
595.4954954954956 0.05350055306067286
595.7457457457458 0.052303749471883626
595.995995995996 0.051127554835088525
596.2462462462463 0.049971789723904314
596.4964964964965 0.04883627129688931
596.7467467467468 0.04772081346417052
596.996996996997 0.04662522705229835
597.2472472472473 0.045549319967247155
597.4974974974975 0.04449289735548251
597.7477477477478 0.043455761763020156
597.997997997998 0.042437713292405504
598.2482482482483 0.04143854975754463
598.4984984984985 0.04045806683632271
598.7487487487488 0.0394960582209486
598.998998998999 0.038552315765967175
599.2492492492493 0.037626629633885744
599.4994994994995 0.036718788438362925
599.7497497497498 0.035828579384912455
600.0 0.03495578840907759
