350.0 0.6592406302004438
350.25025025025025 0.6619890481951796
350.5005005005005 0.664735047996607
350.75075075075074 0.6674785046913895
351.001001001001 0.6702192930089386
351.25125125125123 0.6729572873304214
351.5015015015015 0.6756923616978405
351.7517517517517 0.6784243898231881
352.00200200200203 0.6811532450976707
352.2522522522523 0.6838788006010036
352.5025025025025 0.6866009291107803
352.75275275275277 0.6893195031119053
353.003003003003 0.6920343948060982
353.25325325325326 0.6947454761214646
353.5035035035035 0.6974526187221338
353.75375375375376 0.7001556940179609
354.004004004004 0.7028545731742942
354.25425425425425 0.7055491271218067
354.5045045045045 0.7082392265663884
354.75475475475474 0.7109247419991015
355.005005005005 0.7136055437061962
355.25525525525524 0.7162815017791854
355.5055055055055 0.7189524861249771
355.75575575575573 0.7216183664760669
356.00600600600603 0.724279012400784
356.2562562562563 0.7269342933135922
356.5065065065065 0.7295840784854498
356.7567567567568 0.7322282370542166
357.007007007007 0.7348666380351163
357.25725725725727 0.7374991503312488
357.5075075075075 0.7401256427441526
357.75775775775776 0.7427459839844153
358.008008008008 0.7453600426823317
358.25825825825825 0.7479676873986085
358.5085085085085 0.7505687866351134
358.75875875875874 0.7531632088456682
359.009009009009 0.7557508224468855
359.25925925925924 0.7583314958290456
359.5095095095095 0.7609050973670142
359.75975975975973 0.7634714954311992
360.01001001001003 0.7660305583985457
360.2602602602603 0.7685821546635646
360.5105105105105 0.7711261526494024
360.7607607607608 0.773662420818939
361.011011011011 0.7761908276859207
361.26126126126127 0.7787112418261258
361.5115115115115 0.7812235318885574
361.76176176176176 0.7837275666066679
362.012012012012 0.786223214809609
362.26226226226225 0.7887103454335093
362.5125125125125 0.7911888275327752
362.76276276276275 0.793658530291417
363.013013013013 0.7961193230343954
363.26326326326324 0.7985710752389905
363.5135135135135 0.8010136565461897
363.7637637637638 0.8034469367720929
364.01401401401404 0.8058707859193333
364.2642642642643 0.808285074188519
364.51451451451453 0.8106896719896817
364.7647647647648 0.813084449953742
365.015015015015 0.8154692789439841
365.26526526526527 0.8178440300675421
365.5155155155155 0.8202085746868919
365.76576576576576 0.822562784431353
366.016016016016 0.8249065312085931
366.26626626626626 0.8272396872161385
366.5165165165165 0.8295621249528866
366.76676676676675 0.8318737172306193
367.017017017017 0.8341743371855166
367.26726726726724 0.8364638582896683
367.5175175175175 0.8387421543625823
367.7677677677678 0.8410090995826891
368.01801801801804 0.8432645684988378
368.2682682682683 0.8455084360417894
368.51851851851853 0.8477405775356961
368.7687687687688 0.8499608687095727
369.019019019019 0.8521691857087559
369.2692692692693 0.8543654051063494
369.5195195195195 0.8565494039146554
369.76976976976977 0.8587210595965882
370.02002002002 0.8608802500770718
370.27027027027026 0.8630268537544167
370.5205205205205 0.8651607495116765
370.77077077077075 0.867281816727983
371.021021021021 0.8693899352898561
371.2712712712713 0.8714849856024903
371.52152152152155 0.873566848601012
371.7717717717718 0.8756354057617122
372.02202202202204 0.8776905391132467
372.2722722722723 0.8797321312478066
372.52252252252254 0.881760065332255
372.7727727727728 0.8837742251192315
373.02302302302303 0.88577449495822
373.2732732732733 0.8877607598065791
373.5235235235235 0.8897329052405354
373.77377377377377 0.8916908174661361
374.024024024024 0.8936343833301601
374.27427427427426 0.895563490330987
374.5245245245245 0.8974780266294206
374.77477477477476 0.899377881059468
375.025025025025 0.9012629431390711
375.27527527527525 0.9031331030807884
375.52552552552555 0.904988251802429
375.7757757757758 0.9068282809376317
376.02602602602605 0.9086530828463951
376.2762762762763 0.9104625506255509
376.52652652652654 0.9122565781191809
376.7767767767768 0.9140350599289793
377.02702702702703 0.9157978914245535
377.2772772772773 0.9175449687536668
377.5275275275275 0.9192761888524191
377.77777777777777 0.9209914494553652
378.028028028028 0.922690649105567
378.27827827827826 0.9243736871645828
378.5285285285285 0.9260404638223884
378.77877877877876 0.9276908801072287
379.02902902902906 0.9293248378954019
379.2792792792793 0.9309422399209701
379.52952952952955 0.9325429897854002
379.7797797797798 0.9341269919671294
380.03003003003005 0.935694151831055
380.2802802802803 0.9372443756379499
380.53053053053054 0.9387775705537986
380.7807807807808 0.9402936446590554
381.03103103103103 0.9417925069578206
381.2812812812813 0.9432740673869382
381.5315315315315 0.944738236825007
381.7817817817818 0.9461849271013112
382.032032032032 0.9476140510046624
382.28228228228227 0.9490255222921575
382.5325325325325 0.9504192556978476
382.78278278278276 0.951795166941318
383.033033033033 0.953153172736178
383.2832832832833 0.9544931907984595
383.53353353353356 0.9558151398549223
383.7837837837838 0.9571189396512668
384.03403403403405 0.9584045109602503
384.2842842842843 0.9596717755897081
384.53453453453454 0.9609206563904773
384.7847847847848 0.9621510772642218
385.03503503503504 0.9633629631711581
385.2852852852853 0.9645562401376808
385.53553553553553 0.9657308352638856
385.7857857857858 0.9668866767309903
386.036036036036 0.968023693808652
386.28628628628627 0.9691418168621792
386.5365365365365 0.9702409773596372
386.7867867867868 0.9713211078788493
387.03703703703707 0.9723821421142862
387.2872872872873 0.97342401488385
387.53753753753756 0.9744466621355472
387.7877877877878 0.9754500209540494
388.03803803803805 0.9764340295671446
388.2882882882883 0.977398627352075
388.53853853853855 0.9783437548417596
388.7887887887888 0.9792693537309056
389.03903903903904 0.9801753668820011
389.2892892892893 0.9810617383311941
389.53953953953953 0.9819284132940529
389.7897897897898 0.9827753381712092
390.04004004004 0.983602460553883
390.2902902902903 0.9844097292292864
390.5405405405405 0.9851970941859095
390.79079079079077 0.9859645066186828
391.04104104104107 0.9867119189340199
391.2912912912913 0.9874392847547356
391.54154154154156 0.988146558924843
391.7917917917918 0.9888336975142253
392.04204204204206 0.9895006578231832
392.2922922922923 0.9901473983868567
392.54254254254255 0.9907738789795224
392.7927927927928 0.9913800606187623
393.04304304304304 0.9919659055695073
393.2932932932933 0.9925313773479517
393.54354354354354 0.9930764407253402
393.7937937937938 0.9936010617316254
394.044044044044 0.9941052076589968
394.2942942942943 0.994588847065279
394.5445445445446 0.9950519497772
394.7947947947948 0.9954944868935288
395.0450450450451 0.9959164307880815
395.2952952952953 0.9963177551125952
395.54554554554556 0.9966984347994713
395.7957957957958 0.9970584460643839
396.04604604604606 0.9973977664087571
396.2962962962963 0.9977163746221083
396.54654654654655 0.9980142507842585
396.7967967967968 0.998291376267407
397.04704704704704 0.998547733738074
397.2972972972973 0.998783307158907
397.54754754754754 0.9989980817903532
397.7977977977978 0.9991920441921964
398.04804804804803 0.9993651822249597
398.2982982982983 0.9995174850511701
398.5485485485485 0.9996489431364912
398.7987987987988 0.9997595482507169
399.0490490490491 0.9998492934686303
399.2992992992993 0.9999181731707268
399.54954954954957 0.9999661830438009
399.7997997997998 0.9999933200813957
400.05005005005006 0.9999995825841177
400.3003003003003 0.9999849701598137
400.55055055055055 0.999949483723612
400.8008008008008 0.9998931254978275
401.05105105105105 0.9998158990117291
401.3013013013013 0.9997178091011724
401.55155155155154 0.9995988619080947
401.8018018018018 0.9994590648798745
402.05205205205203 0.9992984267685543
402.30230230230234 0.9991169576299281
402.5525525525526 0.9989146688224924
402.80280280280283 0.998691573006261
403.0530530530531 0.9984476841414458
403.3033033033033 0.9981830174870002
403.55355355355357 0.9978975895990295
403.8038038038038 0.9975914183290638
404.05405405405406 0.9972645228221989
404.3043043043043 0.9969169235151005
404.55455455455456 0.9965486421338757
404.8048048048048 0.9961597016918106
405.05505505505505 0.9957501264869731
405.3053053053053 0.9953199420996846
405.55555555555554 0.994869175389857
405.8058058058058 0.9943978544941989
406.05605605605604 0.9939060088232888
406.3063063063063 0.9933936690585171
406.5565565565566 0.9928608671488974
406.80680680680683 0.9923076363077463
407.0570570570571 0.9917340110092343
407.3073073073073 0.9911400269848054
407.5575575575576 0.9905257212194697
407.8078078078078 0.9898911319479654
408.05805805805807 0.9892362986507943
408.3083083083083 0.9885612620501292
408.55855855855856 0.9878660641055944
408.8088088088088 0.9871507480099204
409.05905905905905 0.9864153581844727
409.3093093093093 0.985659940274656
409.55955955955955 0.9848845411451935
409.8098098098098 0.9840892088752842
410.0600600600601 0.9832739927536345
410.31031031031034 0.9824389432733716
410.5605605605606 0.9815841121268315
410.81081081081084 0.9807095522002295
411.0610610610611 0.9798153175682087
411.31131131131133 0.9789014634882712
411.5615615615616 0.9779680463950897
411.8118118118118 0.9770151238947024
412.06206206206207 0.9760427547585909
412.3123123123123 0.9750509989176435
412.56256256256256 0.9740399174560014
412.8128128128128 0.9730095726047939
413.06306306306305 0.9719600277357582
413.3133133133133 0.9708913473547484
413.56356356356355 0.9698035970951324
413.8138138138138 0.9686968437110802
414.06406406406404 0.9675711550707411
414.3143143143143 0.9664266001493139
414.5645645645646 0.9652632490220092
414.81481481481484 0.9640811728569072
415.0650650650651 0.962880443907707
415.31531531531533 0.961661135506375
415.5655655655656 0.9604233220556893
415.8158158158158 0.9591670790216811
416.06606606606607 0.9578924829259771
416.3163163163163 0.9565996113380398
416.56656656656656 0.9552885428673124
416.8168168168168 0.9539593571552624
417.06706706706706 0.9526121348673321
417.3173173173173 0.951246957684792
417.5675675675676 0.9498639082965015
417.81781781781785 0.9484630703905762
418.0680680680681 0.9470445286459628
418.31831831831835 0.9456083687239255
418.5685685685686 0.9441546772594415
418.81881881881884 0.9426835418525102
419.0690690690691 0.9411950510593745
419.31931931931933 0.9396892943836574
419.5695695695696 0.9381663622674147
419.8198198198198 0.9366263460821038
420.0700700700701 0.9350693381194735
420.3203203203203 0.9334954315823706
420.57057057057057 0.9319047205754701
420.8208208208208 0.9302973000959271
421.07107107107106 0.9286732660239525
421.3213213213213 0.9270327151133141
421.57157157157155 0.9253757449817642
421.8218218218218 0.9237024541013966
422.07207207207205 0.9220129417889302
422.32232232232235 0.9203073081959268
422.5725725725726 0.9185856542989398
422.82282282282284 0.916848081889595
423.0730730730731 0.9150946935646094
423.32332332332334 0.9133255927157454
423.5735735735736 0.9115408835197027
423.82382382382383 0.909740670927951
424.0740740740741 0.9079250606565022
424.3243243243243 0.9060941591756272
424.57457457457457 0.9042480736995148
424.8248248248248 0.9023869121758781
425.07507507507506 0.9005107832755067
425.32532532532537 0.8986197963817679
425.5755755755756 0.8967140615800604
425.82582582582586 0.894793689647215
426.0760760760761 0.8928587920408535
426.32632632632635 0.890909480888701
426.5765765765766 0.8889458689778534
426.82682682682685 0.8869680697440053
427.0770770770771 0.884976197260637
427.32732732732734 0.8829703662281614
427.5775775775776 0.8809506919630372
427.82782782782783 0.8789172903868435
428.0780780780781 0.8768702780153236
428.3283283283283 0.8748097719473946
428.5785785785786 0.8727358898541288
428.8288288288288 0.8706487499677047
429.07907907907907 0.868548471070333
429.3293293293293 0.8664351724831555
429.57957957957956 0.8643089740551225
429.8298298298298 0.8621699961518476
430.08008008008005 0.8600183596444423
430.33033033033036 0.8578541858983323
430.5805805805806 0.8556775967620601
430.83083083083085 0.853488714556068
431.0810810810811 0.8512876620614732
431.33133133133134 0.8490745625088283
431.5815815815816 0.8468495395668754
431.83183183183183 0.8446127173312907
432.0820820820821 0.842364220313425
432.3323323323323 0.8401041734290391
432.5825825825826 0.8378327019870393
432.8328328328328 0.8355499316782112
433.0830830830831 0.8332559885639563
433.33333333333337 0.830950999065034
433.5835835835836 0.8286350899503051
433.83383383383386 0.8263083883254876
434.0840840840841 0.8239710216219206
434.33433433433436 0.8216231175853389
434.5845845845846 0.8192648042646626
434.83483483483485 0.8168962100008024
435.0850850850851 0.8145174634154808
435.33533533533534 0.8121286934000758
435.5855855855856 0.8097300291044841
435.83583583583584 0.8073215999260094
436.0860860860861 0.804903535498276
436.33633633633633 0.8024759656801712
436.5865865865866 0.8000390205448176
436.8368368368368 0.7975928303685769
437.08708708708707 0.7951375256200897
437.3373373373373 0.7926732369493512
437.58758758758756 0.790200095176826
437.8378378378378 0.7877182312826038
438.0880880880881 0.7852277763955985
438.33833833833836 0.7827288617827953
438.5885885885886 0.7802216188385411
438.83883883883885 0.7777061790738898
439.0890890890891 0.775182674105998
439.33933933933935 0.7726512356475761
439.5895895895896 0.7701119954963982
439.83983983983984 0.7675650855248703
440.0900900900901 0.7650106376696615
440.34034034034033 0.7624487839214005
440.5905905905906 0.7598796563144395
440.8408408408409 0.7573033869166869
441.09109109109113 0.7547201078195163
441.3413413413414 0.7521299511277443
441.5915915915916 0.749533048949693
441.84184184184187 0.7469295333873284
442.0920920920921 0.7443195365264842
442.34234234234236 0.7417031904271717
442.5925925925926 0.7390806271139769
442.84284284284286 0.7364519785665513
443.0930930930931 0.7338173767101955
443.34334334334335 0.731176953406542
443.5935935935936 0.7285308404443364
443.84384384384384 0.7258791695303233
444.0940940940941 0.7232220722802385
444.34434434434434 0.7205596802099102
444.5945945945946 0.7178921247264728
444.84484484484483 0.7152195371196964
445.0950950950951 0.712542048553436
445.3453453453453 0.7098597900572007
445.59559559559557 0.7071728925178516
445.8458458458459 0.7044814866714243
446.0960960960961 0.7017857030950887
446.34634634634637 0.6990856721992382
446.5965965965966 0.6963815242197227
446.84684684684686 0.6936733892102219
447.0970970970971 0.6909613970347654
447.34734734734735 0.6882456773604024
447.5975975975976 0.6855263596500237
447.84784784784785 0.6828035731553422
448.0980980980981 0.680077446910033
448.34834834834834 0.6773481097230388
448.59859859859864 0.6746156901720431
448.8488488488489 0.6718803165971186
449.09909909909913 0.6691421170945446
449.3493493493494 0.6664012195108143
449.5995995995996 0.6636577514368188
449.8498498498499 0.6609118402022243
450.1001001001001 0.6581636128700394
450.35035035035037 0.6554131962313801
450.6006006006006 0.6526607168004365
450.85085085085086 0.6499063008096437
451.1011011011011 0.6471500742050645
451.35135135135135 0.6443921626419835
451.6016016016016 0.6416326914807231
451.85185185185185 0.63887178578268
452.1021021021021 0.636109570306592
452.35235235235234 0.6333461695050344
452.6026026026026 0.6305817075211565
452.85285285285283 0.6278163081856578
453.1031031031031 0.6250500950140109
453.3533533533533 0.6222831912039373
453.60360360360363 0.6195157196331367
453.8538538538539 0.6167478028572814
454.1041041041041 0.6139795631082708
454.35435435435437 0.6112111222927626
454.6046046046046 0.6084426019909764
454.85485485485486 0.6056741234557793
455.1051051051051 0.6029058076120575
455.35535535535536 0.6001377750563778
455.6056056056056 0.5973701460569472
455.85585585585585 0.5946030405538723
456.1061061061061 0.5918365781597246
456.3563563563564 0.5890708781604177
456.60660660660665 0.5863060595164047
456.8568568568569 0.5835422408641893
457.10710710710714 0.5807795405181719
457.3573573573574 0.5780180764728245
457.60760760760763 0.5752579664052028
457.8578578578579 0.5724993276778009
458.1081081081081 0.5697422773417556
458.3583583583584 0.5669869321404006
458.6086086086086 0.564233408513181
458.85885885885887 0.5614818225999301
459.1091091091091 0.5587322902455139
459.35935935935936 0.5559849270048494
459.6096096096096 0.5532398481483012
459.85985985985985 0.5504971686674605
460.1101101101101 0.5477570032813128
460.36036036036035 0.5450194664427974
460.6106106106106 0.5422846723457664
460.86086086086084 0.5395527349323433
461.1111111111111 0.5368237679006912
461.3613613613614 0.534097884713189
461.61161161161164 0.531375198605029
461.8618618618619 0.5286558225932264
462.11211211211213 0.5259398694860602
462.3623623623624 0.523227451892939
462.6126126126126 0.5205186822346998
462.86286286286287 0.5178136727543423
463.1131131131131 0.5151125355282031
463.36336336336336 0.512415382477574
463.6136136136136 0.5097223253807641
463.86386386386386 0.5070334758856141
464.11411411411416 0.5043489455224611
464.3643643643644 0.5016688457175614
464.61461461461465 0.4989932878069657
464.8648648648649 0.49632238305085924
465.11511511511515 0.4936562426483618
465.3653653653654 0.49099497775279166
465.61561561561564 0.4883386994873945
465.8658658658659 0.48568751896153967
466.11611611611613 0.4830415472873833
466.3663663663664 0.4804008955969992
466.6166166166166 0.4777656750599801
466.86686686686687 0.4751359969015046
467.1171171171171 0.47251197242087567
467.36736736736736 0.4698937130105237
467.6176176176176 0.46728133017547885
467.86786786786786 0.46467493555330586
468.1181181181181 0.46207464093450484
468.36836836836835 0.45948055828337137
468.6186186186186 0.456892799759316
468.86886886886884 0.45431147773863934
469.11911911911915 0.45173670483675776
469.3693693693694 0.4491685939308806
469.61961961961964 0.4466072581831248
469.8698698698699 0.444052811064074
470.12012012012013 0.4415053663767677
470.3703703703704 0.4389650382811174
470.6206206206206 0.4364319413187446
470.8708708708709 0.43390619043823025
471.1211211211211 0.4313879010207714
471.37137137137137 0.4288771889062344
471.6216216216216 0.42637417041959647
471.8718718718719 0.42387896239776557
472.12212212212216 0.4213916822167728
472.3723723723724 0.4189124478193157
472.62262262262266 0.4164413777426543
472.8728728728729 0.4139785911468391
473.12312312312315 0.4115242078432606
473.3733733733734 0.4090783483235063
473.62362362362364 0.4066411337885127
473.8738738738739 0.40421268617799405
474.12412412412414 0.4017931282001358
474.3743743743744 0.39938258336153326
474.62462462462463 0.39698117599735927
474.8748748748749 0.39458903130174294
475.1251251251251 0.39220627535834085
475.37537537537537 0.3898330351710796
475.6256256256256 0.3874694386950504
475.87587587587586 0.38511561486753454
476.1261261261261 0.3827716936391359
476.37637637637636 0.38043780600499927
476.6266266266266 0.3781140840360893
476.8768768768769 0.3758006609105054
477.12712712712715 0.37349767094480946
477.3773773773774 0.3712052496253322
477.62762762762765 0.36892353363944125
477.8778778778779 0.3666526609067351
478.12812812812814 0.3643927706101354
478.3783783783784 0.3621440032268479
478.62862862862863 0.35990650055916146
478.8788788788789 0.3576804057650515
479.1291291291292 0.3554658633885559
479.37937937937943 0.35326301938989135
479.6296296296297 0.3510720211752692
479.8798798798799 0.3488930176263831
480.13013013013017 0.34672615912952676
480.3803803803804 0.3445715976043055
480.63063063063066 0.3424294865319031
480.8808808808809 0.34029998098286507
481.13113113113116 0.3381832376443577
481.3813813813814 0.3360794148468625
481.63163163163165 0.3339886725902627
481.8818818818819 0.3319111725692806
482.13213213213214 0.3298470781982213
482.3823823823824 0.3277965546349782
482.63263263263264 0.32575976880425583
482.8828828828829 0.3237368894199627
483.13313313313313 0.3217280870067287
483.3833833833834 0.3197335339204987
483.6336336336336 0.31775340436815325
483.88388388388387 0.31578787442611
484.1341341341341 0.3138371220578524
484.38438438438436 0.31190132713033875
484.6346346346346 0.30998067142923863
484.88488488488485 0.3080753386729451
485.13513513513516 0.30618551452531184
485.3853853853854 0.3043113866070625
485.63563563563565 0.3024531445058155
485.8858858858859 0.30061097978467627
486.13613613613614 0.2987850859893395
486.3863863863864 0.29697565865364667
486.63663663663664 0.29518289530354597
486.88688688688694 0.2934069954593973
487.1371371371372 0.29164816063657173
487.38738738738743 0.28990659434428045
487.6376376376377 0.28818250208258955
487.8878878878879 0.2864760913375562
488.1381381381382 0.2847875715744333
488.3883883883884 0.28311715422888706
488.63863863863867 0.28146505269617195
488.8888888888889 0.27983148231820615
489.13913913913916 0.2782166603684931
489.3893893893894 0.2766208060348343
489.63963963963965 0.2750441403997773
489.8898898898899 0.27348688641874624
490.14014014014015 0.2719492688957982
490.3903903903904 0.27043151445695524
490.64064064064064 0.268933851521056
490.8908908908909 0.2674565102680769
491.14114114114113 0.26599972260486976
491.3913913913914 0.26456372212826695
491.6416416416416 0.26314874408550115
491.8918918918919 0.26175502533189443
492.1421421421421 0.2603828042857662
492.39239239239237 0.2590323208805135
492.6426426426426 0.25770381651381874
492.8928928928929 0.2563975339939406
493.14314314314316 0.25511371748304507
493.3933933933934 0.25385261243753154
493.64364364364366 0.25261446554532113
493.8938938938939 0.2513995246600622
494.14414414414415 0.2502080387322182
494.3943943943944 0.24904025773700436
494.6446446446447 0.247896432599138
494.89489489489495 0.24677681511437283
495.1451451451452 0.2456816578677857
495.39539539539544 0.24461121414879114
495.6456456456457 0.24356573786285765
495.89589589589593 0.2425454834399028
496.1461461461462 0.24155070573934703
496.3963963963964 0.24058165995180883
496.6466466466467 0.23963860149742516
496.8968968968969 0.23872178592078475
497.14714714714717 0.23783146878246458
497.3973973973974 0.23696790554716207
497.64764764764766 0.2361313514684183
497.8978978978979 0.23532206146993143
498.14814814814815 0.23454029002346188
498.3983983983984 0.23378629102333387
498.64864864864865 0.23306031765754065
498.8988988988989 0.23236262227546642
499.14914914914914 0.23169345625223695
499.3993993993994 0.23105306984971946
499.64964964964963 0.23044171207419106
499.8998998998999 0.22985963053070196
500.1501501501501 0.2293070712741613
500.4004004004004 0.22878427865717904
500.6506506506507 0.22829149517469788
500.9009009009009 0.22782896130545743
501.15115115115117 0.22739691535033185
501.4014014014014 0.22699559326759033
501.65165165165166 0.2266252285051314
501.9019019019019 0.22628605182974568
502.15215215215215 0.22597829115346804
502.40240240240246 0.22570217135708098
502.6526526526527 0.22545791411083937
502.90290290290295 0.22524573769248527
503.1531531531532 0.2250658568026317
503.40340340340344 0.22491848237759407
503.6536536536537 0.22480382139975374
503.90390390390394 0.22472207670554284
504.1541541541542 0.22467344679114254
504.40440440440443 0.22465812561599274
504.6546546546547 0.22467630240421382
504.9049049049049 0.22472816144404617
505.15515515515517 0.2248138818854176
505.4054054054054 0.22493363753575213
505.65565565565566 0.22508759665413894
505.9059059059059 0.2252759217439834
506.15615615615616 0.22549876934426732
506.4064064064064 0.22575628981954765
506.65665665665665 0.22604862714883026
506.9069069069069 0.22637591871345608
507.15715715715714 0.22673829508414237
507.4074074074074 0.22713587980732686
507.65765765765764 0.22756878919096318
507.9079079079079 0.2280371320899239
508.15815815815813 0.22854100969116756
508.40840840840843 0.22908051529883194
508.6586586586587 0.22965573411941795
508.9089089089089 0.2302667430472338
509.1591591591592 0.23091361045027015
509.4094094094094 0.2315963959566814
509.65965965965967 0.23231515024205224
509.9099099099099 0.23306991481762973
510.16016016016016 0.23386072181970513
510.41041041041046 0.23468759380033333
510.6606606606607 0.23555054351957705
510.91091091091096 0.23644957373947162
511.1611611611612 0.2373846770199004
511.41141141141145 0.2383558355165804
511.6616616616617 0.2393630207813553
511.91191191191194 0.2404061935649971
512.1621621621622 0.24148530362271747
512.4124124124124 0.24260028952259427
512.6626626626627 0.24375107845711597
512.9129129129129 0.244937586058053
513.1631631631632 0.24615971621486038
513.4134134134134 0.24741736089682248
513.6636636636637 0.2487103999791464
513.9139139139139 0.2500387010732145
514.1641641641642 0.25140211936120443
514.4144144144144 0.25280049743528643
514.6646646646647 0.2542336651416079
514.9149149149149 0.25570143942927104
515.1651651651651 0.25720362420451576
515.4154154154154 0.25874001019031084
515.6656656656656 0.2603103747915625
515.9159159159159 0.2619144819661434
516.1661661661662 0.2635520821019464
516.4164164164165 0.265222911900161
516.6666666666667 0.26692669426498017
516.916916916917 0.2686631381999243
517.1671671671672 0.27043193871098303
517.4174174174175 0.27223277671676627
517.6676676676677 0.27406531896585223
517.917917917918 0.27592921796151787
518.1681681681682 0.27782411189403555
518.4184184184185 0.2797496245807126
518.6686686686687 0.28170536541384944
518.918918918919 0.2836909293167867
519.1691691691692 0.28570589670820634
519.4194194194195 0.28774983347484934
519.6696696696697 0.2898222909528053
519.91991991992 0.2919228059175258
520.1701701701702 0.29405090058270705
520.4204204204204 0.29620608260818276
520.6706706706707 0.2983878451169607
520.9209209209209 0.30059566672153215
521.1711711711712 0.30282901155957626
521.4214214214214 0.30508732933917465
521.6716716716717 0.3073700553936453
521.9219219219219 0.3096766107460983
522.1721721721722 0.3120064021838074
522.4224224224224 0.3143588223424856
522.6726726726727 0.3167332498005449
522.9229229229229 0.31912904918341256
523.1731731731732 0.3215455712779677
523.4234234234234 0.3239821531571555
523.6736736736736 0.32643811831482744
523.9239239239239 0.328912776810846
524.1741741741741 0.3314054254264871
524.4244244244244 0.3339153478301609
524.6746746746746 0.33644181475346646
524.9249249249249 0.33898408417758363
525.1751751751751 0.3415414015299995
525.4254254254254 0.34411299989155436
525.6756756756756 0.34669810021378544
525.925925925926 0.34929591154653716
526.1761761761762 0.3519056312757895
526.4264264264265 0.35452644537167066
526.6766766766767 0.35715752864656936
526.926926926927 0.35979804502329565
527.1771771771772 0.3624471478131998
527.4274274274275 0.36510398000416494
527.6776776776777 0.3677676745583687
527.927927927928 0.37043735471970934
528.1781781781782 0.3731121343307729
528.4284284284284 0.3757911181592147
528.6786786786787 0.37847340223341586
528.9289289289289 0.38115807418726544
529.1791791791792 0.3838442136139112
529.4294294294294 0.38653089242830935
529.6796796796797 0.3892171752383974
529.9299299299299 0.3919021197247025
530.1801801801802 0.39458477702818784
530.4304304304304 0.39726419214613307
530.6806806806807 0.3999394043358324
530.9309309309309 0.40260944752588695
531.1811811811812 0.4052733507348582
531.4314314314314 0.40793013849704063
531.6816816816818 0.4105788312951044
531.931931931932 0.41321844599934254
532.1821821821823 0.4158479963132717
532.4324324324325 0.41846649322528934
532.6826826826828 0.4210729454661204
532.932932932933 0.42366635997175667
533.1831831831832 0.4262457423515901
533.4334334334335 0.42881009736143605
533.6836836836837 0.43135842938113284
533.933933933934 0.43388974289639903
534.1841841841842 0.43640304298462135
534.4344344344345 0.43889733580424245
534.6846846846847 0.441371629087411
534.934934934935 0.4438249326355481
535.1851851851852 0.44625625881748443
535.4354354354355 0.4486646230698114
535.6856856856857 0.45104904439908966
535.935935935936 0.45340854588555096
536.1861861861862 0.45574215518792716
536.4364364364365 0.4580489050490343
536.6866866866867 0.46032783380173947
536.936936936937 0.46257798587493254
537.1871871871872 0.46479841229912244
537.4374374374374 0.4669881712112773
537.6876876876877 0.46914632835852343
537.9379379379379 0.47127195760031887
538.1881881881882 0.47336414140871363
538.4384384384384 0.47542197136631
538.6886886886887 0.4774445486615353
538.9389389389389 0.4794309845808392
539.1891891891892 0.48138040099742685
539.4394394394394 0.4832919308561444
539.6896896896897 0.4851647186541277
539.9399399399399 0.48699792091683297
540.1901901901902 0.4887907066690664
540.4404404404404 0.49054225790063305
540.6906906906906 0.49225177002622866
540.9409409409409 0.4939184523392006
541.1911911911911 0.495541528458807
541.4414414414415 0.4971202367706093
541.6916916916917 0.4986538308596325
541.941941941942 0.5001415799359442
542.1921921921922 0.5015827692522892
542.4424424424425 0.5029767005134403
542.6926926926927 0.5043226922769231
542.942942942943 0.5056200803447779
543.1931931931932 0.5068682181460323
543.4434434434435 0.5080664771095632
543.6936936936937 0.5092142470270319
543.943943943944 0.5103109364055891
544.1941941941942 0.5113559728100477
544.4444444444445 0.5123488031942364
544.6946946946947 0.5132888942212486
544.944944944945 0.5141757325723174
545.1951951951952 0.5150088252440499
545.4454454454454 0.5157876998337686
545.6956956956957 0.516511904812713
545.9459459459459 0.5171810097868704
546.1961961961962 0.5177946057452073
546.4464464464464 0.5183523052950905
546.6966966966967 0.5188537428846952
546.9469469469469 0.5192985750122057
547.1971971971973 0.5196864804216296
547.4474474474475 0.5200171602850552
547.6976976976978 0.5202903383711968
547.947947947948 0.520505761200077
548.1981981981983 0.5206631981837164
548.4484484484485 0.520762441752707
548.6986986986988 0.5208033074685583
548.948948948949 0.5207856341217206
549.1991991991993 0.5207092838152002
549.4494494494495 0.5205741420336915
549.6996996996997 0.5203801176981705
549.94994994995 0.5201271432058987
550.2002002002002 0.5198151744558045
550.4504504504505 0.5194441908592216
550.7007007007007 0.5190141953359735
550.950950950951 0.5185252142958099
551.2012012012012 0.5179772976052106
551.4514514514515 0.5173705185395875
551.7017017017017 0.5167049737209272
551.951951951952 0.515980783040928
552.2022022022022 0.5151980895697009
552.4524524524525 0.5143570594501147
552.7027027027027 0.5134578817778759
552.952952952953 0.5125007684674521
553.2032032032032 0.5114859541039547
553.4534534534534 0.5104136957811095
553.7037037037037 0.50928427292546
553.9539539539539 0.5080979871069529
554.2042042042042 0.5068551618360753
554.4544544544544 0.5055561423477171
554.7047047047047 0.5042012953719474
554.9549549549549 0.5027910088919056
555.2052052052052 0.5013256918890139
555.4554554554554 0.4998057740757345
555.7057057057057 0.49823170561610175
555.9559559559559 0.49660395683426917
556.2062062062062 0.494923017911323
556.4564564564564 0.4931893985706232
556.7067067067067 0.49140362775194063
556.956956956957 0.4895662532746684
557.2072072072073 0.487677841490401
557.4574574574575 0.4857389769251623
557.7077077077078 0.4837502619116057
557.957957957958 0.48171231621148186
558.2082082082082 0.47962577662870215
558.4584584584585 0.47749129661331874
558.7087087087087 0.47530954585675717
558.958958958959 0.4730812098786382
559.2092092092092 0.4708069896055356
559.4594594594595 0.468487600942018
559.7097097097097 0.4661237743343331
559.95995995996 0.463716254327093
560.2102102102102 0.4612657991133258
560.4604604604605 0.45877318007826395
560.7107107107107 0.4562391813372388
560.960960960961 0.4536645992680619
561.2112112112112 0.45105024203826793
561.4614614614615 0.44839692912760243
561.7117117117117 0.445705490846138
561.961961961962 0.44297676784840323
562.2122122122122 0.44021161064391234
562.4624624624624 0.4374108791044808
562.7127127127128 0.434575441968716
562.962962962963 0.4317061763440773
563.2132132132133 0.4288039672068744
563.4634634634635 0.4258697069006172
563.7137137137138 0.42290429463308427
563.963963963964 0.4199086359725016
564.2142142142143 0.41688364234321473
564.4644644644645 0.4138302305212339
564.7147147147148 0.4107493221300319
564.964964964965 0.4076418431369691
565.2152152152153 0.4045087233507187
565.4654654654655 0.40135089592006074
565.7157157157158 0.3981692968344097
565.965965965966 0.39496486442643713
566.2162162162163 0.3917385388771432
566.4664664664665 0.3884912617237314
566.7167167167167 0.38522397537062963
566.966966966967 0.3819376226040002
567.2172172172172 0.3786331461100716
567.4674674674675 0.37531148799762165
567.7177177177177 0.37197358932493507
567.967967967968 0.3686203896315485
568.2182182182182 0.3652528264750938
568.4684684684685 0.3618718349735412
568.7187187187187 0.3584783473531345
568.968968968969 0.3550732925023068
569.2192192192192 0.35165759553185477
569.4694694694695 0.34823217734164197
569.7197197197197 0.34479795419409376
569.96996996997 0.34135583729473823
570.2202202202202 0.33790673238003816
570.4704704704704 0.33445153931275057
570.7207207207207 0.3309911516850425
570.9709709709709 0.3275264564295808
571.2212212212212 0.32405833343880647
571.4714714714714 0.3205876551925929
571.7217217217217 0.31711528639448044
571.9719719719719 0.31364208361666623
572.2222222222222 0.3101688949539248
572.4724724724725 0.30669655968661685
572.7227227227228 0.3032259079529499
572.972972972973 0.29975776043061
573.2232232232233 0.2962929280279289
573.4734734734735 0.2928322115846859
573.7237237237238 0.2893764015826688
573.973973973974 0.28592627786609365
574.2242242242243 0.2824826093719804
574.4744744744745 0.2790461538705653
574.7247247247248 0.2756176577158271
574.974974974975 0.2721978556061901
575.2252252252252 0.26878747035546013
575.4754754754755 0.26538721267403775
575.7257257257257 0.2619977809604461
575.975975975976 0.2586198611031987
576.2262262262262 0.25525412629302496
576.4764764764765 0.25190123684546084
576.7267267267267 0.24856184003380435
576.976976976977 0.24523656993242457
577.2272272272272 0.24192604727040584
577.4774774774775 0.23863087929549923
577.7277277277277 0.23535165964834415
577.977977977978 0.23208896824691594
578.2282282282283 0.22884337118114473
578.4784784784786 0.2256154206176524
578.7287287287288 0.22240565471451673
578.9789789789791 0.21921459754601524
579.2292292292293 0.21604275903724154
579.4794794794796 0.21289063490851123
579.7297297297298 0.20975870662945653
579.97997997998 0.20664744138270338
580.2302302302303 0.20355729203701772
580.4804804804805 0.20048869712980155
580.7307307307308 0.19744208085881265
580.980980980981 0.19441785308297568
581.2312312312313 0.19141640933214668
581.4814814814815 0.188438130825687
581.7317317317318 0.1854833844996976
581.981981981982 0.18255252304275885
582.2322322322323 0.179645884940017
582.4824824824825 0.17676379452545177
582.7327327327328 0.17390656204215812
582.982982982983 0.17107448371046702
583.2332332332332 0.16826784180372978
583.4834834834835 0.1654869047315836
583.7337337337337 0.16273192713051574
583.983983983984 0.16000314996153558
584.2342342342342 0.1573008006147666
584.4844844844845 0.1546250930207629
584.7347347347347 0.15197622776835382
584.984984984985 0.14935439222881858
585.2352352352352 0.14675976068619012
585.4854854854855 0.1441924944734846
585.7357357357357 0.14165274211465298
585.985985985986 0.1391406394720486
586.2362362362362 0.13665630989920327
586.4864864864865 0.13419986439870482
586.7367367367367 0.13177140178496652
586.986986986987 0.12937100885167965
587.2372372372372 0.12699876054373932
587.4874874874874 0.12465472013343418
587.7377377377377 0.12233893940069025
587.987987987988 0.12005145881715869
588.2382382382383 0.11779230773394525
588.4884884884885 0.11556150457275748
588.7387387387388 0.11335905702028368
588.988988988989 0.11118496222558218
589.2392392392393 0.10903920700028205
589.4894894894895 0.10692176802139167
589.7397397397398 0.10483261203651277
589.98998998999 0.10277169607126124
590.2402402402403 0.1007389676386959
590.4904904904905 0.09873436495056018
590.7407407407408 0.09675781713014338
590.990990990991 0.09480924442657007
591.2412412412413 0.09288855843032999
591.4914914914915 0.09099566228986194
591.7417417417417 0.08913045092900966
591.991991991992 0.08729281126516913
592.2422422422422 0.08548262242795117
592.4924924924925 0.08369975597818478
592.7427427427427 0.08194407612709219
592.992992992993 0.08021543995546743
593.2432432432432 0.07851369763269583
593.4934934934935 0.0768386926354544
593.7437437437438 0.0751902619659358
593.9939939939941 0.07356823636944851
594.2442442442443 0.0719724405512329
594.4944944944946 0.07040269339236366
594.7447447447448 0.0688588081645864
594.9949949949951 0.06734059274395607
595.2452452452453 0.06584784982314372
595.4954954954956 0.06438037712228305
595.7457457457458 0.06293796759823157
595.995995995996 0.0615204096521268
596.2462462462463 0.06012748733512027
596.4964964964965 0.05875898055217813
596.7467467467468 0.05741466526383998
596.996996996997 0.056094313685832245
597.2472472472473 0.0547976944864373
597.4974974974975 0.053524572981522384
597.7477477477478 0.05227471132713776
597.997997997998 0.051047868709597786
598.2482482482483 0.04984380153296153
598.4984984984985 0.04866226360383527
598.7487487487488 0.047503006313422816
598.998998998999 0.04636577881675291
599.2492492492493 0.045250328209018795
599.4994994994995 0.044156399698967425
599.7497497497498 0.04308373677928091
600.0 0.042032081393896456
