350.0 0.6592406302004438
350.25025025025025 0.6619890481951796
350.5005005005005 0.664735047996607
350.75075075075074 0.6674785046913895
351.001001001001 0.6702192930089386
351.25125125125123 0.6729572873304214
351.5015015015015 0.6756923616978405
351.7517517517517 0.6784243898231881
352.00200200200203 0.6811532450976707
352.2522522522523 0.6838788006010036
352.5025025025025 0.6866009291107803
352.75275275275277 0.6893195031119053
353.003003003003 0.6920343948060982
353.25325325325326 0.6947454761214646
353.5035035035035 0.6974526187221338
353.75375375375376 0.7001556940179609
354.004004004004 0.7028545731742942
354.25425425425425 0.7055491271218067
354.5045045045045 0.7082392265663884
354.75475475475474 0.7109247419991015
355.005005005005 0.7136055437061962
355.25525525525524 0.7162815017791854
355.5055055055055 0.7189524861249771
355.75575575575573 0.7216183664760669
356.00600600600603 0.724279012400784
356.2562562562563 0.7269342933135922
356.5065065065065 0.7295840784854498
356.7567567567568 0.7322282370542166
357.007007007007 0.7348666380351163
357.25725725725727 0.7374991503312488
357.5075075075075 0.7401256427441526
357.75775775775776 0.7427459839844153
358.008008008008 0.7453600426823317
358.25825825825825 0.7479676873986085
358.5085085085085 0.7505687866351133
358.75875875875874 0.7531632088456682
359.009009009009 0.7557508224468855
359.25925925925924 0.7583314958290456
359.5095095095095 0.7609050973670142
359.75975975975973 0.7634714954311992
360.01001001001003 0.7660305583985457
360.2602602602603 0.7685821546635646
360.5105105105105 0.7711261526494024
360.7607607607608 0.773662420818939
361.011011011011 0.7761908276859207
361.26126126126127 0.7787112418261257
361.5115115115115 0.7812235318885573
361.76176176176176 0.7837275666066679
362.012012012012 0.786223214809609
362.26226226226225 0.7887103454335093
362.5125125125125 0.7911888275327752
362.76276276276275 0.7936585302914169
363.013013013013 0.7961193230343954
363.26326326326324 0.7985710752389905
363.5135135135135 0.8010136565461896
363.7637637637638 0.8034469367720928
364.01401401401404 0.8058707859193333
364.2642642642643 0.8082850741885189
364.51451451451453 0.8106896719896816
364.7647647647648 0.8130844499537419
365.015015015015 0.815469278943984
365.26526526526527 0.817844030067542
365.5155155155155 0.8202085746868918
365.76576576576576 0.8225627844313529
366.016016016016 0.824906531208593
366.26626626626626 0.8272396872161383
366.5165165165165 0.8295621249528864
366.76676676676675 0.8318737172306191
367.017017017017 0.8341743371855164
367.26726726726724 0.8364638582896681
367.5175175175175 0.838742154362582
367.7677677677678 0.8410090995826889
368.01801801801804 0.8432645684988375
368.2682682682683 0.845508436041789
368.51851851851853 0.8477405775356958
368.7687687687688 0.8499608687095723
369.019019019019 0.8521691857087554
369.2692692692693 0.854365405106349
369.5195195195195 0.8565494039146548
369.76976976976977 0.8587210595965876
370.02002002002 0.8608802500770713
370.27027027027026 0.863026853754416
370.5205205205205 0.8651607495116758
370.77077077077075 0.8672818167279822
371.021021021021 0.8693899352898552
371.2712712712713 0.8714849856024894
371.52152152152155 0.8735668486010109
371.7717717717718 0.8756354057617111
372.02202202202204 0.8776905391132455
372.2722722722723 0.8797321312478052
372.52252252252254 0.8817600653322536
372.7727727727728 0.88377422511923
373.02302302302303 0.8857744949582183
373.2732732732733 0.8877607598065772
373.5235235235235 0.8897329052405334
373.77377377377377 0.8916908174661338
374.024024024024 0.8936343833301577
374.27427427427426 0.8955634903309844
374.5245245245245 0.8974780266294176
374.77477477477476 0.8993778810594648
375.025025025025 0.9012629431390676
375.27527527527525 0.9031331030807845
375.52552552552555 0.9049882518024249
375.7757757757758 0.9068282809376271
376.02602602602605 0.9086530828463902
376.2762762762763 0.9104625506255455
376.52652652652654 0.912256578119175
376.7767767767768 0.9140350599289728
377.02702702702703 0.9157978914245465
377.2772772772773 0.9175449687536591
377.5275275275275 0.9192761888524108
377.77777777777777 0.920991449455356
378.028028028028 0.9226906491055571
378.27827827827826 0.924373687164572
378.5285285285285 0.9260404638223766
378.77877877877876 0.9276908801072159
379.02902902902906 0.929324837895388
379.2792792792793 0.9309422399209549
379.52952952952955 0.9325429897853836
379.7797797797798 0.9341269919671115
380.03003003003005 0.9356941518310354
380.2802802802803 0.9372443756379286
380.53053053053054 0.9387775705537754
380.7807807807808 0.9402936446590301
381.03103103103103 0.9417925069577932
381.2812812812813 0.9432740673869082
381.5315315315315 0.9447382368249745
381.7817817817818 0.9461849271012758
382.032032032032 0.9476140510046239
382.28228228228227 0.9490255222921156
382.5325325325325 0.9504192556978021
382.78278278278276 0.9517951669412684
383.033033033033 0.9531531727361241
383.2832832832833 0.954493190798401
383.53353353353356 0.9558151398548587
383.7837837837838 0.9571189396511977
384.03403403403405 0.9584045109601751
384.2842842842843 0.9596717755896264
384.53453453453454 0.9609206563903885
384.7847847847848 0.9621510772641254
385.03503503503504 0.9633629631710533
385.2852852852853 0.964556240137567
385.53553553553553 0.9657308352637621
385.7857857857858 0.9668866767308563
386.036036036036 0.9680236938085066
386.28628628628627 0.9691418168620212
386.5365365365365 0.9702409773594658
386.7867867867868 0.9713211078786633
387.03703703703707 0.9723821421140842
387.2872872872873 0.9734240148836311
387.53753753753756 0.9744466621353096
387.7877877877878 0.9754500209537917
388.03803803803805 0.9764340295668652
388.2882882882883 0.977398627351772
388.53853853853855 0.978343754841431
388.7887887887888 0.9792693537305494
389.03903903903904 0.980175366881615
389.2892892892893 0.9810617383307756
389.53953953953953 0.9819284132935994
389.7897897897898 0.9827753381707178
390.04004004004 0.9836024605533505
390.2902902902903 0.9844097292287096
390.5405405405405 0.9851970941852848
390.79079079079077 0.9859645066180063
391.04104104104107 0.9867119189332872
391.2912912912913 0.9874392847539423
391.54154154154156 0.9881465589239843
391.7917917917918 0.9888336975132958
392.04204204204206 0.989500657822177
392.2922922922923 0.9901473983857678
392.54254254254255 0.9907738789783441
392.7927927927928 0.9913800606174875
393.04304304304304 0.9919659055681282
393.2932932932933 0.99253137734646
393.54354354354354 0.9930764407237269
393.7937937937938 0.9936010617298808
394.044044044044 0.9941052076571105
394.2942942942943 0.9945888470632397
394.5445445445446 0.9950519497749956
394.7947947947948 0.9954944868911462
395.0450450450451 0.9959164307855065
395.2952952952953 0.9963177551098128
395.54554554554556 0.996698434796465
395.7957957957958 0.9970584460611362
396.04604604604606 0.997397766405249
396.2962962962963 0.9977163746183195
396.54654654654655 0.998014250780167
396.7967967967968 0.9982913762629892
397.04704704704704 0.9985477337333044
397.2972972972973 0.9987833071537582
397.54754754754754 0.9989980817847958
397.7977977977978 0.9991920441861989
398.04804804804803 0.9993651822184877
398.2982982982983 0.9995174850441871
398.5485485485485 0.9996489431289579
398.7987987987988 0.999759548242591
399.0490490490491 0.999849293459866
399.2992992992993 0.9999181731612753
399.54954954954957 0.9999661830336095
399.7997997997998 0.9999933200704081
400.05005005005006 0.999999582572273
400.3003003003003 0.9999849701470466
400.55055055055055 0.9999494837098525
400.8008008008008 0.9998931254830001
401.05105105105105 0.9998158989957532
401.3013013013013 0.999717809083961
401.55155155155154 0.9995988618895547
401.8018018018018 0.9994590648599058
402.05205205205203 0.9992984267470495
402.30230230230234 0.999116957606772
402.5525525525526 0.9989146687975612
402.80280280280283 0.9986915729794219
403.0530530530531 0.9984476841125566
403.3033033033033 0.9981830174559082
403.55355355355357 0.9978975895655708
403.8038038038038 0.997591418293063
404.05405405405406 0.9972645227834674
404.3043043043043 0.9969169234734365
404.55455455455456 0.9965486420890629
404.8048048048048 0.9961597016436169
405.05505505505505 0.99575012643515
405.3053053053053 0.9953199420439658
405.55555555555554 0.994869175329957
405.8058058058058 0.9943978544298122
406.05605605605604 0.9939060087540879
406.3063063063063 0.9933936689841515
406.5565565565566 0.9928608670689915
406.80680680680683 0.9923076362218981
407.0570570570571 0.9917340109170133
407.3073073073073 0.9911400268857512
407.5575575575576 0.9905257211130891
407.8078078078078 0.9898911318337309
408.05805805805807 0.9892362985281415
408.3083083083083 0.9885612619184542
408.55855855855856 0.9878660639642513
408.8088088088088 0.9871507478582181
409.05905905905905 0.9864153580216725
409.3093093093093 0.9856599400999678
409.55955955955955 0.984884540957773
409.8098098098098 0.9840892086742282
410.0600600600601 0.9832739925379782
410.31031031031034 0.9824389430420837
410.5605605605606 0.9815841118788101
410.81081081081084 0.9807095519342971
411.0610610610611 0.9798153172831077
411.31131131131133 0.978901463182658
411.5615615615616 0.9779680460675296
411.8118118118118 0.9770151235436635
412.06206206206207 0.9760427543824373
412.3123123123123 0.9750509985146287
412.56256256256256 0.9740399170242615
412.8128128128128 0.9730095721423394
413.06306306306305 0.971960027240466
413.3133133133133 0.9708913468243532
413.56356356356355 0.9698035965272177
413.8138138138138 0.9686968431030679
414.06406406406404 0.9675711544198816
414.3143143143143 0.9664265994526751
414.5645645645646 0.9652632482764644
414.81481481481484 0.9640811720591229
415.0650650650651 0.96288044305413
415.31531531531533 0.9616611345932177
415.5655655655656 0.9604233210789153
415.8158158158158 0.9591670779769893
416.06606606606607 0.9578924818087848
416.3163163163163 0.9565996101434655
416.56656656656656 0.955288541590156
416.8168168168168 0.9539593557899859
417.06706706706706 0.9526121334080384
417.3173173173173 0.951246956125202
417.5675675675676 0.9498639066299308
417.81781781781785 0.9484630686099094
418.0680680680681 0.9470445267436269
418.31831831831835 0.9456083666918618
418.5685685685686 0.944154675089075
418.81881881881884 0.9426835395347185
419.0690690690691 0.9411950485844535
419.31931931931933 0.9396892917412858
419.5695695695696 0.9381663594466161
419.8198198198198 0.9366263430712073
420.0700700700701 0.9350693349060705
420.3203203203203 0.9334954281532705
420.57057057057057 0.9319047169166528
420.8208208208208 0.9302972961924925
421.07107107107106 0.9286732618600678
421.3213213213213 0.9270327106721575
421.57157157157155 0.9253757402454655
421.8218218218218 0.9237024490509744
422.07207207207205 0.9220129364042257
422.32232232232235 0.9203073024555329
422.5725725725726 0.918585648180128
422.82282282282284 0.916848075368236
423.0730730730731 0.9150946866150906
423.32332332332334 0.9133255853108837
423.5735735735736 0.9115408756306514
423.82382382382383 0.9097406625241025
424.0740740740741 0.9079250517053848
424.3243243243243 0.9060941496427962
424.57457457457457 0.9042480635484373
424.8248248248248 0.9023869013678121
425.07507507507506 0.9005107717693723
425.32532532532537 0.8986197841340126
425.5755755755756 0.8967140485445162
425.82582582582586 0.8947936757749482
426.0760760760761 0.8928587772800056
426.32632632632635 0.8909094651843213
426.5765765765766 0.8889458522717231
426.82682682682685 0.8869680519744504
427.0770770770771 0.8849761783623326
427.32732732732734 0.8829703461319247
427.5775775775776 0.8809506705956098
427.82782782782783 0.8789172676706615
428.0780780780781 0.8768702538682754
428.3283283283283 0.8748097462825665
428.5785785785786 0.8727358625795358
428.8288288288288 0.8706487209860085
429.07907907907907 0.8685484402785437
429.3293293293293 0.8664351397723186
429.57957957957956 0.8643089393099885
429.8298298298298 0.8621699592505252
430.08008008008005 0.8600183204580326
430.33033033033036 0.8578541442905447
430.5805805805806 0.8556775525888078
430.83083083083085 0.8534886676650424
431.0810810810811 0.8512876122916962
431.33133133133134 0.8490745096901827
431.5815815815816 0.8468494835196095
431.83183183183183 0.844612657865499
432.0820820820821 0.8423641572285008
432.3323323323323 0.8401041065131012
432.5825825825826 0.837832631016328
432.8328328328328 0.8355498564164546
433.0830830830831 0.8332559087617042
433.33333333333337 0.8309509144589587
433.5835835835836 0.828635000262467
433.83383383383386 0.8263082932625639
434.0840840840841 0.8239709208743965
434.33433433433436 0.8216230108266575
434.5845845845846 0.8192646911503333
434.83483483483485 0.8168960901674652
435.0850850850851 0.8145173364799257
435.33533533533534 0.8121285589582122
435.5855855855856 0.8097298867302615
435.83583583583584 0.8073214491702849
436.0860860860861 0.8049033758876273
436.33633633633633 0.8024757967156516
436.5865865865866 0.8000388417006516
436.8368368368368 0.7975926410907933
437.08708708708707 0.7951373253250886
437.3373373373373 0.7926730250224034
437.58758758758756 0.7901998709705007
437.8378378378378 0.7877179941151218
438.0880880880881 0.7852275255491081
438.33833833833836 0.7827285965015669
438.5885885885886 0.780221338327077
438.83883883883885 0.7777058824949455
439.0890890890891 0.7751823605785126
439.33933933933935 0.7726509042445058
439.5895895895896 0.770111645242449
439.83983983983984 0.767564715394128
440.0900900900901 0.7650102465831115
440.34034034034033 0.7624483707443351
440.5905905905906 0.7598792198537468
440.8408408408409 0.7573029259180163
441.09109109109113 0.7547196209643164
441.3413413413414 0.7521294370301673
441.5915915915916 0.7495325061533591
441.84184184184187 0.746928960361947
442.0920920920921 0.7443189316643235
442.34234234234236 0.741702552039372
442.5925925925926 0.7390799534267006
442.84284284284286 0.7364512677169632
443.0930930930931 0.7338166267422673
443.34334334334335 0.7311761622666725
443.5935935935936 0.728530005976781
443.84384384384384 0.7258782894724259
444.0940940940941 0.7232211442574568
444.34434434434434 0.7205587017306262
444.5945945945946 0.7178910931765817
444.84484484484483 0.7152184497569641
445.0950950950951 0.7125409025016158
445.3453453453453 0.7098585822999021
445.59559559559557 0.7071716198921478
445.8458458458459 0.7044801458611936
446.0960960960961 0.7017842906240758
446.34634634634637 0.6990841844238254
446.5965965965966 0.6963799573214023
446.84684684684686 0.6936717391877567
447.0970970970971 0.6909596596960254
447.34734734734735 0.6882438483138675
447.5975975975976 0.6855244342959395
447.84784784784785 0.6828015466765147
448.0980980980981 0.6800753142622522
448.34834834834834 0.6773458656251145
448.59859859859864 0.674613329095441
448.8488488488489 0.6718778327551822
449.09909909909913 0.669139504431288
449.3493493493494 0.6663984716892697
449.5995995995996 0.6636548618269256
449.8498498498499 0.6609088018682409
450.1001001001001 0.6581604185574633
450.35035035035037 0.6554098383533585
450.6006006006006 0.6526571874236501
450.85085085085086 0.6499025916396451
451.1011011011011 0.6471461765710538
451.35135135135135 0.6443880674810017
451.6016016016016 0.6416283893212437
451.85185185185185 0.6388672667275787
452.1021021021021 0.6361048240154743
452.35235235235234 0.6333411851759004
452.6026026026026 0.6305764738713798
452.85285285285283 0.6278108134322576
453.1031031031031 0.625044326853195
453.3533533533533 0.6222771367898907
453.60360360360363 0.6195093655560338
453.8538538538539 0.6167411351204961
454.1041041041041 0.6139725671047609
454.35435435435437 0.6112037827806001
454.6046046046046 0.6084349030679999
454.85485485485486 0.6056660485333415
455.1051051051051 0.6028973393878375
455.35535535535536 0.6001288954862337
455.6056056056056 0.5973608363257774
455.85585585585585 0.5945932810454566
456.1061061061061 0.5918263484255168
456.3563563563564 0.5890601568872559
456.60660660660665 0.5862948244931104
456.8568568568569 0.5835304689470217
457.10710710710714 0.5807672075951057
457.3573573573574 0.5780051574266165
457.60760760760763 0.5752444350752146
457.8578578578579 0.5724851568205425
458.1081081081081 0.5697274385901132
458.3583583583584 0.5669713959615148
458.6086086086086 0.5642171441649365
458.85885885885887 0.561464798086021
459.1091091091091 0.558714472269046
459.35935935935936 0.5559662809204402
459.6096096096096 0.553220337912639
459.85985985985985 0.5504767567882818
460.1101101101101 0.5477356507647586
460.36036036036035 0.5449971327391053
460.6106106106106 0.542261315293258
460.86086086086084 0.5395283106996637
461.1111111111111 0.5367982309272564
461.3613613613614 0.5340711876478004
461.61161161161164 0.5313472922426066
461.8618618618619 0.5286266558096191
462.11211211211213 0.5259093891708855
462.3623623623624 0.523195602880407
462.6126126126126 0.520485407232375
462.86286286286287 0.5177789122697954
463.1131131131131 0.5150762277935055
463.36336336336336 0.5123774633715865
463.6136136136136 0.5096827283491727
463.86386386386386 0.5069921318586613
464.11411411411416 0.5043057828303263
464.3643643643644 0.501623790003338
464.61461461461465 0.4989462619371861
464.8648648648649 0.49627330702351746
465.11511511511515 0.49360503349838214
465.3653653653654 0.49094154945489316
465.61561561561564 0.488282962856299
465.8658658658659 0.4856293815494733
466.11611611611613 0.48298091327881904
466.3663663663664 0.48033766570058867
466.6166166166166 0.4776997463976234
466.86686686686687 0.47506726289450624
467.1171171171171 0.47244032267313435
467.36736736736736 0.46981903318870516
467.6176176176176 0.4672035018861191
467.86786786786786 0.4645938362167947
468.1181181181181 0.4619901436558971
468.36836836836835 0.45939253171997585
468.6186186186186 0.45680110798501167
468.86886886886884 0.4542159801048676
469.11911911911915 0.45163725583014186
469.3693693693694 0.4490650430274233
469.61961961961964 0.4464994496989344
469.8698698698699 0.4439405840025718
470.12012012012013 0.4413885542723294
470.3703703703704 0.43884346903910176
470.6206206206206 0.4363054370518637
470.8708708708709 0.433774567299217
471.1211211211211 0.43125096903130034
471.37137137137137 0.4287347517820534
471.6216216216216 0.4262260253918279
471.8718718718719 0.423724900030337
472.12212212212216 0.4212314862199379
472.3723723723724 0.4187458948592288
472.62262262262266 0.41626823724696255
472.8728728728729 0.4137986251062578
473.12312312312315 0.41133717060909947
473.3733733733734 0.40888398640111634
473.62362362362364 0.40643918562662446
473.8738738738739 0.40400288195392126
474.12412412412414 0.4015751896008191
474.3743743743744 0.39915622336040235
474.62462462462463 0.396746098626993
474.8748748748749 0.3943449314223105
475.1251251251251 0.39195283842180784
475.37537537537537 0.3895699369811684
475.6256256256256 0.38719634516294354
475.87587587587586 0.38483218176331574
476.1261261261261 0.38247756633896435
476.37637637637636 0.3801326192340172
476.6266266266266 0.3777974616070652
476.8768768768769 0.37547221545821896
477.12712712712715 0.37315700365618837
477.3773773773774 0.3708519499653533
477.62762762762765 0.3685571790728137
477.8778778778779 0.36627281661538563
478.12812812812814 0.3639989892065209
478.3783783783784 0.36173582446312447
478.62862862862863 0.35948345103224233
478.8788788788789 0.357241998617592
479.1291291291292 0.3550115980059069
479.37937937937943 0.3527923810930686
479.6296296296297 0.3505844809099885
479.8798798798799 0.34838803164821924
480.13013013013017 0.34620316868525597
480.3803803803804 0.34403002860949855
480.63063063063066 0.3418687492448399
480.8808808808809 0.339719469674849
481.13113113113116 0.3375823302665101
481.3813813813814 0.33545747269348697
481.63163163163165 0.33334503995887266
481.8818818818819 0.33124517641738854
482.13213213213214 0.3291580277969969
482.3823823823824 0.32708374121988554
482.63263263263264 0.32502246522278855
482.8828828828829 0.3229743497766004
483.13313313313313 0.32093954630524535
483.3833833833834 0.31891820770376034
483.6336336336336 0.31691048835554825
483.88388388388387 0.31491654414876213
484.1341341341341 0.3129365324917743
484.38438438438436 0.31097061232768897
484.6346346346346 0.30901894414785425
484.88488488488485 0.3070816900043271
485.13513513513516 0.305159013521249
485.3853853853854 0.3032510799050856
485.63563563563565 0.3013580559536821
485.8858858858859 0.2994801100640926
486.13613613613614 0.29761741223913435
486.3863863863864 0.29577013409261854
486.63663663663664 0.29393844885321335
486.88688688688694 0.2921225313668884
487.1371371371372 0.2903225580978991
487.38738738738743 0.28853870712825125
487.6376376376377 0.2867711581556123
487.8878878878879 0.2850200924896106
488.1381381381382 0.28328569304647827
488.3883883883884 0.28156814434199
488.63863863863867 0.2798676324826485
488.8888888888889 0.2781843451550692
489.13913913913916 0.2765184716135161
489.3893893893894 0.27487020266554163
489.63963963963965 0.2732397306556826
489.8898898898899 0.27162724944716576
490.14014014014015 0.270032954401576
490.3903903903904 0.2684570423564412
490.64064064064064 0.2668997116006875
490.8908908908909 0.2653611618479209
491.14114114114113 0.2638415942074897
491.3913913913914 0.26234121115328457
491.6416416416416 0.2608602164902322
491.8918918918919 0.2593988153184422
492.1421421421421 0.2579572139949637
492.39239239239237 0.25653562009311215
492.6426426426426 0.2551342423593276
492.8928928928929 0.2537532906675248
493.14314314314316 0.25239297597089994
493.3933933933934 0.2510535102511537
493.64364364364366 0.24973510646510272
493.8938938938939 0.24843797848864063
494.14414414414415 0.24716234105801846
494.3943943943944 0.24590840970841532
494.6446446446447 0.24467640070976923
494.89489489489495 0.24346653099984233
495.1451451451452 0.24227901811449273
495.39539539539544 0.24111408011513283
495.6456456456457 0.2399719355133502
495.89589589589593 0.23885280319267221
496.1461461461462 0.23775690232745644
496.3963963963964 0.2366844522988919
496.6466466466467 0.23563567260809748
496.8968968968969 0.23461078278630607
497.14714714714717 0.23361000230212697
497.3973973973974 0.23263355046587872
497.64764764764766 0.23168164633098978
497.8978978978979 0.23075450859246477
498.14814814814815 0.22985235548241847
498.3983983983984 0.22897540466268104
498.64864864864865 0.22812387311448074
498.8988988988989 0.22729797702521543
499.14914914914914 0.22649793167232252
499.3993993993994 0.22572395130426592
499.64964964964963 0.22497624901865548
499.8998998998999 0.22425503663752216
500.1501501501501 0.2235605245797724
500.4004004004004 0.22289292173085068
500.6506506506507 0.22225243530963884
500.9009009009009 0.22163927073262957
501.15115115115117 0.22105363147540794
501.4014014014014 0.2204957189314846
501.65165165165166 0.21996573226852417
501.9019019019019 0.21946386828201536
502.15215215215215 0.21899032124643558
502.40240240240246 0.218545282763963
502.6526526526527 0.21812894161079688
502.90290290290295 0.21774148358114406
503.1531531531532 0.21738309132894107
503.40340340340344 0.217053944207378
503.6536536536537 0.21675421810629786
503.90390390390394 0.2164840852875474
504.1541541541542 0.21624371421835942
504.40440440440443 0.21603326940284978
504.6546546546547 0.21585291121171707
504.9049049049049 0.2157027957102343
505.15515515515517 0.21558307448462888
505.4054054054054 0.21549389446694753
505.65565565565566 0.21543539775850842
505.9059059059059 0.21540772145204606
506.15615615615616 0.21541099745265774
506.4064064064064 0.21544535229766268
506.65665665665665 0.21551090697549205
506.9069069069069 0.21560777674372744
507.15715715715714 0.21573607094641087
507.4074074074074 0.2158958928307534
507.65765765765764 0.2160873393633701
507.9079079079079 0.21631050104617627
508.15815815815813 0.2165654617320785
508.40840840840843 0.21685229844060136
508.6586586586587 0.21717108117359085
508.9089089089089 0.21752187273113974
509.1591591591592 0.21790472852788328
509.4094094094094 0.2183196964098148
509.65965965965967 0.21876681647177576
509.9099099099099 0.2192461208757758
510.16016016016016 0.21975763367030055
510.41041041041046 0.22030137061076974
510.6606606606607 0.22087733898130618
510.91091091091096 0.2214855374179842
511.1611611611612 0.22212595573372135
511.41141141141145 0.22279857474498516
511.6616616616617 0.22350336610048438
511.91191191191194 0.2242402921120184
512.1621621621622 0.22500930558765725
512.4124124124124 0.2258103496674299
512.6626626626627 0.22664335766169474
512.9129129129129 0.22750825289237242
513.1631631631632 0.22840494853721677
513.4134134134134 0.22933334747730583
513.6636636636637 0.23029334214792999
513.9139139139139 0.23128481439305898
514.1641641641642 0.23230763532356713
514.4144144144144 0.23336166517939716
514.6646646646647 0.23444675319584324
514.9149149149149 0.23556273747413112
515.1651651651651 0.23670944485647716
515.4154154154154 0.23788669080580138
515.6656656656656 0.23909427929027516
515.9159159159159 0.24033200267287705
516.1661661661662 0.24159964160613398
516.4164164164165 0.24289696493221727
516.6666666666667 0.2442237295885728
516.916916916917 0.24557968051924567
517.1671671671672 0.24696455059207287
517.4174174174175 0.2483780605219079
517.6676676676677 0.24981991880003923
517.917917917918 0.2512898216299627
518.1681681681682 0.25278745286966553
518.4184184184185 0.25431248398057404
518.6686686686687 0.2558645739833171
518.918918918919 0.25744336942045054
519.1691691691692 0.25904850432628646
519.4194194194195 0.26067960020396586
519.6696696696697 0.2623362660099088
519.91991991992 0.26401809814577315
520.1701701701702 0.26572468045804704
520.4204204204204 0.2674555842453958
520.6706706706707 0.2692103682738792
520.9209209209209 0.2709885788001496
521.1711711711712 0.27278974960273616
521.4214214214214 0.2746134020215144
521.6716716716717 0.2764590450054555
521.9219219219219 0.27832617516874214
522.1721721721722 0.2802142768553342
522.4224224224224 0.28212282221205764
522.6726726726727 0.28405127127028734
522.9229229229229 0.2859990720362855
523.1731731731732 0.28796566059025064
523.4234234234234 0.2899504611941263
523.6736736736736 0.29195288640821165
523.9239239239239 0.29397233721660654
524.1741741741741 0.29600820316151955
524.4244244244244 0.29805986248645766
524.6746746746746 0.3001266822883099
524.9249249249249 0.3022080186783282
525.1751751751751 0.3043032169520031
525.4254254254254 0.3064116117678216
525.6756756756756 0.3085325273348885
525.925925925926 0.3106652776093832
526.1761761761762 0.31280916649981166
526.4264264264265 0.314963488081024
526.6766766766767 0.31712752681692413
526.926926926927 0.319300557791828
527.1771771771772 0.32148184695039295
527.4274274274275 0.3236706513460444
527.6776776776777 0.325866219397811
527.927927927928 0.32806779115547674
528.1781781781782 0.33027459857294544
528.4284284284284 0.33248586578970707
528.6786786786787 0.3347008094202864
528.9289289289289 0.33691863885154594
529.1791791791792 0.33913855654770664
529.4294294294294 0.34135975836294175
529.6796796796797 0.34358143386139167
529.9299299299299 0.34580276664443754
530.1801801801802 0.34802293468506507
530.4304304304304 0.35024111066914165
530.6806806806807 0.3524564623434212
530.9309309309309 0.35466815287008374
531.1811811811812 0.35687534118760966
531.4314314314314 0.3590771823777798
531.6816816816818 0.36127282803858657
531.931931931932 0.36346142666282855
532.1821821821823 0.3656421240221714
532.4324324324325 0.3678140635564196
532.6826826826828 0.36997638676776917
532.932932932933 0.3721282336197861
533.1831831831832 0.37426874294085233
533.4334334334335 0.3763970528318191
533.6836836836837 0.3785123010775954
533.933933933934 0.3806136255623994
534.1841841841842 0.3827001646883897
534.4344344344345 0.38477105779739235
534.6846846846847 0.3868254455954328
534.934934934935 0.38886247057977424
535.1851851851852 0.390881277468166
535.4354354354355 0.3928810136299937
535.6856856856857 0.3948608295190249
535.935935935936 0.3968198791074356
536.1861861861862 0.39875732032080413
536.4364364364365 0.40067231547375004
536.6866866866867 0.40256403170589894
536.936936936937 0.4044316414178468
537.1871871871872 0.40627432270679764
537.4374374374374 0.4080912598015445
537.6876876876877 0.40988164349646483
537.9379379379379 0.4116446715841975
538.1881881881882 0.413379549286668
538.4384384384384 0.41508548968412945
538.6886886886887 0.416761714141885
538.9389389389389 0.4184074527343575
539.1891891891892 0.4200219446661723
539.4394394394394 0.4216044386899234
539.6896896896897 0.4231541935202855
539.9399399399399 0.4246704782441473
540.1901901901902 0.426152572726433
540.4404404404404 0.4275997680112869
540.6906906906906 0.4290113667182967
540.9409409409409 0.4303866834334329
541.1911911911911 0.43172504509438625
541.4414414414415 0.43302579136998764
541.6916916916917 0.4342882750333969
541.941941941942 0.43551186232875927
542.1921921921922 0.4366959333310164
542.4424424424425 0.43783988229858184
542.6926926926927 0.4389431180185823
542.942942942943 0.4400050641443798
543.1931931931932 0.4410251595250892
543.4434434434435 0.44200285852681576
543.6936936936937 0.44293763134534364
543.943943943944 0.4438289643100077
544.1941941941942 0.44467636017849516
544.4444444444445 0.4454793384223256
544.6946946946947 0.4462374355027657
544.944944944945 0.44695020513694544
545.1951951951952 0.447617218553948
545.4454454454454 0.44823806474065336
545.6956956956957 0.44881235067712666
545.9459459459459 0.4493397015613483
546.1961961961962 0.4498197610230929
546.4464464464464 0.4502521913267734
546.6966966966967 0.45063667356307463
546.9469469469469 0.45097290782921234
547.1971971971973 0.45126061339766077
547.4474474474475 0.4514995288732034
547.6976976976978 0.4516894123381714
547.947947947948 0.45183004148574357
548.1981981981983 0.45192121374119176
548.4484484484485 0.45196274637096845
548.6986986986988 0.4519544765795395
548.948948948949 0.45189626159388063
549.1991991991993 0.45178797873556276
549.4494494494495 0.45162952548036434
549.6996996996997 0.4514208195053596
549.94994994995 0.4511617987234416
550.2002002002002 0.4508524213052501
550.4504504504505 0.45049266568848784
550.7007007007007 0.4500825305746138
550.950950950951 0.44962203491292174
551.2012012012012 0.44911121787201463
551.4514514514515 0.44855013879870215
551.7017017017017 0.4479388771643584
551.951951951952 0.44727753249878627
552.2022022022022 0.44656622431164744
552.4524524524525 0.44580509200152707
552.7027027027027 0.44499429475271396
552.952952952953 0.44413401141978515
553.2032032032032 0.4432244404000987
553.4534534534534 0.44226579949430356
553.7037037037037 0.44125832575499185
553.9539539539539 0.4402022753236223
554.2042042042042 0.43909792325585983
554.4544544544544 0.437945563335482
554.7047047047047 0.4367455078770153
554.9549549549549 0.43549808751727154
555.2052052052052 0.4342036509959657
555.4554554554554 0.4328625649256053
555.7057057057057 0.4314752135508503
555.9559559559559 0.43004199849754987
556.2062062062062 0.4285633385116739
556.4564564564564 0.42703966918836184
556.7067067067067 0.4254714426913226
556.956956956957 0.4238591274628233
557.2072072072073 0.42220320792452054
557.4574574574575 0.4205041841693757
557.7077077077078 0.4187625716449333
557.957957957958 0.41697890082821676
558.2082082082082 0.4151537168925232
558.4584584584585 0.413287579366395
558.7087087087087 0.4113810617850567
558.958958958959 0.409434751334607
559.2092092092092 0.4074492484892651
559.4594594594595 0.4054251666419705
559.7097097097097 0.4033631317286453
559.95995995996 0.40126378184642786
560.2102102102102 0.3991277668661921
560.4604604604605 0.39695574803967154
560.7107107107107 0.39474839760150643
560.960960960961 0.3925063983665416
561.2112112112112 0.39023044332269785
561.4614614614615 0.38792123521974653
561.7117117117117 0.3855794861543186
561.961961961962 0.3832059171514783
562.2122122122122 0.3808012577431954
562.4624624624624 0.37836624554404874
562.7127127127128 0.37590162582449554
562.962962962963 0.3734081510820458
563.2132132132133 0.3708865806106596
563.4634634634635 0.3683376800687247
563.7137137137138 0.36576222104592704
563.963963963964 0.3631609806293557
564.2142142142143 0.36053474096916904
564.4644644644645 0.35788428884415024
564.7147147147148 0.3552104152274794
564.964964964965 0.352513914853044
565.2152152152153 0.3497955857826093
565.4654654654655 0.3470562289741665
565.7157157157158 0.34429664785177216
565.965965965966 0.34151764787719024
566.2162162162163 0.3387200361236421
566.4664664664665 0.3359046208519686
566.7167167167167 0.3330722110895012
566.966966966967 0.3302236162119352
567.2172172172172 0.32735964552849384
567.4674674674675 0.32448110787066525
567.7177177177177 0.321588811184792
567.967967967968 0.31868356212878135
568.2182182182182 0.3157661656732055
568.4684684684685 0.31283742470704995
568.7187187187187 0.3098981396483626
568.968968968969 0.3069491080600522
569.2192192192192 0.30399112427107455
569.4694694694695 0.30102497900324005
569.7197197197197 0.29805145900386926
569.96996996997 0.29507134668451435
570.2202202202202 0.29208541976595825
570.4704704704704 0.2890944509296953
570.7207207207207 0.2860992074760898
570.9709709709709 0.2831004509894003
571.2212212212212 0.280098937009851
571.4714714714714 0.2770954147129219
571.7217217217217 0.274090626596023
571.9719719719719 0.27108530817270804
572.2222222222222 0.26808018767457664
572.4724724724725 0.2650759857610026
572.7227227227228 0.26207341523682803
572.972972972973 0.2590731807781268
573.2232232232233 0.25607597866617776
573.4734734734735 0.2530824965297348
573.7237237237238 0.2500934130956991
573.973973973974 0.24710939794828093
574.2242242242243 0.24413111129673415
574.4744744744745 0.24115920375173217
574.7247247247248 0.23819431611045366
574.974974974975 0.23523707915043018
575.2252252252252 0.2322881134322055
575.4754754754755 0.22934802911084437
575.7257257257257 0.22641742575632268
575.975975975976 0.2234968921828213
576.2262262262262 0.22058700628693834
576.4764764764765 0.21768833489482697
576.7267267267267 0.21480143361825813
576.976976976977 0.21192684671959786
577.2272272272272 0.20906510698568492
577.4774774774775 0.2062167356105831
577.7277277277277 0.2033822420871773
577.977977977978 0.2005621241075751
578.2282282282283 0.1977568674722664
578.4784784784786 0.1949669460079959
578.7287287287288 0.19219282149426975
578.9789789789791 0.18943494359845536
579.2292292292293 0.18669374981938322
579.4794794794796 0.18396966543937715
579.7297297297298 0.18126310348462848
579.97997997998 0.17857446469382124
580.2302302302303 0.1759041374949113
580.4804804804805 0.17325249798995646
580.7307307307308 0.17061990994788925
580.980980980981 0.1680067248051182
581.2312312312313 0.16541328167383887
581.4814814814815 0.1628399073579308
581.7317317317318 0.16028691637631176
581.981981981982 0.1577546109936165
582.2322322322323 0.1552432812580625
582.4824824824825 0.1527532050463607
582.7327327327328 0.15028464811552747
582.982982982983 0.14783786416144648
583.2332332332332 0.14541309488403026
583.4834834834835 0.1430105700588235
583.7337337337337 0.14063050761489154
583.983983983984 0.13827311371882953
584.2342342342342 0.13593858286473062
584.4844844844845 0.13362709796994457
584.7347347347347 0.13133883047645792
584.984984984985 0.12907394045772538
585.2352352352352 0.12683257673077888
585.4854854854855 0.1246148769734396
585.7357357357357 0.12242096784645745
585.985985985986 0.12025096512040043
586.2362362362362 0.1181049738071157
586.4864864864865 0.11598308829558336
586.7367367367367 0.11388539249198303
586.986986986987 0.11181195996379334
587.2372372372372 0.10976285408774346
587.4874874874874 0.10773812820143654
587.7377377377377 0.10573782575846459
587.987987987988 0.10376198048683329
588.2382382382383 0.10181061655052323
588.4884884884885 0.09988374871399423
588.7387387387388 0.09798138250947298
588.988988988989 0.09610351440683292
589.2392392392393 0.0942501319858956
589.4894894894895 0.0924212141109777
589.7397397397398 0.0906167311075099
589.98998998999 0.08883664494055615
590.2402402402403 0.08708090939506245
590.4904904904905 0.08534947025766687
590.7407407407408 0.08364226549990467
590.990990990991 0.08195922546264334
591.2412412412413 0.08030027304158636
591.4914914914915 0.07866532387368473
591.7417417417417 0.0770542865242997
591.991991991992 0.07546706267496138
592.2422422422422 0.07390354731157116
592.4924924924925 0.07236362891289821
592.7427427427427 0.07084718963922387
592.992992992993 0.06935410552098965
593.2432432432432 0.06788424664730848
593.4934934934935 0.0664374773542016
593.7437437437438 0.06501365641242557
593.9939939939941 0.06361263721476247
594.2442442442443 0.06223426796263527
594.4944944944946 0.0608783918519369
594.7447447447448 0.05954484725794182
594.9949949949951 0.058233467919186335
595.2452452452453 0.05694408312020245
595.4954954954956 0.05567651787299489
595.7457457457458 0.05443059309715321
595.995995995996 0.05320612579849617
596.2462462462463 0.052002929246147495
596.4964964964965 0.05082081314794707
596.7467467467468 0.04965958382410441
596.996996996997 0.04851904437900512
597.2472472472473 0.04739899487108518
597.4974974974975 0.046299232480690476
597.7477477477478 0.04521955167584367
597.997997997998 0.044159744375843954
598.2482482482483 0.043119600112628005
598.4984984984985 0.042098906189825216
598.7487487487488 0.04109744783944344
598.998998998999 0.04011500837612431
599.2492492492493 0.03915136934891235
599.4994994994995 0.038206310690483816
599.7497497497498 0.03727961086378614
600.0 0.036371047006041365
