350.0 0.6592406302004438
350.25025025025025 0.6619890481951796
350.5005005005005 0.664735047996607
350.75075075075074 0.6674785046913895
351.001001001001 0.6702192930089386
351.25125125125123 0.6729572873304214
351.5015015015015 0.6756923616978405
351.7517517517517 0.6784243898231881
352.00200200200203 0.6811532450976707
352.2522522522523 0.6838788006010036
352.5025025025025 0.6866009291107803
352.75275275275277 0.6893195031119053
353.003003003003 0.6920343948060982
353.25325325325326 0.6947454761214646
353.5035035035035 0.6974526187221338
353.75375375375376 0.7001556940179609
354.004004004004 0.7028545731742942
354.25425425425425 0.7055491271218067
354.5045045045045 0.7082392265663884
354.75475475475474 0.7109247419991015
355.005005005005 0.7136055437061962
355.25525525525524 0.7162815017791854
355.5055055055055 0.7189524861249771
355.75575575575573 0.7216183664760669
356.00600600600603 0.724279012400784
356.2562562562563 0.7269342933135922
356.5065065065065 0.7295840784854498
356.7567567567568 0.7322282370542166
357.007007007007 0.7348666380351163
357.25725725725727 0.7374991503312488
357.5075075075075 0.7401256427441526
357.75775775775776 0.7427459839844153
358.008008008008 0.7453600426823317
358.25825825825825 0.7479676873986085
358.5085085085085 0.7505687866351133
358.75875875875874 0.7531632088456682
359.009009009009 0.7557508224468855
359.25925925925924 0.7583314958290456
359.5095095095095 0.7609050973670142
359.75975975975973 0.7634714954311992
360.01001001001003 0.7660305583985457
360.2602602602603 0.7685821546635646
360.5105105105105 0.7711261526494024
360.7607607607608 0.773662420818939
361.011011011011 0.7761908276859207
361.26126126126127 0.7787112418261257
361.5115115115115 0.7812235318885574
361.76176176176176 0.7837275666066679
362.012012012012 0.786223214809609
362.26226226226225 0.7887103454335093
362.5125125125125 0.7911888275327752
362.76276276276275 0.7936585302914169
363.013013013013 0.7961193230343954
363.26326326326324 0.7985710752389905
363.5135135135135 0.8010136565461896
363.7637637637638 0.8034469367720929
364.01401401401404 0.8058707859193333
364.2642642642643 0.8082850741885189
364.51451451451453 0.8106896719896817
364.7647647647648 0.8130844499537419
365.015015015015 0.8154692789439841
365.26526526526527 0.817844030067542
365.5155155155155 0.8202085746868919
365.76576576576576 0.822562784431353
366.016016016016 0.824906531208593
366.26626626626626 0.8272396872161384
366.5165165165165 0.8295621249528865
366.76676676676675 0.8318737172306192
367.017017017017 0.8341743371855165
367.26726726726724 0.8364638582896682
367.5175175175175 0.8387421543625821
367.7677677677678 0.841009099582689
368.01801801801804 0.8432645684988376
368.2682682682683 0.8455084360417893
368.51851851851853 0.847740577535696
368.7687687687688 0.8499608687095725
369.019019019019 0.8521691857087557
369.2692692692693 0.8543654051063492
369.5195195195195 0.8565494039146552
369.76976976976977 0.858721059596588
370.02002002002 0.8608802500770716
370.27027027027026 0.8630268537544163
370.5205205205205 0.8651607495116762
370.77077077077075 0.8672818167279827
371.021021021021 0.8693899352898556
371.2712712712713 0.8714849856024899
371.52152152152155 0.8735668486010114
371.7717717717718 0.8756354057617116
372.02202202202204 0.8776905391132461
372.2722722722723 0.8797321312478059
372.52252252252254 0.8817600653322543
372.7727727727728 0.8837742251192308
373.02302302302303 0.8857744949582191
373.2732732732733 0.8877607598065782
373.5235235235235 0.8897329052405344
373.77377377377377 0.891690817466135
374.024024024024 0.8936343833301589
374.27427427427426 0.8955634903309857
374.5245245245245 0.897478026629419
374.77477477477476 0.8993778810594665
375.025025025025 0.9012629431390693
375.27527527527525 0.9031331030807865
375.52552552552555 0.9049882518024269
375.7757757757758 0.9068282809376293
376.02602602602605 0.9086530828463927
376.2762762762763 0.9104625506255482
376.52652652652654 0.912256578119178
376.7767767767768 0.914035059928976
377.02702702702703 0.9157978914245499
377.2772772772773 0.9175449687536629
377.5275275275275 0.919276188852415
377.77777777777777 0.9209914494553606
378.028028028028 0.922690649105562
378.27827827827826 0.9243736871645775
378.5285285285285 0.9260404638223825
378.77877877877876 0.9276908801072222
379.02902902902906 0.9293248378953949
379.2792792792793 0.9309422399209625
379.52952952952955 0.932542989785392
379.7797797797798 0.9341269919671205
380.03003003003005 0.9356941518310452
380.2802802802803 0.9372443756379393
380.53053053053054 0.9387775705537871
380.7807807807808 0.9402936446590427
381.03103103103103 0.9417925069578068
381.2812812812813 0.9432740673869232
381.5315315315315 0.9447382368249908
381.7817817817818 0.9461849271012934
382.032032032032 0.9476140510046431
382.28228228228227 0.9490255222921365
382.5325325325325 0.9504192556978248
382.78278278278276 0.9517951669412932
383.033033033033 0.953153172736151
383.2832832832833 0.9544931907984302
383.53353353353356 0.9558151398548905
383.7837837837838 0.9571189396512322
384.03403403403405 0.9584045109602126
384.2842842842843 0.9596717755896672
384.53453453453454 0.9609206563904329
384.7847847847848 0.9621510772641736
385.03503503503504 0.9633629631711057
385.2852852852853 0.9645562401376239
385.53553553553553 0.9657308352638239
385.7857857857858 0.9668866767309233
386.036036036036 0.9680236938085793
386.28628628628627 0.9691418168621002
386.5365365365365 0.9702409773595515
386.7867867867868 0.9713211078787563
387.03703703703707 0.9723821421141852
387.2872872872873 0.9734240148837405
387.53753753753756 0.9744466621354284
387.7877877877878 0.9754500209539205
388.03803803803805 0.9764340295670049
388.2882882882883 0.9773986273519234
388.53853853853855 0.9783437548415953
388.7887887887888 0.9792693537307275
389.03903903903904 0.9801753668818081
389.2892892892893 0.9810617383309849
389.53953953953953 0.9819284132938262
389.7897897897898 0.9827753381709635
390.04004004004 0.9836024605536168
390.2902902902903 0.984409729228998
390.5405405405405 0.9851970941855972
390.79079079079077 0.9859645066183446
391.04104104104107 0.9867119189336536
391.2912912912913 0.987439284754339
391.54154154154156 0.9881465589244137
391.7917917917918 0.9888336975137606
392.04204204204206 0.9895006578226802
392.2922922922923 0.9901473983863123
392.54254254254255 0.9907738789789333
392.7927927927928 0.9913800606181249
393.04304304304304 0.9919659055688178
393.2932932932933 0.9925313773472059
393.54354354354354 0.9930764407245336
393.7937937937938 0.9936010617307531
394.044044044044 0.9941052076580537
394.2942942942943 0.9945888470642593
394.5445445445446 0.9950519497760978
394.7947947947948 0.9954944868923374
395.0450450450451 0.9959164307867939
395.2952952952953 0.996317755111204
395.54554554554556 0.9966984347979682
395.7957957957958 0.9970584460627601
396.04604604604606 0.9973977664070031
396.2962962962963 0.9977163746202139
396.54654654654655 0.9980142507822127
396.7967967967968 0.9982913762651981
397.04704704704704 0.9985477337356892
397.2972972972973 0.9987833071563326
397.54754754754754 0.9989980817875745
397.7977977977978 0.9991920441891977
398.04804804804803 0.9993651822217237
398.2982982982983 0.9995174850476786
398.5485485485485 0.9996489431327246
398.7987987987988 0.9997595482466539
399.0490490490491 0.9998492934642481
399.2992992992993 0.9999181731660011
399.54954954954957 0.9999661830387052
399.7997997997998 0.9999933200759019
400.05005005005006 0.9999995825781953
400.3003003003003 0.9999849701534301
400.55055055055055 0.9999494837167323
400.8008008008008 0.9998931254904139
401.05105105105105 0.9998158990037411
401.3013013013013 0.9997178090925667
401.55155155155154 0.9995988618988246
401.8018018018018 0.9994590648698901
402.05205205205203 0.9992984267578019
402.30230230230234 0.9991169576183501
402.5525525525526 0.9989146688100268
402.80280280280283 0.9986915729928415
403.0530530530531 0.9984476841270011
403.3033033033033 0.9981830174714542
403.55355355355357 0.9978975895823001
403.8038038038038 0.9975914183110633
404.05405405405406 0.9972645228028332
404.3043043043043 0.9969169234942685
404.55455455455456 0.9965486421114693
404.8048048048048 0.9961597016677137
405.05505505505505 0.9957501264610616
405.3053053053053 0.9953199420718252
405.55555555555554 0.994869175359907
405.8058058058058 0.9943978544620056
406.05605605605604 0.9939060087886884
406.3063063063063 0.9933936690213343
406.5565565565566 0.9928608671089444
406.80680680680683 0.9923076362648222
407.0570570570571 0.9917340109631239
407.3073073073073 0.9911400269352784
407.5575575575576 0.9905257211662793
407.8078078078078 0.9898911318908482
408.05805805805807 0.9892362985894679
408.3083083083083 0.9885612619842916
408.55855855855856 0.9878660640349228
408.8088088088088 0.9871507479340693
409.05905905905905 0.9864153581030726
409.3093093093093 0.985659940187312
409.55955955955955 0.9848845410514833
409.8098098098098 0.9840892087747561
410.0600600600601 0.9832739926458064
410.31031031031034 0.9824389431577276
410.5605605605606 0.9815841120028208
410.81081081081084 0.9807095520672633
411.0610610610611 0.9798153174256582
411.31131131131133 0.9789014633354646
411.5615615615616 0.9779680462313097
411.8118118118118 0.9770151237191829
412.06206206206207 0.9760427545705141
412.3123123123123 0.9750509987161361
412.56256256256256 0.9740399172401314
412.8128128128128 0.9730095723735667
413.06306306306305 0.971960027488112
413.3133133133133 0.9708913470895507
413.56356356356355 0.969803596811175
413.8138138138138 0.9686968434070741
414.06406406406404 0.9675711547453114
414.3143143143143 0.9664265998009945
414.5645645645646 0.9652632486492368
414.81481481481484 0.9640811724580151
415.0650650650651 0.9628804434809185
415.31531531531533 0.9616611350497963
415.5655655655656 0.9604233215673023
415.8158158158158 0.9591670784993352
416.06606606606607 0.9578924823673809
416.3163163163163 0.9565996107407527
416.56656656656656 0.9552885422287342
416.8168168168168 0.9539593564726242
417.06706706706706 0.9526121341376852
417.3173173173173 0.951246956904997
417.5675675675676 0.9498639074632161
417.81781781781785 0.9484630695002428
418.0680680680681 0.9470445276947949
418.31831831831835 0.9456083677078936
418.5685685685686 0.9441546761742583
418.81881881881884 0.9426835406936144
419.0690690690691 0.941195049821914
419.31931931931933 0.9396892930624716
419.5695695695696 0.9381663608570154
419.8198198198198 0.9366263445766556
420.0700700700701 0.935069336512772
420.3203203203203 0.9334954298678205
420.57057057057057 0.9319047187460614
420.8208208208208 0.9302972981442098
421.07107107107106 0.9286732639420101
421.3213213213213 0.9270327128927358
421.57157157157155 0.9253757426136149
421.8218218218218 0.9237024515761856
422.07207207207205 0.922012939096578
422.32232232232235 0.9203073053257299
422.5725725725726 0.9185856512395338
422.82282282282284 0.9168480786289155
423.0730730730731 0.91509469008985
423.32332332332334 0.9133255890133145
423.5735735735736 0.9115408795751772
423.82382382382383 0.9097406667260267
424.0740740740741 0.9079250561809435
424.3243243243243 0.9060941544092117
424.57457457457457 0.9042480686239761
424.8248248248248 0.9023869067718451
425.07507507507506 0.9005107775224395
425.32532532532537 0.8986197902578902
425.5755755755756 0.8967140550622883
425.82582582582586 0.8947936827110815
426.0760760760761 0.8928587846604296
426.32632632632635 0.8909094730365112
426.5765765765766 0.8889458606247882
426.82682682682685 0.8869680608592279
427.0770770770771 0.8849761878114848
427.32732732732734 0.882970356180043
427.5775775775776 0.8809506812793235
427.82782782782783 0.8789172790287525
428.0780780780781 0.8768702659417995
428.3283283283283 0.8748097591149806
428.5785785785786 0.8727358762168324
428.8288288288288 0.8706487354768566
429.07907907907907 0.8685484556744383
429.3293293293293 0.866435156127737
429.57957957957956 0.8643089566825556
429.8298298298298 0.8621699777011864
430.08008008008005 0.8600183400512375
430.33033033033036 0.8578541650944386
430.5805805805806 0.8556775746754339
430.83083083083085 0.8534886911105551
431.0810810810811 0.8512876371765847
431.33133133133134 0.8490745360995056
431.5815815815816 0.8468495115432425
431.83183183183183 0.8446126875983949
432.0820820820821 0.8423641887709629
432.3323323323323 0.8401041399710701
432.5825825825826 0.8378326665016836
432.8328328328328 0.8355498940473329
433.0830830830831 0.8332559486628303
433.33333333333337 0.8309509567619964
433.5835835835836 0.828635045106386
433.83383383383386 0.8263083407940257
434.0840840840841 0.8239709712481585
434.33433433433436 0.8216230642059982
434.5845845845846 0.819264747707498
434.83483483483485 0.8168961500841337
435.0850850850851 0.8145173999477033
435.33533533533534 0.812128626179144
435.5855855855856 0.8097299579173728
435.83583583583584 0.8073215245481472
436.0860860860861 0.8049034556929516
436.33633633633633 0.8024758811979115
436.5865865865866 0.8000389311227346
436.8368368368368 0.797592735729685
437.08708708708707 0.7951374254725891
437.3373373373373 0.7926731309858773
437.58758758758756 0.7901999830736633
437.8378378378378 0.7877181126988627
438.0880880880881 0.7852276509723533
438.33833833833836 0.7827287291421812
438.5885885885886 0.7802214785828091
438.83883883883885 0.7777060307844177
439.0890890890891 0.7751825173422553
439.33933933933935 0.7726510699460409
439.5895895895896 0.7701118203694236
439.83983983983984 0.7675649004594991
440.0900900900901 0.7650104421263865
440.34034034034033 0.7624485773328679
440.5905905905906 0.7598794380840932
440.8408408408409 0.7573031564173516
441.09109109109113 0.7547198643919164
441.3413413413414 0.7521296940789558
441.5915915915916 0.749532777551526
441.84184184184187 0.7469292468746377
442.0920920920921 0.7443192340954038
442.34234234234236 0.7417028712332718
442.5925925925926 0.7390802902703387
442.84284284284286 0.7364516231417573
443.0930930930931 0.7338170017262314
443.34334334334335 0.7311765578366073
443.5935935935936 0.7285304232105587
443.84384384384384 0.7258787295013747
444.0940940940941 0.7232216082688476
444.34434434434434 0.7205591909702682
444.5945945945946 0.7178916089515273
444.84484484484483 0.7152189934383303
445.0950950950951 0.7125414755275259
445.3453453453453 0.7098591861785514
445.59559559559557 0.7071722562049997
445.8458458458459 0.7044808162663089
446.0960960960961 0.7017849968595822
446.34634634634637 0.6990849283115318
446.5965965965966 0.6963807407705624
446.84684684684686 0.6936725641989893
447.0970970970971 0.6909605283653955
447.34734734734735 0.688244762837135
447.5975975975976 0.6855253969729815
447.84784784784785 0.6828025599159285
448.0980980980981 0.6800763805861426
448.34834834834834 0.6773469876740766
448.59859859859864 0.6746145096337421
448.8488488488489 0.6718790746761504
449.09909909909913 0.6691408107629163
449.3493493493494 0.666399845600042
449.5995995995996 0.6636563066318721
449.8498498498499 0.6609103210352325
450.1001001001001 0.6581620157137513
450.35035035035037 0.6554115172923693
450.6006006006006 0.6526589521120433
450.85085085085086 0.6499044462246445
451.1011011011011 0.6471481253880591
451.35135135135135 0.6443901150614927
451.6016016016016 0.6416305404009833
451.85185185185185 0.6388695262551294
452.1021021021021 0.6361071971610331
452.35235235235234 0.6333436773404674
452.6026026026026 0.6305790906962682
452.85285285285283 0.6278135608089577
453.1031031031031 0.6250472109336029
453.3533533533533 0.622280163996914
453.60360360360363 0.6195125425945852
453.8538538538539 0.6167444689888887
454.1041041041041 0.6139760651065158
454.35435435435437 0.6112074525366813
454.6046046046046 0.6084387525294881
454.85485485485486 0.6056700859945604
455.1051051051051 0.6029015734999474
455.35535535535536 0.6001333352713057
455.6056056056056 0.5973654911913623
455.85585585585585 0.5945981607996644
456.1061061061061 0.5918314632926207
456.3563563563564 0.5890655175238368
456.60660660660665 0.5863004420047575
456.8568568568569 0.5835363549056055
457.10710710710714 0.5807733740566389
457.3573573573574 0.5780116169497205
457.60760760760763 0.5752512007402087
457.8578578578579 0.5724922422491717
458.1081081081081 0.5697348579659345
458.3583583583584 0.5669791640509577
458.6086086086086 0.5642252763390588
458.85885885885887 0.5614733103429755
459.1091091091091 0.5587233812572799
459.35935935935936 0.5559756039626448
459.6096096096096 0.5532300930304701
459.85985985985985 0.5504869627278711
460.1101101101101 0.5477463270230357
460.36036036036035 0.5450082995909514
460.6106106106106 0.5422729938195122
460.86086086086084 0.5395405228160035
461.1111111111111 0.5368109994139738
461.3613613613614 0.5340845361804947
461.61161161161164 0.5313612454238178
461.8618618618619 0.5286412392014227
462.11211211211213 0.5259246293284728
462.3623623623624 0.523211527386673
462.6126126126126 0.5205020447335375
462.86286286286287 0.5177962925120689
463.1131131131131 0.5150943816608543
463.36336336336336 0.5123964229245802
463.6136136136136 0.5097025268649684
463.86386386386386 0.5070128038721378
464.11411411411416 0.5043273641763938
464.3643643643644 0.5016463178604498
464.61461461461465 0.49896977487207594
464.8648648648649 0.4962978450371883
465.11511511511515 0.49363063807337193
465.3653653653654 0.4909682636038424
465.61561561561564 0.48831083117184676
465.8658658658659 0.4856584502555065
466.11611611611613 0.48301123028310117
466.3663663663664 0.480369280648794
466.6166166166166 0.47773271072880175
466.86686686686687 0.4751016298980054
467.1171171171171 0.472476147547005
467.36736736736736 0.4698563730996144
467.6176176176176 0.46724241603079897
467.86786786786786 0.4646343858850503
468.1181181181181 0.46203239229520093
468.36836836836835 0.45943654500167364
468.6186186186186 0.45684695387216384
468.86886886886884 0.45426372892175343
469.11911911911915 0.45168698033344984
469.3693693693694 0.4491168184791519
469.61961961961964 0.4465533539410296
469.8698698698699 0.44399669753332294
470.12012012012013 0.44144696032454855
470.3703703703704 0.43890425366010954
470.6206206206206 0.43636868918530414
470.8708708708709 0.4338403788687236
471.1211211211211 0.43131943502603587
471.37137137137137 0.4288059703441439
471.6216216216216 0.42630009790571216
471.8718718718719 0.4238019312140513
472.12212212212216 0.42131158421835535
472.3723723723724 0.4188291713392722
472.62262262262266 0.4163548074948084
472.8728728728729 0.4138886081265485
473.12312312312315 0.41143068922618004
473.3733733733734 0.4089811673623113
473.62362362362364 0.40654015970756857
473.8738738738739 0.40410778406595765
474.12412412412414 0.4016841589004775
474.3743743743744 0.3992694033609678
474.62462462462463 0.3968636373121761
474.8748748748749 0.3944669813620267
475.1251251251251 0.39207955689007434
475.37537537537537 0.389701486076124
475.6256256256256 0.38733289192899695
475.87587587587586 0.3849738983154251
476.1261261261261 0.3826246299890501
476.37637637637636 0.3802852126195082
476.6266266266266 0.3779557728215773
476.8768768768769 0.37563643818436215
477.12712712712715 0.37332733730049894
477.3773773773774 0.37102859979534275
477.62762762762765 0.3687403563561275
477.8778778778779 0.36646273876106034
478.12812812812814 0.36419587990832814
478.3783783783784 0.3619399138449862
478.62862862862863 0.3596949757957019
478.8788788788789 0.35746120219132177
479.1291291291292 0.3552387306972314
479.37937937937943 0.35302770024148
479.6296296296297 0.3508282510426289
479.8798798798799 0.34864052463730116
480.13013013013017 0.3464646639073914
480.3803803803804 0.344300813106902
480.63063063063066 0.3421491178883715
480.8808808808809 0.34000972532885704
481.13113113113116 0.3378827839554339
481.3813813813814 0.33576844377017473
481.63163163163165 0.33366685627456766
481.8818818818819 0.3315781744933346
482.13213213213214 0.3295025529976091
482.3823823823824 0.32744014792743187
482.63263263263264 0.3253911170135222
482.8828828828829 0.3233556195982815
483.13313313313313 0.32133381665598704
483.3833833833834 0.3193258708121295
483.6336336336336 0.31733194636185075
483.88388388388387 0.31535220928743607
484.1341341341341 0.3133868272748133
484.38438438438436 0.3114359697290139
484.6346346346346 0.30949980778854647
484.88488488488485 0.30757851433863614
485.13513513513516 0.3056722640232804
485.3853853853854 0.30378123325607403
485.63563563563565 0.3019056002297488
485.8858858858859 0.30004554492438446
486.13613613613614 0.2982012491142369
486.3863863863864 0.29637289637313263
486.63663663663664 0.29456067207837966
486.88688688688694 0.2927647634131429
487.1371371371372 0.29098535936723546
487.38738738738743 0.28922265073626585
487.6376376376377 0.28747683011910097
487.8878878878879 0.2857480919135834
488.1381381381382 0.2840366323104558
488.3883883883884 0.28234264928543856
488.63863863863867 0.28066634258941026
488.8888888888889 0.2790079137366377
489.13913913913916 0.2773675659910046
489.3893893893894 0.27574550435018796
489.63963963963965 0.2741419355277299
489.8898898898899 0.272557067932956
490.14014014014015 0.2709911116486871
490.3903903903904 0.26944427840669827
490.64064064064064 0.26791678156087173
490.8908908908909 0.26640883605799887
491.14114114114113 0.26492065840617973
491.3913913913914 0.26345246664077576
491.6416416416416 0.2620044802878667
491.8918918918919 0.2605769203251683
492.1421421421421 0.259170009140365
492.39239239239237 0.25778397048681284
492.6426426426426 0.2564190294365732
492.8928928928929 0.2550754123307327
493.14314314314316 0.2537533467269725
493.3933933933934 0.2524530613443426
493.64364364364366 0.2511747860052119
493.8938938938939 0.24991875157435142
494.14414414414415 0.24868518989511834
494.3943943943944 0.24747433372270985
494.6446446446447 0.2462864166544536
494.89489489489495 0.24512167305710758
495.1451451451452 0.24398033799113922
495.39539539539544 0.24286264713196198
495.6456456456457 0.24176883668810392
495.89589589589593 0.2406991433162875
496.1461461461462 0.23965380403340175
496.3963963963964 0.23863305612535038
496.6466466466467 0.23763713705276132
496.8968968968969 0.23666628435354542
497.14714714714717 0.23572073554229578
497.3973973973974 0.2348007280065204
497.64764764764766 0.23390649889970405
497.8978978978979 0.23303828503119808
498.14814814814815 0.2321963227529402
498.3983983983984 0.23138084784300744
498.64864864864865 0.2305920953860107
498.8988988988989 0.22983029965034094
499.14914914914914 0.22909569396227975
499.3993993993994 0.2283885105769927
499.64964964964963 0.22770898054642327
499.8998998998999 0.22705733358411206
500.1501501501501 0.22643379792696686
500.4004004004004 0.22583860019401486
500.6506506506507 0.22527196524216836
500.9009009009009 0.2247341160190435
501.15115115115117 0.2242252734128699
501.4014014014014 0.22374565609953745
501.65165165165166 0.22329548038682778
501.9019019019019 0.22287496005588053
502.15215215215215 0.22248430619995183
502.40240240240246 0.222123727060522
502.6526526526527 0.22179342786081813
502.90290290290295 0.22149361063681466
503.1531531531532 0.22122447406578638
503.40340340340344 0.22098621329248605
503.6536536536537 0.2207790197530258
503.90390390390394 0.22060308099654513
504.1541541541542 0.22045858050475098
504.40440440440443 0.22034569750942126
504.6546546546547 0.22026460680796545
504.9049049049049 0.22021547857714024
505.15515515515517 0.22019847818502325
505.4054054054054 0.22021376600134984
505.65565565565566 0.22026149720632368
505.9059059059059 0.22034182159801474
506.15615615615616 0.22045488339846253
506.4064064064064 0.22060082105860518
506.65665665665665 0.22077976706216115
506.9069069069069 0.22099184772859176
507.15715715715714 0.22123718301527662
507.4074074074074 0.22151588631904012
507.65765765765764 0.22182806427716667
507.9079079079079 0.2221738165680501
508.15815815815813 0.22255323571162305
508.40840840840843 0.22296640686971664
508.6586586586587 0.2234134076465044
508.9089089089089 0.2238943078891868
509.1591591591592 0.22440916948907674
509.4094094094094 0.2249580461832481
509.65965965965967 0.22554098335691403
509.9099099099099 0.22615801784670278
510.16016016016016 0.22680917774500287
510.41041041041046 0.22749448220555155
510.6606606606607 0.22821394125044164
510.91091091091096 0.22896755557872794
511.1611611611612 0.22975531637681088
511.41141141141145 0.23057720513078278
511.6616616616617 0.23143319344091984
511.91191191191194 0.23232324283850775
512.1621621621622 0.2332473046051874
512.4124124124124 0.2342053195950121
512.6626626626627 0.23519721805940538
512.9129129129129 0.23622291947521273
513.1631631631632 0.23728233237603857
513.4134134134134 0.23837535418706418
513.6636636636637 0.2395018710635382
513.9139139139139 0.24066175773313678
514.1641641641642 0.2418548773423858
514.4144144144144 0.2430810813073418
514.6646646646647 0.2443402091687256
514.9149149149149 0.24563208845170106
515.1651651651651 0.24695653453049649
515.4154154154154 0.24831335049805614
515.6656656656656 0.24970232704091883
515.9159159159159 0.2511232423195102
516.1661661661662 0.25257586185404024
516.4164164164165 0.2540599384161891
516.6666666666667 0.2555752119267765
516.916916916917 0.25712140935958505
517.1671671671672 0.25869824465152796
517.4174174174175 0.2603054186193371
517.6676676676677 0.26194261888294573
517.917917917918 0.2636095197957403
518.1681681681682 0.2653057823818506
518.4184184184185 0.26703105428064333
518.6686686686687 0.2687849696985833
518.918918918919 0.2705671493686186
519.1691691691692 0.2723772005172464
519.4194194194195 0.2742147168394076
519.6696696696697 0.27607927848135705
519.91991991992 0.2779704520316495
520.1701701701702 0.27988779052037704
520.4204204204204 0.28183083342678933
520.6706706706707 0.28379910669541997
520.9209209209209 0.28579212276084087
521.1711711711712 0.28780938058115624
521.4214214214214 0.28985036568034456
521.6716716716717 0.2919145501995504
521.9219219219219 0.2940013929574202
522.1721721721722 0.2961103395195708
522.4224224224224 0.2982408222772716
522.6726726726727 0.3003922605354162
522.9229229229229 0.3025640606098491
523.1731731731732 0.30475561593410916
523.4234234234234 0.30696630717564094
523.6736736736736 0.3091955023615196
523.9239239239239 0.3114425570137263
524.1741741741741 0.3137068142940034
524.4244244244244 0.3159876051583093
524.6746746746746 0.3182842485208882
524.9249249249249 0.3205960514279559
525.1751751751751 0.32292230924100135
525.4254254254254 0.325262305829688
525.6756756756756 0.327615313774337
525.925925925926 0.3299805945779602
526.1761761761762 0.33235739888780064
526.4264264264265 0.33474496672634735
526.6766766766767 0.3371425277317468
526.926926926927 0.33954930140756184
527.1771771771772 0.3419644973817964
527.4274274274275 0.3443873156751047
527.6776776776777 0.34681694697808985
527.927927927928 0.3492525729375931
528.1781781781782 0.3516933664518592
528.4284284284284 0.3541384919744609
528.6786786786787 0.35658710582685116
528.9289289289289 0.35903835651940574
529.1791791791792 0.3614913850808089
529.4294294294294 0.3639453253956256
529.6796796796797 0.36639930454989456
529.9299299299299 0.36885244318457006
530.1801801801802 0.3713038558566265
530.4304304304304 0.3737526514076374
530.6806806806807 0.37619793333962687
530.9309309309309 0.3786388001979854
531.1811811811812 0.38107434596123396
531.4314314314314 0.38350366043741024
531.6816816816818 0.3859258296668456
531.931931931932 0.38833993633108554
532.1821821821823 0.3907450601677216
532.4324324324325 0.39314027839085447
532.6826826826828 0.3955246661169448
532.932932932933 0.3978972967957714
533.1831831831832 0.40025724264622126
533.4334334334335 0.40260357509662764
533.6836836836837 0.4049353652293642
533.933933933934 0.4072516842293993
534.1841841841842 0.4095516038365055
534.4344344344345 0.41183419680081745
534.6846846846847 0.41409853734142194
534.934934934935 0.41634370160766127
535.1851851851852 0.41856876814282523
535.4354354354355 0.4207728183499026
535.6856856856857 0.4229549369590573
535.935935935936 0.42511421249649334
536.1861861861862 0.4272497377543657
536.4364364364365 0.42936061026139216
536.6866866866867 0.43144593275381926
536.936936936937 0.43350481364638976
537.1871871871872 0.4355363675029601
537.4374374374374 0.4375397155064109
537.6876876876877 0.4395139859274942
537.9379379379379 0.4414583145922582
538.1881881881882 0.44337184534769086
538.4384384384384 0.44525373052521977
538.6886886886887 0.4471031314017102
538.9389389389389 0.4489192186575984
539.1891891891892 0.4507011728317996
539.4394394394394 0.45244818477303395
539.6896896896897 0.45415945608720665
539.9399399399399 0.4558341995804902
540.1901901901902 0.45747163969774973
540.4404404404404 0.45907101295596003
540.6906906906906 0.46063156837226277
540.9409409409409 0.46215256788631676
541.1911911911911 0.46363328677659665
541.4414414414415 0.4650730140702985
541.6916916916917 0.46647105294651475
541.941941941942 0.4678267211323518
542.1921921921922 0.4691393512916528
542.4424424424425 0.47040829140601115
542.6926926926927 0.4716329051477528
542.942942942943 0.47281257224457884
543.1931931931932 0.47394668883556085
543.4434434434435 0.47503466781818954
543.6936936936937 0.47607593918618785
543.943943943944 0.4770699503577984
544.1941941941942 0.47801616649427153
544.4444444444445 0.4789140708082811
544.6946946946947 0.47976316486200715
544.944944944945 0.4805629688546315
545.1951951951952 0.481313021898999
545.4454454454454 0.482012882287211
545.6956956956957 0.4826621277449199
545.9459459459459 0.4832603556741094
546.1961961961962 0.48380718338415013
546.4464464464464 0.48430224831093205
546.6966966966967 0.484745208223885
546.9469469469469 0.4851357414207091
547.1971971971973 0.4854735469096452
547.4474474474475 0.48575834457912936
547.6976976976978 0.4859898753546842
547.947947947948 0.4861679013429103
548.1981981981983 0.48629220596245415
548.4484484484485 0.4863625940618378
548.6986986986988 0.48637889202404894
548.948948948949 0.4863409478578007
549.1991991991993 0.4862486312753815
549.4494494494495 0.486101833757028
549.6996996996997 0.48590046860176517
549.94994994995 0.48564447096467017
550.2002002002002 0.48533379788052733
550.4504504504505 0.4849684282738548
550.7007007007007 0.4845483629552937
550.950950950951 0.4840736246043659
551.2012012012012 0.4835442577386127
551.4514514514515 0.4829603286691449
551.7017017017017 0.48232192544264285
551.951951951952 0.48162915776985715
552.2022022022022 0.48088215694067427
552.4524524524525 0.4800810757258209
552.7027027027027 0.47922608826529495
552.952952952953 0.47831738994361866
553.2032032032032 0.47735519725202674
553.4534534534534 0.47633974763770665
553.7037037037037 0.475271299340226
553.9539539539539 0.47415013121528765
554.2042042042042 0.47297654254596755
554.4544544544544 0.47175085284159957
554.7047047047047 0.4704734016244814
554.9549549549549 0.4691445482045887
555.2052052052052 0.4677646714424899
555.4554554554554 0.46633416950066997
555.7057057057057 0.46485345958347607
555.9559559559559 0.4633229776659096
556.2062062062062 0.46174317821149846
556.4564564564564 0.4601145338794926
556.7067067067067 0.45843753522163166
556.956956956957 0.4567126903687459
557.2072072072073 0.4549405247074608
557.4574574574575 0.4531215805472691
557.7077077077078 0.45125641677826955
557.957957957958 0.4493456085198494
558.2082082082082 0.4473897467606127
558.4584584584585 0.4453894379898569
558.7087087087087 0.443345303820907
558.958958958959 0.4412579806066227
559.2092092092092 0.4391281190474004
559.4594594594595 0.4369563837919943
559.7097097097097 0.43474345303148926
559.95995995996 0.43249001808676046
560.2102102102102 0.43019678298975905
560.4604604604605 0.4278644640589678
560.7107107107107 0.42549378946937266
560.960960960961 0.4230854988173018
561.2112112112112 0.42064034268048295
561.4614614614615 0.41815908217367453
561.7117117117117 0.41564248850022834
561.961961961962 0.41309134249994084
562.2122122122122 0.4105064341935539
562.4624624624624 0.4078885623242648
562.7127127127128 0.4052385338966058
562.962962962963 0.4025571637130616
563.2132132132133 0.399845273908767
563.4634634634635 0.397103693484671
563.7137137137138 0.3943332578395057
563.963963963964 0.3915348083009287
564.2142142142143 0.38870919165619194
564.4644644644645 0.38585725968269213
564.7147147147148 0.3829798686787557
564.964964964965 0.3800778789950066
565.2152152152153 0.377152154566664
565.4654654654655 0.37420356244711367
565.7157157157158 0.371232972343091
565.965965965966 0.36824125615181375
566.2162162162163 0.3652292875003927
566.4664664664665 0.36219794128785
566.7167167167167 0.35914809323006547
566.966966966967 0.35608061940796776
567.2172172172172 0.35299639581928277
567.4674674674675 0.34989629793414345
567.7177177177177 0.3467812002548636
567.967967967968 0.34365197588016494
568.2182182182182 0.34050949607414965
568.4684684684685 0.33735462984029563
568.7187187187187 0.33418824350074855
568.968968968969 0.33101120028117953
569.2192192192192 0.3278243599014647
569.4694694694695 0.324628578172441
569.7197197197197 0.32142470659898154
569.96996996997 0.31821359198962634
570.2202202202202 0.31499607607299823
570.4704704704704 0.311772995121223
570.7207207207207 0.30854517958056615
570.9709709709709 0.30531345370949053
571.2212212212212 0.30207863522432876
571.4714714714714 0.2988415349527574
571.7217217217217 0.29560295649525176
571.9719719719719 0.2923636958946872
572.2222222222222 0.28912454131425075
572.4724724724725 0.2858862727238098
572.7227227227228 0.282649661594889
572.972972972973 0.2794154706043684
573.2232232232233 0.2761844533470534
573.4734734734735 0.2729573540572104
573.7237237237238 0.269734907339184
573.973973973974 0.2665178379071873
574.2242242242243 0.2633068603343573
574.4744744744745 0.26010267881114874
574.7247247247248 0.2569059869131404
574.974974974975 0.2537174673783102
575.2252252252252 0.25053779189383285
575.4754754754755 0.24736762089244108
575.7257257257257 0.24420760335838443
575.975975975976 0.24105837664301002
576.2262262262262 0.23792056628998168
576.4764764764765 0.23479478587014393
576.7267267267267 0.23168163682603127
576.976976976977 0.22858170832601124
577.2272272272272 0.2254955771280454
577.4774774774775 0.2224238074530412
577.7277277277277 0.21936695086776076
577.977977977978 0.21632554617724553
578.2282282282283 0.2133001193267056
578.4784784784786 0.21029118331282418
578.7287287287288 0.20729923810439327
578.9789789789791 0.20432477057223533
579.2292292292293 0.2013682544283124
579.4794794794796 0.1984301501739442
579.7297297297298 0.19551090505704252
579.97997997998 0.19261095303826234
580.2302302302303 0.18973071476596454
580.4804804804805 0.18687059755987903
580.7307307307308 0.18403099540335097
580.980980980981 0.18121228894404695
581.2312312312313 0.1784148455029928
581.4814814814815 0.17563901909180893
581.7317317317318 0.17288515043800468
581.981981981982 0.1701535670181877
582.2322322322323 0.16744458309903976
582.4824824824825 0.16475849978590626
582.7327327327328 0.16209560507884282
582.982982982983 0.15945617393595676
583.2332332332332 0.15684046834388
583.4834834834835 0.15424873739520356
583.7337337337337 0.15168121737270365
583.983983983984 0.14913813184018257
584.2342342342342 0.14661969173974862
584.4844844844845 0.14412609549535374
584.7347347347347 0.1416575291224059
584.984984984985 0.139214166343272
585.2352352352352 0.13679616870848452
585.4854854854855 0.13440368572346212
585.7357357357357 0.13203685498055523
585.985985985986 0.12969580229622452
586.2362362362362 0.1273806418531595
586.4864864864865 0.1250914763471441
586.7367367367367 0.12282839713847478
586.986986986987 0.12059148440773651
587.2372372372372 0.11838080731574141
587.4874874874874 0.11619642416743538
587.7377377377377 0.11403838257957744
587.987987987988 0.111906719651996
588.2382382382383 0.10980146214223425
588.4884884884885 0.10772262664337585
588.7387387387388 0.10567021976487834
588.988988988989 0.10364423831620756
589.2392392392393 0.10164466949308884
589.4894894894895 0.0996714910661847
589.7397397397398 0.09772467157201134
589.98998998999 0.09580417050590871
590.2402402402403 0.09390993851687919
590.4904904904905 0.09204191760411354
590.7407407407408 0.09020004131502403
590.990990990991 0.08838423494460672
591.2412412412413 0.08659441573595819
591.4914914914915 0.08483049308177334
591.7417417417417 0.0830923687266547
591.991991991992 0.08137993697006526
592.2422422422422 0.07969308486976116
592.4924924924925 0.0780316924455415
592.7427427427427 0.07639563288315804
592.992992992993 0.07478477273822855
593.2432432432432 0.07319897214000216
593.4934934934935 0.071638084994828
593.7437437437438 0.07010195918918069
593.9939939939941 0.0685904367921055
594.2442442442443 0.0671033542569341
594.4944944944946 0.06564054262215029
594.7447447447448 0.0642018277112641
594.9949949949951 0.06278703033157121
595.2452452452453 0.06139596647167309
595.4954954954956 0.06002844749763898
595.7457457457458 0.0586842803476924
595.995995995996 0.057363267725311494
596.2462462462463 0.05606520829063389
596.4964964964965 0.05478989685006261
596.7467467467468 0.0535371245439722
596.996996996997 0.05230667903241869
597.2472472472473 0.051098344678761246
597.4974974974975 0.04991190273110644
597.7477477477478 0.04874713150149072
597.997997997998 0.04760380654272088
598.2482482482483 0.04648170082279477
598.4984984984985 0.04538058489683025
598.7487487487488 0.044300227076433135
598.998998998999 0.04324039359643862
599.2492492492493 0.042200848778965586
599.4994994994995 0.04118135519472563
599.7497497497498 0.04018167382153353
600.0 0.03920156419996891
