350.0 0.6592406302004438
350.25025025025025 0.6619890481951796
350.5005005005005 0.664735047996607
350.75075075075074 0.6674785046913895
351.001001001001 0.6702192930089386
351.25125125125123 0.6729572873304214
351.5015015015015 0.6756923616978405
351.7517517517517 0.6784243898231881
352.00200200200203 0.6811532450976707
352.2522522522523 0.6838788006010036
352.5025025025025 0.6866009291107803
352.75275275275277 0.6893195031119053
353.003003003003 0.6920343948060982
353.25325325325326 0.6947454761214646
353.5035035035035 0.6974526187221338
353.75375375375376 0.7001556940179609
354.004004004004 0.7028545731742942
354.25425425425425 0.7055491271218067
354.5045045045045 0.7082392265663884
354.75475475475474 0.7109247419991015
355.005005005005 0.7136055437061962
355.25525525525524 0.7162815017791854
355.5055055055055 0.7189524861249771
355.75575575575573 0.7216183664760669
356.00600600600603 0.724279012400784
356.2562562562563 0.7269342933135922
356.5065065065065 0.7295840784854498
356.7567567567568 0.7322282370542166
357.007007007007 0.7348666380351163
357.25725725725727 0.7374991503312488
357.5075075075075 0.7401256427441526
357.75775775775776 0.7427459839844153
358.008008008008 0.7453600426823317
358.25825825825825 0.7479676873986085
358.5085085085085 0.7505687866351133
358.75875875875874 0.7531632088456681
359.009009009009 0.7557508224468854
359.25925925925924 0.7583314958290455
359.5095095095095 0.7609050973670141
359.75975975975973 0.7634714954311991
360.01001001001003 0.7660305583985457
360.2602602602603 0.7685821546635646
360.5105105105105 0.7711261526494024
360.7607607607608 0.773662420818939
361.011011011011 0.7761908276859207
361.26126126126127 0.7787112418261257
361.5115115115115 0.7812235318885573
361.76176176176176 0.7837275666066678
362.012012012012 0.7862232148096089
362.26226226226225 0.7887103454335092
362.5125125125125 0.7911888275327751
362.76276276276275 0.7936585302914169
363.013013013013 0.7961193230343953
363.26326326326324 0.7985710752389904
363.5135135135135 0.8010136565461895
363.7637637637638 0.8034469367720927
364.01401401401404 0.805870785919333
364.2642642642643 0.8082850741885188
364.51451451451453 0.8106896719896814
364.7647647647648 0.8130844499537416
365.015015015015 0.8154692789439839
365.26526526526527 0.8178440300675418
365.5155155155155 0.8202085746868916
365.76576576576576 0.8225627844313527
366.016016016016 0.8249065312085927
366.26626626626626 0.827239687216138
366.5165165165165 0.8295621249528861
366.76676676676675 0.8318737172306188
367.017017017017 0.834174337185516
367.26726726726724 0.8364638582896676
367.5175175175175 0.8387421543625816
367.7677677677678 0.8410090995826883
368.01801801801804 0.8432645684988369
368.2682682682683 0.8455084360417885
368.51851851851853 0.8477405775356951
368.7687687687688 0.8499608687095715
369.019019019019 0.8521691857087547
369.2692692692693 0.8543654051063481
369.5195195195195 0.856549403914654
369.76976976976977 0.8587210595965865
370.02002002002 0.86088025007707
370.27027027027026 0.8630268537544147
370.5205205205205 0.8651607495116744
370.77077077077075 0.8672818167279807
371.021021021021 0.8693899352898535
371.2712712712713 0.8714849856024875
371.52152152152155 0.8735668486010089
371.7717717717718 0.8756354057617088
372.02202202202204 0.8776905391132431
372.2722722722723 0.8797321312478026
372.52252252252254 0.8817600653322507
372.7727727727728 0.8837742251192269
373.02302302302303 0.8857744949582148
373.2732732732733 0.8877607598065734
373.5235235235235 0.8897329052405293
373.77377377377377 0.8916908174661293
374.024024024024 0.8936343833301528
374.27427427427426 0.8955634903309789
374.5245245245245 0.8974780266294118
374.77477477477476 0.8993778810594585
375.025025025025 0.9012629431390606
375.27527527527525 0.903133103080777
375.52552552552555 0.9049882518024166
375.7757757757758 0.906828280937618
376.02602602602605 0.9086530828463804
376.2762762762763 0.9104625506255347
376.52652652652654 0.9122565781191633
376.7767767767768 0.9140350599289601
377.02702702702703 0.9157978914245325
377.2772772772773 0.9175449687536438
377.5275275275275 0.9192761888523941
377.77777777777777 0.920991449455338
378.028028028028 0.9226906491055373
378.27827827827826 0.9243736871645505
378.5285285285285 0.9260404638223532
378.77877877877876 0.9276908801071903
379.02902902902906 0.9293248378953601
379.2792792792793 0.9309422399209246
379.52952952952955 0.9325429897853507
379.7797797797798 0.9341269919670754
380.03003003003005 0.9356941518309962
380.2802802802803 0.937244375637886
380.53053053053054 0.938777570553729
380.7807807807808 0.9402936446589796
381.03103103103103 0.9417925069577381
381.2812812812813 0.9432740673868484
381.5315315315315 0.9447382368249094
381.7817817817818 0.9461849271012049
382.032032032032 0.9476140510045469
382.28228228228227 0.9490255222920317
382.5325325325325 0.9504192556977109
382.78278278278276 0.9517951669411694
383.033033033033 0.9531531727360163
383.2832832832833 0.9544931907982839
383.53353353353356 0.9558151398547313
383.7837837837838 0.9571189396510592
384.03403403403405 0.9584045109600247
384.2842842842843 0.9596717755894629
384.53453453453454 0.960920656390211
384.7847847847848 0.9621510772639326
385.03503503503504 0.9633629631708439
385.2852852852853 0.9645562401373396
385.53553553553553 0.9657308352635151
385.7857857857858 0.9668866767305881
386.036036036036 0.9680236938082155
386.28628628628627 0.9691418168617052
386.5365365365365 0.9702409773591228
386.7867867867868 0.9713211078782912
387.03703703703707 0.9723821421136805
387.2872872872873 0.973424014883193
387.53753753753756 0.9744466621348343
387.7877877877878 0.9754500209532763
388.03803803803805 0.9764340295663062
388.2882882882883 0.9773986273511658
388.53853853853855 0.9783437548407738
388.7887887887888 0.9792693537298369
389.03903903903904 0.9801753668808427
389.2892892892893 0.9810617383299386
389.53953953953953 0.9819284132926923
389.7897897897898 0.982775338169735
390.04004004004 0.9836024605522857
390.2902902902903 0.9844097292275561
390.5405405405405 0.9851970941840353
390.79079079079077 0.985964506616653
391.04104104104107 0.986711918931822
391.2912912912913 0.9874392847523558
391.54154154154156 0.9881465589222667
391.7917917917918 0.9888336975114365
392.04204204204206 0.9895006578201647
392.2922922922923 0.9901473983835901
392.54254254254255 0.9907738789759877
392.7927927927928 0.991380060614938
393.04304304304304 0.9919659055653701
393.2932932932933 0.9925313773434767
393.54354354354354 0.9930764407205005
393.7937937937938 0.9936010617263918
394.044044044044 0.994105207653338
394.2942942942943 0.9945888470591611
394.5445445445446 0.9950519497705868
394.7947947947948 0.9954944868863809
395.0450450450451 0.9959164307803565
395.2952952952953 0.9963177551042479
395.54554554554556 0.9966984347904525
395.7957957957958 0.9970584460546409
396.04604604604606 0.997397766398233
396.2962962962963 0.9977163746107419
396.54654654654655 0.998014250771984
396.7967967967968 0.9982913762541535
397.04704704704704 0.9985477337237652
397.2972972972973 0.9987833071434606
397.54754754754754 0.9989980817736811
397.7977977977978 0.9991920441742036
398.04804804804803 0.9993651822055438
398.2982982982983 0.9995174850302213
398.5485485485485 0.9996489431138914
398.7987987987988 0.999759548226339
399.0490490490491 0.9998492934423374
399.2992992992993 0.9999181731423724
399.54954954954957 0.9999661830132269
399.7997997997998 0.9999933200484328
400.05005005005006 0.9999995825485835
400.3003003003003 0.9999849701215123
400.55055055055055 0.9999494836823334
400.8008008008008 0.9998931254533455
401.05105105105105 0.9998158989638013
401.3013013013013 0.9997178090495383
401.55155155155154 0.9995988618524747
401.8018018018018 0.9994590648199684
402.05205205205203 0.9992984267040398
402.30230230230234 0.9991169575604596
402.5525525525526 0.9989146687476986
402.80280280280283 0.9986915729257438
403.0530530530531 0.9984476840547782
403.3033033033033 0.9981830173937242
403.55355355355357 0.9978975894986535
403.8038038038038 0.9975914182210611
404.05405405405406 0.9972645227060044
404.3043043043043 0.9969169233901086
404.55455455455456 0.9965486419994373
404.8048048048048 0.9961597015472295
405.05505505505505 0.995750126331504
405.3053053053053 0.9953199419325282
405.55555555555554 0.9948691752101573
405.8058058058058 0.9943978543010388
406.05605605605604 0.9939060086156861
406.3063063063063 0.99339366883542
406.5565565565566 0.9928608669091794
406.80680680680683 0.9923076360502014
407.0570570570571 0.9917340107325714
407.3073073073073 0.9911400266876427
407.5575575575576 0.990525720900328
407.8078078078078 0.989891131605262
408.05805805805807 0.9892362982828359
408.3083083083083 0.988561261655104
408.55855855855856 0.9878660636815647
408.8088088088088 0.9871507475548136
409.05905905905905 0.9864153576960721
409.3093093093093 0.9856599397505917
409.55955955955955 0.9848845405829318
409.8098098098098 0.9840892082721164
410.0600600600601 0.9832739921066658
410.31031031031034 0.9824389425795079
410.5605605605606 0.9815841113827672
410.81081081081084 0.9807095514024323
411.0610610610611 0.9798153167129056
411.31131131131133 0.9789014625714317
411.5615615615616 0.9779680454124097
411.8118118118118 0.9770151228415856
412.06206206206207 0.9760427536301299
412.3123123123123 0.9750509977085993
412.56256256256256 0.9740399161607818
412.8128128128128 0.9730095712174305
413.06306306306305 0.9719600262498818
413.3133133133133 0.9708913457635631
413.56356356356355 0.9698035953913883
413.8138138138138 0.9686968418870432
414.06406406406404 0.9675711531181627
414.3143143143143 0.9664265980593973
414.5645645645646 0.9652632467853747
414.81481481481484 0.9640811704635545
415.0650650650651 0.9628804413469759
415.31531531531533 0.961661132766903
415.5655655655656 0.9604233191253673
415.8158158158158 0.9591670758876057
416.06606606606607 0.9578924795744006
416.3163163163163 0.9565996077543168
416.56656656656656 0.9552885390358432
416.8168168168168 0.9539593530594331
417.06706706706706 0.952612130489451
417.3173173173173 0.9512469530060222
417.5675675675676 0.9498639032967894
417.81781781781785 0.9484630650485758
418.0680680680681 0.9470445229389552
418.31831831831835 0.9456083626277343
418.5685685685686 0.9441546707483421
418.81881881881884 0.942683534899135
419.0690690690691 0.9411950436346113
419.31931931931933 0.9396892864565424
419.5695695695696 0.9381663538050191
419.8198198198198 0.9366263370494143
420.0700700700701 0.9350693284792645
420.3203203203203 0.9334954212950702
420.57057057057057 0.9319047095990179
420.8208208208208 0.9302972883856231
421.07107107107106 0.9286732535322982
421.3213213213213 0.9270327017898443
421.57157157157155 0.9253757307728682
421.8218218218218 0.9237024389501303
422.07207207207205 0.9220129256348166
422.32232232232235 0.9203072909747454
422.5725725725726 0.9185856359425044
422.82282282282284 0.9168480623255179
423.0730730730731 0.9150946727160532
423.32332332332334 0.9133255705011603
423.5735735735736 0.9115408598525488
423.82382382382383 0.9097406457164056
424.0740740740741 0.9079250338031501
424.3243243243243 0.9060941305771343
424.57457457457457 0.9042480432462826
424.8248248248248 0.9023868797516801
425.07507507507506 0.9005107487571035
425.32532532532537 0.8986197596385018
425.5755755755756 0.8967140224734278
425.82582582582586 0.8947936480304144
426.0760760760761 0.8928587477583096
426.32632632632635 0.8909094337755622
426.5765765765766 0.8889458188594624
426.82682682682685 0.8869680164353405
427.0770770770771 0.8849761405657236
427.32732732732734 0.8829703059394514
427.5775775775776 0.8809506278607552
427.82782782782783 0.8789172222382975
428.0780780780781 0.8768702055741792
428.3283283283283 0.8748096949529102
428.5785785785786 0.87273580803035
428.8288288288288 0.8706486630226161
429.07907907907907 0.8685483786949652
429.3293293293293 0.8664350743506447
429.57957957957956 0.8643088698197205
429.8298298298298 0.8621698854478804
430.08008008008005 0.8600182420852134
430.33033033033036 0.8578540610749699
430.5805805805806 0.8556774642423034
430.83083083083085 0.853488573882991
431.0810810810811 0.8512875127521424
431.33133133133134 0.8490744040528917
431.5815815815816 0.846849371425078
431.83183183183183 0.8446125389339154
432.0820820820821 0.8423640310586524
432.3323323323323 0.8401039726812254
432.5825825825826 0.8378324890749055
432.8328328328328 0.8355497058929414
433.0830830830831 0.8332557491572
433.33333333333337 0.830950745246808
433.5835835835836 0.8286348208867906
433.83383383383386 0.8263081031367168
434.0840840840841 0.8239707193793485
434.33433433433436 0.8216227973092946
434.5845845845846 0.8192644649216744
434.83483483483485 0.816895850500791
435.0850850850851 0.8145170826088155
435.33533533533534 0.812128290074485
435.5855855855856 0.8097296019818162
435.83583583583584 0.807321147658836
436.0860860860861 0.8049030566663297
436.33633633633633 0.8024754587866123
436.5865865865866 0.8000384840123197
436.8368368368368 0.7975922625352261
437.08708708708707 0.7951369247350866
437.3373373373373 0.7926726011685079
437.58758758758756 0.79019942255785
437.8378378378378 0.7877175197801578
438.0880880880881 0.7852270238561274
438.33833833833836 0.7827280659391102
438.5885885885886 0.7802207773041485
438.83883883883885 0.7777052893370571
439.0890890890891 0.7751817335235422
439.33933933933935 0.7726502414383651
439.5895895895896 0.7701109447345507
439.83983983983984 0.7675639751326432
440.0900900900901 0.7650094644100114
440.34034034034033 0.7624475443902043
440.5905905905906 0.7598783469323613
440.8408408408409 0.7573020039206751
441.09109109109113 0.7547186472539169
441.3413413413414 0.7521284088350132
441.5915915915916 0.7495314205606912
441.84184184184187 0.7469278143111842
442.0920920920921 0.7443177219400022
442.34234234234236 0.7417012752637726
442.5925925925926 0.7390786060521479
442.84284284284286 0.7364498460177873
443.0930930930931 0.7338151268064111
443.34334334334335 0.7311745799869335
443.5935935935936 0.7285283370416703
443.84384384384384 0.7258765293566314
444.0940940940941 0.7232192882118933
444.34434434434434 0.720556744772058
444.5945945945946 0.7178890300767996
444.84484484484483 0.7152162750314995
445.0950950950951 0.7125386103979758
445.3453453453453 0.7098561667853046
445.59559559559557 0.7071690746407402
445.8458458458459 0.7044774642407323
446.0960960960961 0.7017814656820497
446.34634634634637 0.6990812088729997
446.5965965965966 0.6963768235247618
446.84684684684686 0.6936684391428263
447.0970970970971 0.6909561850185452
447.34734734734735 0.6882401902207976
447.5975975975976 0.6855205835877707
447.84784784784785 0.6827974937188598
448.0980980980981 0.6800710489666906
448.34834834834834 0.6773413774292657
448.59859859859864 0.6746086069422368
448.8488488488489 0.6718728650713095
449.09909909909913 0.6691342791047747
449.3493493493494 0.6663929760461805
449.5995995995996 0.6636490826071391
449.8498498498499 0.6609027252002739
450.1001001001001 0.6581540299323111
450.35035035035037 0.6554031225973156
450.6006006006006 0.6526501286700774
450.85085085085086 0.649895173299648
451.1011011011011 0.6471383813030324
451.35135135135135 0.6443798771590381
451.6016016016016 0.6416197850022847
451.85185185185185 0.6388582286173758
452.1021021021021 0.636095331433239
452.35235235235234 0.6333312165176325
452.6026026026026 0.6305660065718263
452.85285285285283 0.6277998239254574
453.1031031031031 0.6250327905315632
453.3533533533533 0.6222650279617975
453.60360360360363 0.6194966574018278
453.8538538538539 0.6167277996469258
454.1041041041041 0.613958575097741
454.35435435435437 0.6111891037562747
454.6046046046046 0.6084195052220469
454.85485485485486 0.6056498986884656
455.1051051051051 0.6028804029393976
455.35535535535536 0.6001111363459457
455.6056056056056 0.5973422168634377
455.85585585585585 0.5945737620286254
456.1061061061061 0.5918058889571013
456.3563563563564 0.5890387143409324
456.60660660660665 0.5862723544465218
456.8568568568569 0.5835069251126865
457.10710710710714 0.5807425417489731
457.3573573573574 0.5779793193342003
457.60760760760763 0.5752173724152384
457.8578578578579 0.5724568151060258
458.1081081081081 0.5696977610868286
458.3583583583584 0.566940323603743
458.6086086086086 0.5641846154684474
458.85885885885887 0.561430749058203
459.1091091091091 0.5586788363161105
459.35935935935936 0.555928988751622
459.6096096096096 0.5531813174413145
459.85985985985985 0.5504359330299244
460.1101101101101 0.5476929457316502
460.36036036036035 0.5449524653317211
460.6106106106106 0.5422146011882414
460.86086086086084 0.5394794622343042
461.1111111111111 0.5367471569803869
461.3613613613614 0.5340177935170232
461.61161161161164 0.5312914795177619
461.8618618618619 0.5285683222424045
462.11211211211213 0.5258484285405359
462.3623623623624 0.523131904855343
462.6126126126126 0.5204188572277256
462.86286286286287 0.5177093913007019
463.1131131131131 0.5150036123241103
463.36336336336336 0.5123016251596115
463.6136136136136 0.5096035342859897
463.86386386386386 0.5069094438047558
464.11411411411416 0.5042194574460568
464.3643643643644 0.5015336785748912
464.61461461461465 0.4988522101976269
464.8648648648649 0.4961751549688339
465.11511511511515 0.493502615198423
465.3653653653654 0.4908346928590961
465.61561561561564 0.48817148959410794
465.8658658658659 0.48551310672534065
466.11611611611613 0.4828596452616905
466.3663663663664 0.4802112059077676
466.6166166166166 0.4775678890729101
466.86686686686687 0.47492979488050957
467.1171171171171 0.4722970231776518
467.36736736736736 0.46966967354506806
467.6176176176176 0.4670478453073997
467.86786786786786 0.46443163754377237
468.1181181181181 0.46182114909868155
468.36836836836835 0.45921647859318493
468.6186186186186 0.456617724436403
468.86886886886884 0.454024984837324
469.11911911911915 0.45143835781691016
469.3693693693694 0.4488579412205087
469.61961961961964 0.44628383273055355
469.8698698698699 0.44371612987956743
470.12012012012013 0.4411549300634529
470.3703703703704 0.43860033055507053
470.6206206206206 0.43605242851810194
470.8708708708709 0.4335113210211905
471.1211211211211 0.4309771050523582
471.37137137137137 0.42844987753369135
471.6216216216216 0.42592973533629086
471.8718718718719 0.42341677529547983
472.12212212212216 0.420911094226268
472.3723723723724 0.41841278893905504
472.62262262262266 0.41592195625557915
472.8728728728729 0.4134386930250952
473.12312312312315 0.41096309614077725
473.3733733733734 0.4084952625563364
473.62362362362364 0.406035289302848
473.8738738738739 0.40358327350577566
474.12412412412414 0.40113931240218575
474.3743743743744 0.3987035033581405
474.62462462462463 0.39627594388626053
474.8748748748749 0.3938567316634455
475.1251251251251 0.39144596454874186
475.37537537537537 0.38904374060134594
475.6256256256256 0.38665015809872977
475.87587587587586 0.3842653155548781
476.1261261261261 0.38188931173862123
476.37637637637636 0.3795222456920531
476.6266266266266 0.3771642167490169
476.8768768768769 0.374815324553646
477.12712712712715 0.37247566907894614
477.3773773773774 0.37014535064539555
477.62762762762765 0.36782446993955864
477.8778778778779 0.3655131280326866
478.12812812812814 0.36321142639929194
478.3783783783784 0.3609194669356776
478.62862862862863 0.35863735197840413
478.8788788788789 0.356365184322673
479.1291291291292 0.354103067240609
479.37937937937943 0.35185110449942303
479.6296296296297 0.34960940037942717
479.8798798798799 0.34737805969189156
480.13013013013017 0.34515718779671445
480.3803803803804 0.34294689061988454
480.63063063063066 0.3407472746707136
480.8808808808809 0.3385584470588168
481.13113113113116 0.3363805155108147
481.3813813813814 0.334213588386736
481.63163163163165 0.3320577746960925
481.8818818818819 0.32991318411360443
482.13213213213214 0.327779926994548
482.3823823823824 0.3256581143897002
482.63263263263264 0.32354785805985403
482.8828828828829 0.3214492704898757
483.13313313313313 0.3193624649022786
483.3833833833834 0.31728755527028357
483.6336336336336 0.31522465633033825
483.88388388388387 0.3131738835940665
484.1341341341341 0.311135353359618
484.38438438438436 0.3091091827223894
484.6346346346346 0.3070954895850855
484.88488488488485 0.3050943926670912
485.13513513513516 0.30310601151312333
485.3853853853854 0.3011304665011318
485.63563563563565 0.2991678788494152
485.8858858858859 0.2972183706229253
486.13613613613614 0.29528206473872404
486.3863863863864 0.29335908497056234
486.63663663663664 0.291449555952548
486.88688688688694 0.2895536031818706
487.1371371371372 0.28767135302055385
487.38738738738743 0.2858029326961929
487.6376376376377 0.2839484703016579
487.8878878878879 0.2821080947937194
488.1381381381382 0.28028193599056833
488.3883883883884 0.27847012456819586
488.63863863863867 0.2766727920556015
488.8888888888889 0.2748900708287953
489.13913913913916 0.2731220941035621
489.3893893893894 0.2713689959269564
489.63963963963965 0.26963091116749305
489.8898898898899 0.2679079755040048
490.14014014014015 0.26620032541313166
490.3903903903904 0.26450809815541315
490.64064064064064 0.26283143175995044
490.8908908908909 0.261170465007609
491.14114114114113 0.2595253374127296
491.3913913913914 0.2578961892033198
491.6416416416416 0.2562831612996944
491.8918918918919 0.2546863952915378
492.1421421421421 0.2531060334133586
492.39239239239237 0.2515422185183095
492.6426426426426 0.24999509405034534
492.8928928928929 0.24846480401469306
493.14314314314316 0.24695149294660962
493.3933933933934 0.24545530587839795
493.64364364364366 0.24397638830466584
493.8938938938939 0.24251488614579747
494.14414414414415 0.24107094570961896
494.3943943943944 0.23964471365123727
494.6446446446447 0.23823633693103174
494.89489489489495 0.23684596277078132
495.1451451451452 0.23547373860790682
495.39539539539544 0.23411981204781623
495.6456456456457 0.2327843308143353
495.89589589589593 0.23146744269821104
496.1461461461462 0.23016929550367524
496.3963963963964 0.22889003699305804
496.6466466466467 0.2276298148294421
496.8968968968969 0.22638877651734876
497.14714714714717 0.2251670693414517
497.3973973973974 0.223964840303312
497.64764764764766 0.22278223605613276
497.8978978978979 0.22161940283753145
498.14814814814815 0.22047648640033168
498.3983983983984 0.2193536319413754
498.64864864864865 0.21825098402836096
498.8988988988989 0.21716868652471344
499.14914914914914 0.21610688251249366
499.3993993993994 0.21506571421335885
499.64964964964963 0.2140453229075843
499.8998998998999 0.21304584885116257
500.1501501501501 0.21206743119099467
500.4004004004004 0.21111020787819396
500.6506506506507 0.21017431557952077
500.9009009009009 0.20925988958697386
501.15115115115117 0.20836706372556008
501.4014014014014 0.2074959702592731
501.65165165165166 0.20664673979530976
501.9019019019019 0.2058195011865548
502.15215215215215 0.20501438143237072
502.40240240240246 0.20423150557772707
502.6526526526527 0.20347099661071189
502.90290290290295 0.2027329753584617
503.1531531531532 0.20201756038155985
503.40340340340344 0.20132486786694592
503.6536536536537 0.20065501151938606
503.90390390390394 0.2000081024515565
504.1541541541542 0.19938424907279312
504.40440440440443 0.19878355697656386
504.6546546546547 0.19820612882672356
504.9049049049049 0.19765206424261053
505.15515515515517 0.1971214596830515
505.4054054054054 0.19661440832933835
505.65565565565566 0.1961309999672474
505.9059059059059 0.19567132086817146
506.15615615615616 0.19523545366943862
506.4064064064064 0.19482347725389276
506.65665665665665 0.19443546662881564
506.9069069069069 0.19407149280427022
507.15715715715714 0.19373162267094787
507.4074074074074 0.19341591887760642
507.65765765765764 0.19312443970818402
507.9079079079079 0.19285723895868107
508.15815815815813 0.1926143658139004
508.40840840840843 0.19239586472414025
508.6586586586587 0.1922017752819367
508.9089089089089 0.19203213209895165
509.1591591591592 0.19188696468310962
509.4094094094094 0.1917662973160816
509.65965965965967 0.19167014893122283
509.9099099099099 0.19159853299206792
510.16016016016016 0.1915514573714914
510.41041041041046 0.19152892423164256
510.6606606606607 0.19153092990476447
510.91091091091096 0.19155746477500935
511.1611611611612 0.19160851316136324
511.41141141141145 0.19168405320179466
511.6616616616617 0.1917840567387426
511.91191191191194 0.19190848920606107
512.1621621621622 0.19205730951753683
512.4124124124124 0.1922304699571012
512.6626626626627 0.19242791607085236
512.9129129129129 0.19264958656101128
513.1631631631632 0.1928954131819296
513.4134134134134 0.19316532063827258
513.6636636636637 0.19345922648549715
513.9139139139139 0.19377704103274795
514.1641641641642 0.1941186672482926
514.4144144144144 0.19448400066761865
514.6646646646647 0.19487292930431402
514.9149149149149 0.19528533356385136
515.1651651651651 0.19572108616039996
515.4154154154154 0.19618005203678246
515.6656656656656 0.1966620882877005
515.9159159159159 0.19716704408634445
516.1661661661662 0.19769476061450916
516.4164164164165 0.19824507099632988
516.6666666666667 0.198817800235758
516.916916916917 0.19941276515788836
517.1671671671672 0.20002977435425257
517.4174174174175 0.2006686281321911
517.6676676676677 0.2013291184684132
517.917917917918 0.2020110289668524
518.1681681681682 0.20271413482092554
518.4184184184185 0.20343820278029706
518.6686686686687 0.2041829911222524
518.918918918919 0.2049482496277782
519.1691691691692 0.20573371956244677
519.4194194194195 0.20653913366219895
519.6696696696697 0.20736421612411582
519.91991991992 0.20820868260226794
520.1701701701702 0.20907224020872708
520.4204204204204 0.20995458751982193
520.6706706706707 0.21085541458771623
520.9209209209209 0.21177440295738453
521.1711711711712 0.21271122568905593
521.4214214214214 0.21366554738619398
521.6716716716717 0.21463702422907582
521.9219219219219 0.21562530401402982
522.1721721721722 0.21663002619838784
522.4224224224224 0.21765082195120178
522.6726726726727 0.21868731420977233
522.9229229229229 0.21973911774203148
523.1731731731732 0.22080583921481653
523.4234234234234 0.22188707726806794
523.6736736736736 0.22298242259498016
523.9239239239239 0.22409145802812758
524.1741741741741 0.22521375863158438
524.4244244244244 0.22634889179905124
524.6746746746746 0.22749641735799694
524.9249249249249 0.2286558876798174
525.1751751751751 0.22982684779601026
525.4254254254254 0.23100883552035617
525.6756756756756 0.23220138157709475
525.925925925926 0.2334040097350752
526.1761761761762 0.234616236947856
526.4264264264265 0.23583757349973072
526.6766766766767 0.23706752315763363
526.926926926927 0.23830558332889268
527.1771771771772 0.23955124522477922
527.4274274274275 0.2408039940298034
527.6776776776777 0.24206330907669565
527.927927927928 0.24332866402701164
528.1781781781782 0.2445995270572907
528.4284284284284 0.2458753610506919
528.6786786786787 0.24715562379402767
528.9289289289289 0.2484397681801069
529.1791791791792 0.24972724241529734
529.4294294294294 0.2510174902322066
529.6796796796797 0.2523099511073803
529.9299299299299 0.2536040604839078
530.1801801801802 0.2548992499988197
530.4304304304304 0.25619494771515894
530.6806806806807 0.25749057835859884
530.9309309309309 0.25878556355847737
531.1811811811812 0.26007932209311274
531.4314314314314 0.2613712701392582
531.6816816816818 0.2626608215255509
531.931931931932 0.26394738798980066
532.1821821821823 0.2652303794399709
532.4324324324325 0.2665092042186802
532.6826826826828 0.26778326937106683
532.932932932933 0.2690519809158449
533.1831831831832 0.27031474411937695
533.4334334334335 0.2715709637725853
533.6836836836837 0.2728200444705206
533.933933933934 0.2740613908944002
534.1841841841842 0.2752944080959264
534.4344344344345 0.2765185017836923
534.6846846846847 0.27773307861147656
534.934934934935 0.2789375464682266
535.1851851851852 0.2801313147695291
535.4354354354355 0.2813137947503584
535.6856856856857 0.2824843997588954
535.935935935936 0.283642545551205
536.1861861861862 0.28478765058655814
536.4364364364365 0.28591913632318156
536.6866866866867 0.2870364275142178
536.936936936937 0.2881389525036755
537.1871871871872 0.28922614352214815
537.4374374374374 0.290297436982079
537.6876876876877 0.2913522737723478
537.9379379379379 0.2923900995519548
538.1881881881882 0.2934103650425767
538.4384384384384 0.2944125263197685
538.6886886886887 0.29539604510258455
538.9389389389389 0.2963603890413941
539.1891891891892 0.2973050320036635
539.4394394394394 0.2982294543574815
539.6896896896897 0.2991331432526011
539.9399399399399 0.30001559289877594
540.1901901901902 0.3008763048411662
540.4404404404404 0.3017147882325947
540.6906906906906 0.30253056010243284
540.9409409409409 0.30332314562189766
541.1911911911911 0.30409207836554486
541.4414414414415 0.30483690056874435
541.6916916916917 0.30555716338092587
541.941941941942 0.30625242711438944
542.1921921921922 0.30692226148847107
542.4424424424425 0.30756624586886494
542.6926926926927 0.3081839695019009
542.942942942943 0.3087750317435839
543.1931931931932 0.3093390422832028
543.4434434434435 0.309875621361321
543.6936936936937 0.31038439998196715
543.943943943944 0.3108650201188449
544.1941941941942 0.3113171349153901
544.4444444444445 0.3117404088785041
544.6946946946947 0.3121345180657999
544.944944944945 0.31249915026620173
545.1951951951952 0.3128340051737442
545.4454454454454 0.31313879455442306
545.6956956956957 0.31341324240595386
545.9459459459459 0.31365708511030393
546.1961961961962 0.3138700715788644
546.4464464464464 0.3140519633901394
546.6966966966967 0.3142025349198336
546.9469469469469 0.31432157346322576
547.1971971971973 0.3144088793497234
547.4474474474475 0.3144642660494998
547.6976976976978 0.31448756027212066
547.947947947948 0.3144786020570768
548.1981981981983 0.31443724485614255
548.4484484484485 0.3143633556074914
548.6986986986988 0.31425681480150214
548.948948948949 0.31411751653820075
549.1991991991993 0.31394536857628796
549.4494494494495 0.3137402923737101
549.6996996996997 0.3135022231197379
549.94994994995 0.31323110975852747
550.2002002002002 0.3129269150041416
550.4504504504505 0.31258961534702034
550.7007007007007 0.31221920105189427
550.950950950951 0.31181567614714545
551.2012012012012 0.31137905840562274
551.4514514514515 0.3109093793169314
551.7017017017017 0.31040668405122085
551.951951951952 0.309871031414503
552.2022022022022 0.3093024937955404
552.4524524524525 0.30870115710435203
552.7027027027027 0.3080671207023904
552.952952952953 0.3074004973244515
553.2032032032032 0.30670141299238673
553.4534534534534 0.30597000692069165
553.7037037037037 0.3052064314140558
553.9539539539539 0.3044108517569615
554.2042042042042 0.3035834460954291
554.4544544544544 0.30272440531101213
554.7047047047047 0.30183393288715127
554.9549549549549 0.30091224476800343
555.2052052052052 0.2999595692098693
555.4554554554554 0.298976146625347
555.7057057057057 0.2979622294203474
555.9559559559559 0.29691808182411145
556.2062062062062 0.29584397971237575
556.4564564564564 0.2947402104238392
556.7067067067067 0.29360707257008667
556.956956956957 0.29244487583913326
557.2072072072073 0.2912539407927597
557.4574574574575 0.29003459865780246
557.7077077077078 0.28878719111158857
557.957957957958 0.28751207006168666
558.2082082082082 0.28620959742016533
558.4584584584585 0.2848801448725476
558.7087087087087 0.28352409364165587
558.958958958959 0.28214183424654476
559.2092092092092 0.2807337662567242
559.4594594594595 0.27930029804187545
559.7097097097097 0.2778418465172697
559.95995995996 0.27635883688509766
560.2102102102102 0.2748517023719248
560.4604604604605 0.27332088396248677
560.7107107107107 0.27176683013004177
560.960960960961 0.2701899965635012
561.2112112112112 0.26859084589155774
561.4614614614615 0.2669698474040348
561.7117117117117 0.26532747677067997
561.961961961962 0.26366421575762855
562.2122122122122 0.2619805519417615
562.4624624624624 0.26027697842318476
562.7127127127128 0.25855399353605485
562.962962962963 0.2568121005579828
563.2132132132133 0.2550518074182303
563.4634634634635 0.2532736264049398
563.7137137137138 0.2514780738716126
563.963963963964 0.24966566994306394
564.2142142142143 0.24783693822107766
564.4644644644645 0.24599240548998302
564.7147147147148 0.24413260142237458
564.964964964965 0.24225805828519384
565.2152152152153 0.24036931064639047
565.4654654654655 0.23846689508237806
565.7157157157158 0.23655134988649718
565.965965965966 0.2346232147786966
566.2162162162163 0.23268303061663992
566.4664664664665 0.2307313391084431
566.7167167167167 0.22876868252724436
566.966966966967 0.22679560342780528
567.2172172172172 0.22481264436533832
567.4674674674675 0.22282034761675257
567.7177177177177 0.2208192549045059
567.967967967968 0.21880990712324713
568.2182182182182 0.21679284406942903
568.4684684684685 0.21476860417406746
568.7187187187187 0.2127377242388189
568.968968968969 0.21070073917554322
569.2192192192192 0.2086581817495142
569.4694694694695 0.2066105823264363
569.7197197197197 0.20455846862342034
569.96996996997 0.20250236546406655
570.2202202202202 0.20044279453779845
570.4704704704704 0.19838027416358484
570.7207207207207 0.1963153190581845
570.9709709709709 0.1942484401090394
571.2212212212212 0.19218014415194012
571.4714714714714 0.19011093375357976
571.7217217217217 0.18804130699910815
571.9719719719719 0.18597175728479176
572.2222222222222 0.1839027731158804
572.4724724724725 0.18183483790977406
572.7227227227228 0.17976842980458438
572.972972972973 0.17770402147316042
573.2232232232233 0.17564207994267567
573.4734734734735 0.17358306641983276
573.7237237237238 0.17152743612175977
573.973973973974 0.16947563811265562
574.2242242242243 0.16742811514624165
574.4744744744745 0.16538530351406597
574.7247247247248 0.16334763289970686
574.974974974975 0.16131552623891038
575.2252252252252 0.1592893995856963
575.4754754754755 0.15726966198445766
575.7257257257257 0.15525671534807592
575.975975975976 0.15325095434206648
576.2262262262262 0.15125276627476505
576.4764764764765 0.14926253099355932
576.7267267267267 0.14728062078716572
576.976976976977 0.14530740029394454
577.2272272272272 0.14334322641624317
577.4774774774775 0.1413884482407509
577.7277277277277 0.1394434069648437
577.977977977978 0.1375084358288935
578.2282282282283 0.1355838600545098
578.4784784784786 0.133669996788683
578.7287287287288 0.13176715505377573
578.9789789789791 0.1298756357033357
579.2292292292293 0.12799573138366666
579.4794794794796 0.126127726501109
579.7297297297298 0.12427189719497242
579.97997997998 0.12242851131605702
580.2302302302303 0.1205978284106985
580.4804804804805 0.11878009971026628
580.7307307307308 0.11697556812604246
580.980980980981 0.11518446824940329
581.2312312312313 0.11340702635722333
581.4814814814815 0.1116434604224184
581.7317317317318 0.10989398012954013
581.981981981982 0.10815878689533188
582.2322322322323 0.10643807389415355
582.4824824824825 0.10473202608817865
582.7327327327328 0.10304082026226617
582.982982982983 0.10136462506340545
583.2332332332332 0.09970360104463126
583.4834834834835 0.09805790071330334
583.7337337337337 0.09642766858364314
583.983983983984 0.09481304123341748
584.2342342342342 0.09321414736465874
584.4844844844845 0.0916311078683079
584.7347347347347 0.09006403589266615
584.984984984985 0.08851303691553905
585.2352352352352 0.08697820881995648
585.4854854854855 0.0854596419733497
585.7357357357357 0.0839574193100664
585.985985985986 0.0824716164171041
586.2362362362362 0.08100230162294057
586.4864864864865 0.07954953608934044
586.7367367367367 0.07811337390601608
586.986986986987 0.07669386218802075
587.2372372372372 0.07529104117575174
587.4874874874874 0.07390494433744128
587.7377377377377 0.07253559847401328
587.987987987988 0.07118302382618251
588.2382382382383 0.0698472341836792
588.4884884884885 0.06852823699646778
588.7387387387388 0.0672260334878516
588.988988988989 0.06594061876933444
589.2392392392393 0.06467198195712272
589.4894894894895 0.06342010629014977
589.7397397397398 0.06218496924950415
589.98998998999 0.060966542679146
590.2402402402403 0.059764792907795586
590.4904904904905 0.0585796808718803
590.7407407407408 0.05741116223942727
590.990990990991 0.05625918753478992
591.2412412412413 0.05512370226409917
591.4914914914915 0.054004647041330345
591.7417417417417 0.05290195771487982
591.991991991992 0.05181556549454587
592.2422422422422 0.050745397078811164
592.4924924924925 0.0496913747823251
592.7427427427427 0.04865341666348727
592.992992992993 0.047631436652034106
593.2432432432432 0.046625344676533786
593.4934934934935 0.045635046791696006
593.7437437437438 0.04466044530540514
593.9939939939941 0.04370143890539041
594.2442442442443 0.04275792278544005
594.4944944944946 0.04182978877108341
594.7447447447448 0.040916925444652696
594.9949949949951 0.04001921826964688
595.2452452452453 0.03913654971431993
595.4954954954956 0.038268799374418586
595.7457457457458 0.03741584409499649
595.995995995996 0.036577558091234925
596.2462462462463 0.03575381306820196
596.4964964964965 0.03494447833948495
596.7467467467468 0.03414942094463327
596.996996996997 0.03336850576535088
597.2472472472473 0.03260159564038095
597.4974974974975 0.031848551479026675
597.7477477477478 0.031109232373255507
597.997997997998 0.0303834957083363
598.2482482482483 0.02967119727196097
598.4984984984985 0.028972191361805125
598.7487487487488 0.02828633089148469
598.998998998999 0.027613467494867122
599.2492492492493 0.02695345162869946
599.4994994994995 0.026306132673516617
599.7497497497498 0.02567135903279661
600.0 0.025048978230331188
