350.0 0.6592406302004438
350.25025025025025 0.6619890481951796
350.5005005005005 0.664735047996607
350.75075075075074 0.6674785046913895
351.001001001001 0.6702192930089386
351.25125125125123 0.6729572873304214
351.5015015015015 0.6756923616978405
351.7517517517517 0.6784243898231881
352.00200200200203 0.6811532450976707
352.2522522522523 0.6838788006010036
352.5025025025025 0.6866009291107803
352.75275275275277 0.6893195031119053
353.003003003003 0.6920343948060982
353.25325325325326 0.6947454761214646
353.5035035035035 0.6974526187221338
353.75375375375376 0.7001556940179609
354.004004004004 0.7028545731742942
354.25425425425425 0.7055491271218067
354.5045045045045 0.7082392265663884
354.75475475475474 0.7109247419991015
355.005005005005 0.7136055437061962
355.25525525525524 0.7162815017791854
355.5055055055055 0.7189524861249771
355.75575575575573 0.7216183664760669
356.00600600600603 0.724279012400784
356.2562562562563 0.7269342933135922
356.5065065065065 0.7295840784854498
356.7567567567568 0.7322282370542166
357.007007007007 0.7348666380351163
357.25725725725727 0.7374991503312488
357.5075075075075 0.7401256427441526
357.75775775775776 0.7427459839844153
358.008008008008 0.7453600426823317
358.25825825825825 0.7479676873986085
358.5085085085085 0.7505687866351134
358.75875875875874 0.7531632088456682
359.009009009009 0.7557508224468855
359.25925925925924 0.7583314958290456
359.5095095095095 0.7609050973670142
359.75975975975973 0.7634714954311992
360.01001001001003 0.7660305583985457
360.2602602602603 0.7685821546635646
360.5105105105105 0.7711261526494024
360.7607607607608 0.773662420818939
361.011011011011 0.7761908276859207
361.26126126126127 0.7787112418261258
361.5115115115115 0.7812235318885574
361.76176176176176 0.7837275666066679
362.012012012012 0.786223214809609
362.26226226226225 0.7887103454335093
362.5125125125125 0.7911888275327753
362.76276276276275 0.793658530291417
363.013013013013 0.7961193230343954
363.26326326326324 0.7985710752389905
363.5135135135135 0.8010136565461897
363.7637637637638 0.8034469367720929
364.01401401401404 0.8058707859193333
364.2642642642643 0.808285074188519
364.51451451451453 0.8106896719896817
364.7647647647648 0.813084449953742
365.015015015015 0.8154692789439841
365.26526526526527 0.8178440300675421
365.5155155155155 0.820208574686892
365.76576576576576 0.822562784431353
366.016016016016 0.8249065312085931
366.26626626626626 0.8272396872161385
366.5165165165165 0.8295621249528866
366.76676676676675 0.8318737172306193
367.017017017017 0.8341743371855166
367.26726726726724 0.8364638582896684
367.5175175175175 0.8387421543625824
367.7677677677678 0.8410090995826892
368.01801801801804 0.8432645684988378
368.2682682682683 0.8455084360417895
368.51851851851853 0.8477405775356962
368.7687687687688 0.8499608687095728
369.019019019019 0.852169185708756
369.2692692692693 0.8543654051063495
369.5195195195195 0.8565494039146555
369.76976976976977 0.8587210595965883
370.02002002002 0.860880250077072
370.27027027027026 0.8630268537544168
370.5205205205205 0.8651607495116767
370.77077077077075 0.8672818167279832
371.021021021021 0.8693899352898563
371.2712712712713 0.8714849856024905
371.52152152152155 0.8735668486010122
371.7717717717718 0.8756354057617124
372.02202202202204 0.877690539113247
372.2722722722723 0.8797321312478069
372.52252252252254 0.8817600653322554
372.7727727727728 0.883774225119232
373.02302302302303 0.8857744949582205
373.2732732732733 0.8877607598065795
373.5235235235235 0.8897329052405359
373.77377377377377 0.8916908174661367
374.024024024024 0.8936343833301608
374.27427427427426 0.8955634903309877
374.5245245245245 0.8974780266294212
374.77477477477476 0.8993778810594688
375.025025025025 0.901262943139072
375.27527527527525 0.9031331030807893
375.52552552552555 0.9049882518024301
375.7757757757758 0.9068282809376328
376.02602602602605 0.9086530828463965
376.2762762762763 0.9104625506255523
376.52652652652654 0.9122565781191825
376.7767767767768 0.9140350599289808
377.02702702702703 0.9157978914245551
377.2772772772773 0.9175449687536686
377.5275275275275 0.9192761888524212
377.77777777777777 0.9209914494553674
378.028028028028 0.9226906491055694
378.27827827827826 0.9243736871645855
378.5285285285285 0.9260404638223912
378.77877877877876 0.9276908801072319
379.02902902902906 0.9293248378954053
379.2792792792793 0.9309422399209739
379.52952952952955 0.9325429897854043
379.7797797797798 0.9341269919671339
380.03003003003005 0.9356941518310599
380.2802802802803 0.9372443756379553
380.53053053053054 0.9387775705538045
380.7807807807808 0.9402936446590616
381.03103103103103 0.9417925069578275
381.2812812812813 0.9432740673869456
381.5315315315315 0.9447382368250152
381.7817817817818 0.9461849271013201
382.032032032032 0.947614051004672
382.28228228228227 0.949025522292168
382.5325325325325 0.950419255697859
382.78278278278276 0.9517951669413304
383.033033033033 0.9531531727361914
383.2832832832833 0.9544931907984742
383.53353353353356 0.9558151398549383
383.7837837837838 0.9571189396512841
384.03403403403405 0.958404510960269
384.2842842842843 0.9596717755897285
384.53453453453454 0.9609206563904994
384.7847847847848 0.9621510772642459
385.03503503503504 0.9633629631711842
385.2852852852853 0.9645562401377092
385.53553553553553 0.9657308352639165
385.7857857857858 0.9668866767310238
386.036036036036 0.9680236938086885
386.28628628628627 0.9691418168622187
386.5365365365365 0.9702409773596801
386.7867867867868 0.9713211078788958
387.03703703703707 0.9723821421143366
387.2872872872873 0.9734240148839048
387.53753753753756 0.9744466621356066
387.7877877877878 0.9754500209541138
388.03803803803805 0.9764340295672145
388.2882882882883 0.9773986273521508
388.53853853853855 0.9783437548418418
388.7887887887888 0.9792693537309947
389.03903903903904 0.9801753668820976
389.2892892892893 0.9810617383312987
389.53953953953953 0.9819284132941664
389.7897897897898 0.9827753381713321
390.04004004004 0.9836024605540161
390.2902902902903 0.9844097292294306
390.5405405405405 0.9851970941860657
390.79079079079077 0.9859645066188519
391.04104104104107 0.9867119189342031
391.2912912912913 0.9874392847549339
391.54154154154156 0.9881465589250578
391.7917917917918 0.9888336975144578
392.04204204204206 0.9895006578234348
392.2922922922923 0.990147398387129
392.54254254254255 0.990773878979817
392.7927927927928 0.991380060619081
393.04304304304304 0.991965905569852
393.2932932932933 0.9925313773483246
393.54354354354354 0.9930764407257435
393.7937937937938 0.9936010617320615
394.044044044044 0.9941052076594684
394.2942942942943 0.9945888470657888
394.5445445445446 0.9950519497777511
394.7947947947948 0.9954944868941245
395.0450450450451 0.9959164307887252
395.2952952952953 0.9963177551132909
395.54554554554556 0.9966984348002228
395.7957957957958 0.9970584460651958
396.04604604604606 0.9973977664096341
396.2962962962963 0.9977163746230555
396.54654654654655 0.9980142507852814
396.7967967967968 0.9982913762685115
397.04704704704704 0.9985477337392664
397.2972972972973 0.9987833071601941
397.54754754754754 0.9989980817917425
397.7977977977978 0.9991920441936959
398.04804804804803 0.9993651822265777
398.2982982982983 0.9995174850529158
398.5485485485485 0.9996489431383745
398.7987987987988 0.9997595482527484
399.0490490490491 0.9998492934708213
399.2992992992993 0.9999181731730897
399.54954954954957 0.9999661830463487
399.7997997997998 0.9999933200841427
400.05005005005006 0.9999995825870789
400.3003003003003 0.9999849701630055
400.55055055055055 0.999949483727052
400.8008008008008 0.9998931255015343
401.05105105105105 0.9998158990157231
401.3013013013013 0.9997178091054753
401.55155155155154 0.9995988619127296
401.8018018018018 0.9994590648848667
402.05205205205203 0.9992984267739305
402.30230230230234 0.9991169576357172
402.5525525525526 0.9989146688287253
402.80280280280283 0.9986915730129707
403.0530530530531 0.998447684148668
403.3033033033033 0.9981830174947732
403.55355355355357 0.9978975896073942
403.8038038038038 0.9975914183380641
404.05405405405406 0.9972645228318818
404.3043043043043 0.9969169235255165
404.55455455455456 0.996548642145079
404.8048048048048 0.996159701703859
405.05505505505505 0.9957501264999289
405.3053053053053 0.9953199421136143
405.55555555555554 0.9948691754048319
405.8058058058058 0.9943978545102955
406.05605605605604 0.993906008840589
406.3063063063063 0.9933936690771086
406.5565565565566 0.9928608671688739
406.80680680680683 0.9923076363292085
407.0570570570571 0.9917340110322895
407.3073073073073 0.991140027009569
407.5575575575576 0.9905257212460649
407.8078078078078 0.989891131976524
408.05805805805807 0.9892362986814576
408.3083083083083 0.988561262083048
408.55855855855856 0.9878660641409303
408.8088088088088 0.987150748047846
409.05905905905905 0.9864153582251728
409.3093093093093 0.9856599403183279
409.55955955955955 0.9848845411920487
409.8098098098098 0.9840892089255481
410.0600600600601 0.9832739928075486
410.31031031031034 0.9824389433311935
410.5605605605606 0.9815841121888369
410.81081081081084 0.9807095522667125
411.0610610610611 0.9798153176394839
411.31131131131133 0.9789014635646744
411.5615615615616 0.9779680464769797
411.8118118118118 0.9770151239824622
412.06206206206207 0.9760427548526294
412.3123123123123 0.9750509990183971
412.56256256256256 0.9740399175639364
412.8128128128128 0.9730095727204076
413.06306306306305 0.9719600278595812
413.3133133133133 0.9708913474873471
413.56356356356355 0.9698035972371111
413.8138138138138 0.9686968438630833
414.06406406406404 0.967571155233456
414.3143143143143 0.9664266003234737
414.5645645645646 0.9652632492083955
414.81481481481484 0.9640811730563532
415.0650650650651 0.9628804441211013
415.31531531531533 0.9616611357346643
415.5655655655656 0.9604233222998827
415.8158158158158 0.959167079282854
416.06606606606607 0.9578924832052751
416.3163163163163 0.9565996116366834
416.56656656656656 0.9552885431866015
416.8168168168168 0.9539593574965815
417.06706706706706 0.9526121352321555
417.3173173173173 0.9512469580746895
417.5675675675676 0.9498639087131441
417.81781781781785 0.9484630708357429
418.0680680680681 0.9470445291215467
418.31831831831835 0.9456083692319414
418.5685685685686 0.9441546778020331
418.81881881881884 0.9426835424319582
419.0690690690691 0.9411950516781048
419.31931931931933 0.9396892950442505
419.5695695695696 0.9381663629726142
419.8198198198198 0.9366263468348279
420.0700700700701 0.9350693389228242
420.3203203203203 0.9334954324396456
420.57057057057057 0.9319047214901744
420.8208208208208 0.9302973010717858
421.07107107107106 0.9286732670649237
421.3213213213213 0.9270327162236033
421.57157157157155 0.9253757461658388
421.8218218218218 0.9237024553640021
422.07207207207205 0.9220129431351064
422.32232232232235 0.9203073096310252
422.5725725725726 0.9185856558286427
422.82282282282284 0.9168480835199347
423.0730730730731 0.9150946953019891
423.32332332332334 0.9133255945669608
423.5735735735736 0.9115408854919655
423.82382382382383 0.909740673028913
424.0740740740741 0.9079250628942815
424.3243243243243 0.9060941615588349
424.57457457457457 0.9042480762372841
424.8248248248248 0.9023869148778946
425.07507507507506 0.9005107861520403
425.32532532532537 0.8986197994437067
425.5755755755756 0.8967140648389464
425.82582582582586 0.8947936931152817
426.0760760760761 0.8928587957310655
426.32632632632635 0.8909094848147959
426.5765765765766 0.888945873154386
426.82682682682685 0.8869680741863941
427.0770770770771 0.8849762019852131
427.32732732732734 0.8829703712522206
427.5775775775776 0.8809506973048941
427.82782782782783 0.878917296065889
428.0780780780781 0.8768702840520856
428.3283283283283 0.8748097783636016
428.5785785785786 0.8727358966727771
428.8288288288288 0.8706487572131287
429.07907907907907 0.8685484787682802
429.3293293293293 0.8664351806608647
429.57957957957956 0.864308982741406
429.8298298298298 0.8621700053771783
430.08008008008005 0.8600183694410447
430.33033033033036 0.8578541963002791
430.5805805805806 0.8556776078053732
430.83083083083085 0.8534887262788244
431.0810810810811 0.8512876745039174
431.33133133133134 0.8490745757134897
431.5815815815816 0.8468495535786918
431.83183183183183 0.8446127321977387
432.0820820820821 0.842364236084656
432.3323323323323 0.8401041901580235
432.5825825825826 0.8378327197297171
432.8328328328328 0.8355499504936504
433.0830830830831 0.8332560085145194
433.33333333333337 0.8309510202165529
433.5835835835836 0.8286351123722646
433.83383383383386 0.8263084120912184
434.0840840840841 0.8239710468088015
434.33433433433436 0.8216231442750093
434.5845845845846 0.819264832543245
434.83483483483485 0.8168962399591366
435.0850850850851 0.8145174951493697
435.33533533533534 0.8121287270105417
435.5855855855856 0.8097300646980398
435.83583583583584 0.8073216376149405
436.0860860860861 0.8049035754009382
436.33633633633633 0.8024760079213011
436.5865865865866 0.8000390652558591
436.8368368368368 0.7975928776880228
437.08708708708707 0.7951375756938399
437.3373373373373 0.7926732899310882
437.58758758758756 0.7902001512284074
437.8378378378378 0.7877182905744742
438.0880880880881 0.785227839107221
438.33833833833836 0.7827289281031025
438.5885885885886 0.7802216889664072
438.83883883883885 0.7777062532186259
439.0890890890891 0.7751827524878693
439.33933933933935 0.7726513184983437
439.5895895895896 0.7701120830598855
439.83983983983984 0.767565178057556
440.0900900900901 0.765010735441299
440.34034034034033 0.7624488872156668
440.5905905905906 0.7598797654296128
440.8408408408409 0.7573035021663546
441.09109109109113 0.7547202295333162
441.3413413413414 0.7521300796521386
441.5915915915916 0.7495331846487764
441.84184184184187 0.7469296766436737
442.0920920920921 0.7443196877420243
442.34234234234236 0.7417033500241216
442.5925925925926 0.739080795535796
442.84284284284286 0.7364521562789483
443.0930930930931 0.7338175642021776
443.34334334334335 0.7311771511915094
443.5935935935936 0.7285310490612252
443.84384384384384 0.7258793895447976
444.0940940940941 0.7232223042859339
444.34434434434434 0.7205599248297312
444.5945945945946 0.7178923826139455
444.84484484484483 0.7152198089603795
445.0950950950951 0.7125423350663909
445.3453453453453 0.7098600919965253
445.59559559559557 0.7071732106742776
445.8458458458459 0.7044818218739819
446.0960960960961 0.701786056212842
446.34634634634637 0.6990860441430914
446.5965965965966 0.6963819159443028
446.84684684684686 0.6936738017158381
447.0970970970971 0.6909618313694504
447.34734734734735 0.6882461346220362
447.5975975975976 0.6855268409885449
447.84784784784785 0.6828040797750492
448.0980980980981 0.6800779800719782
448.34834834834834 0.6773486707475199
448.59859859859864 0.6746162804411937
448.8488488488489 0.6718809375576027
449.09909909909913 0.6691427702603588
449.3493493493494 0.6664019064662005
449.5995995995996 0.6636584738392921
449.8498498498499 0.6609125997857201
450.1001001001001 0.6581644114481834
450.35035035035037 0.6554140357008854
450.6006006006006 0.652661599144633
450.85085085085086 0.6499072281021434
451.1011011011011 0.6471510486135672
451.35135135135135 0.644393186432229
451.6016016016016 0.6416337670205929
451.85185185185185 0.6388729155464554
452.1021021021021 0.6361107568793714
452.35235235235234 0.6333474155873179
452.6026026026026 0.6305830159336007
452.85285285285283 0.6278176818740078
453.1031031031031 0.6250515370542148
453.3533533533533 0.6222847048074489
453.60360360360363 0.6195173081524125
453.8538538538539 0.6167494697914776
454.1041041041041 0.6139813121091483
454.35435435435437 0.6112129571708034
454.6046046046046 0.6084445267217206
454.85485485485486 0.6056761421863888
455.1051051051051 0.6029079246681124
455.35535535535536 0.6001399949489138
455.6056056056056 0.5973724734897397
455.85585585585585 0.5946054804309762
456.1061061061061 0.5918391355932765
456.3563563563564 0.5890735584787081
456.60660660660665 0.5863088682722283
456.8568568568569 0.5835451838434812
457.10710710710714 0.5807826237489385
457.3573573573574 0.5780213062343765
457.60760760760763 0.5752613492376998
457.8578578578579 0.5725028703921156
458.1081081081081 0.5697459870296662
458.3583583583584 0.566990816185122
458.6086086086086 0.5642374746002422
458.85885885885887 0.5614860787284073
459.1091091091091 0.5587367447396308
459.35935935935936 0.5559895885259516
459.6096096096096 0.5532447257072168
459.85985985985985 0.5505022716372552
460.1101101101101 0.5477623414104514
460.36036036036035 0.5450250498687205
460.6106106106106 0.5422905116088935
460.86086086086084 0.5395588409905133
461.1111111111111 0.5368301521440498
461.3613613613614 0.5341045589795361
461.61161161161164 0.5313821751956346
461.8618618618619 0.5286631142891282
462.11211211211213 0.5259474895648539
462.3623623623624 0.523235414146072
462.6126126126126 0.5205270009852809
462.86286286286287 0.517822362875479
463.1131131131131 0.5151216124618776
463.36336336336336 0.5124248622540708
463.6136136136136 0.509732224638662
463.86386386386386 0.5070438118923523
464.11411411411416 0.5043597361954948
464.3643643643644 0.5016801096461173
464.61461461461465 0.4990050442744106
464.8648648648649 0.49633465205769467
465.11511511511515 0.49366904493585667
465.3653653653654 0.4910083348272663
465.61561561561564 0.4883526336451684
465.8658658658659 0.4857020533145563
466.11611611611613 0.48305670578952437
466.3663663663664 0.48041670307110185
466.6166166166166 0.4777821572255692
466.86686686686687 0.47515318040325416
467.1171171171171 0.47252988485781094
467.36736736736736 0.46991238296597837
467.6176176176176 0.46730078724781876
467.86786786786786 0.46469521038743367
468.1181181181181 0.4620957652541568
468.36836836836835 0.4595025649242202
468.6186186186186 0.45691572270289205
468.86886886886884 0.4543353521470823
469.11911911911915 0.4517615670884117
469.3693693693694 0.4491944816567449
469.61961961961964 0.4466342103041724
469.8698698698699 0.44408086782944955
470.12012012012013 0.4415345694028772
470.3703703703704 0.43899543059162127
470.6206206206206 0.43646356738546477
470.8708708708709 0.43393909622298354
471.1211211211211 0.43142213401813917
471.37137137137137 0.4289127981872797
471.6216216216216 0.4264112066765386
471.8718718718719 0.42391747798962276
472.12212212212216 0.42143173121598154
472.3723723723724 0.4189540860593374
472.62262262262266 0.4164846628665772
472.8728728728729 0.4140235826569844
473.12312312312315 0.41157096715180086
473.3733733733734 0.40912693880410383
473.62362362362364 0.40669162082898475
473.8738738738739 0.40426513723401225
474.12412412412414 0.401847612849965
474.3743743743744 0.399439173361816
474.62462462462463 0.3970399453399508
474.8748748748749 0.39465005627160105
475.1251251251251 0.3922696345924741
475.37537537537537 0.3898988097185574
475.6256256256256 0.38753771207807713
475.87587587587586 0.3851864731435893
476.1261261261261 0.38284522546417876
476.37637637637636 0.38051410269774477
476.6266266266266 0.37819323964334534
476.8768768768769 0.375882772273577
477.12712712712715 0.37358283776696477
477.3773773773774 0.3712935745403269
477.62762762762765 0.3690151222810982
477.8778778778779 0.3667476219795725
478.12812812812814 0.364491215961039
478.3783783783784 0.36224604791777876
478.62862862862863 0.3600122629408912
478.8788788788789 0.35779000755191637
479.1291291291292 0.35557942973421813
479.37937937937943 0.3533806789640971
479.6296296296297 0.35119390624158936
479.8798798798799 0.34901926412092404
480.13013013013017 0.34685690674059444
480.3803803803804 0.3447069898530073
480.63063063063066 0.34256967085366885
480.8808808808809 0.3404451088098691
481.13113113113116 0.3383334644888196
481.3813813813814 0.33623490038520637
481.63163163163165 0.33414958074811024
481.8818818818819 0.33207767160725365
482.13213213213214 0.3300193407985274
482.3823823823824 0.32797475798875136
482.63263263263264 0.32594409469962266
482.8828828828829 0.3239275243308033
483.13313313313313 0.32192522218209957
483.3833833833834 0.31993736547468327
483.6336336336336 0.3179641333713045
483.88388388388387 0.31600570699544694
484.1341341341341 0.31406226944937193
484.38438438438436 0.3121340058310012
484.6346346346346 0.31022110324958474
484.88488488488485 0.3083237508400996
485.13513513513516 0.3064421397763275
485.3853853853854 0.3045764632825567
485.63563563563565 0.3027269166438489
485.8858858858859 0.3008936972148222
486.13613613613614 0.2990770044268908
486.3863863863864 0.2972770397939037
486.63663663663664 0.29549400691612915
486.88688688688694 0.29372811148252453
487.1371371371372 0.2919795612712399
487.38738738738743 0.29024856614828776
487.6376376376377 0.2885353380643339
487.8878878878879 0.2868400910495426
488.1381381381382 0.285163041206422
488.3883883883884 0.28350440670061133
488.63863863863867 0.28186440774955285
488.8888888888889 0.2802432666089904
489.13913913913916 0.27864120755723737
489.3893893893894 0.27705845687715747
489.63963963963965 0.275495242835801
489.8898898898899 0.27395179566164135
490.14014014014015 0.27242834751935374
490.3903903903904 0.2709251324820838
490.64064064064064 0.2694423865011481
490.8908908908909 0.2679803473731159
491.14114114114113 0.2665392547042148
491.3913913913914 0.2651193498720125
491.6416416416416 0.26372087598431837
491.8918918918919 0.2623440778352575
492.1421421421421 0.26098920185846686
492.39239239239237 0.2596564960773638
492.6426426426426 0.2583462100524415
492.8928928928929 0.2570585948255446
493.14314314314316 0.25579390286108133
493.3933933933934 0.254552387984126
493.64364364364366 0.25333430531537576
493.8938938938939 0.2521399112029176
494.14414414414415 0.2509694631507681
494.3943943943944 0.24982321974415161
494.6446446446447 0.2487014405714802
494.89489489489495 0.24760438614300548
495.1451451451452 0.24653231780610893
495.39539539539544 0.24548549765720573
495.6456456456457 0.24446418845023452
495.89589589589593 0.24346865350171043
496.1461461461462 0.2424991565923197
496.3963963963964 0.24155596186503808
496.6466466466467 0.2406393337197571
496.8968968968969 0.2397495367044044
497.14714714714717 0.238886835402549
497.3973973973974 0.23805149431748293
497.64764764764766 0.23724377775277544
497.8978978978979 0.23646394968929807
498.14814814814815 0.23571227365872274
498.3983983983984 0.23498901261349708
498.64864864864865 0.23429442879330561
498.8988988988989 0.2336287835880292
499.14914914914914 0.23299233739721553
499.3993993993994 0.23238534948608286
499.64964964964963 0.23180807783807497
499.8998998998999 0.2312607790039969
500.1501501501501 0.23074370794775853
500.4004004004004 0.23025711788876113
500.6506506506507 0.22980126014096264
500.9009009009009 0.2293763839486644
501.15115115115117 0.22898273631906285
501.4014014014014 0.22862056185161678
501.65165165165166 0.2282901025642832
501.9019019019019 0.22799159771667826
502.15215215215215 0.22772528363022615
502.40240240240246 0.22749139350536046
502.6526526526527 0.22729015723585003
502.90290290290295 0.22712180122032058
503.1531531531532 0.22698654817105435
503.40340340340344 0.22688461692014808
503.6536536536537 0.22681622222311773
503.90390390390394 0.22678157456004172
504.1541541541542 0.22678087993433835
504.40440440440443 0.22681433966927847
504.6546546546547 0.22688215020233804
504.9049049049049 0.22698450287749916
505.15515515515517 0.22712158373561478
505.4054054054054 0.2272935733029533
505.65565565565566 0.22750064637804657
505.9059059059059 0.22774297181696773
506.15615615615616 0.2280207123171697
506.4064064064064 0.2283340242000189
506.65665665665665 0.2286830571921648
506.9069069069069 0.2290679542058882
507.15715715715714 0.22948885111857525
507.4074074074074 0.22994587655147022
507.65765765765764 0.23043915164786144
507.9079079079079 0.2309687898508608
508.15815815815813 0.23153489668093982
508.40840840840843 0.23213756951338957
508.6586586586587 0.23277689735587473
508.9089089089089 0.2334529606262573
509.1591591591592 0.23416583093086688
509.4094094094094 0.23491557084339806
509.65965965965967 0.2357022336846214
509.9099099099099 0.23652586330309322
510.16016016016016 0.2373864938570563
510.41041041041046 0.23828414959772426
510.6606606606607 0.23921884465414478
510.91091091091096 0.2401905828198435
511.1611611611612 0.24119935734144518
511.41141141141145 0.24224515070947922
511.6616616616617 0.24332793445157302
511.91191191191194 0.24444766892824177
512.1621621621622 0.24560430313148254
512.4124124124124 0.24679777448638535
512.6626626626627 0.2480280086559713
512.9129129129129 0.24929491934947318
513.1631631631632 0.25059840813427126
513.4134134134134 0.25193836425170163
513.6636636636637 0.25331466443695055
513.9139139139139 0.2547271727432534
514.1641641641642 0.25617574037061375
514.4144144144144 0.2576602054992588
514.6646646646647 0.2591803931280491
514.9149149149149 0.260736114918056
515.1651651651651 0.2623271690415254
515.4154154154154 0.2639533400364382
515.6656656656656 0.26561439866688435
515.9159159159159 0.26731010178945996
516.1661661661662 0.26904019222589953
516.4164164164165 0.2708043986421469
516.6666666666667 0.2726024354340821
516.916916916917 0.27443400262009404
517.1671671671672 0.2762987857407106
517.4174174174175 0.2781964557654809
517.6676676676677 0.2801266690073055
517.917917917918 0.28208906704440667
518.1681681681682 0.28408327665012806
518.4184184184185 0.2861089097307472
518.6686686686687 0.2881655632714825
518.918918918919 0.29025281929087077
519.1691691691692 0.2923702448036863
519.4194194194195 0.2945173917925702
519.6696696696697 0.29669379718852945
519.91991991992 0.29889898286046396
520.1701701701702 0.30113245561387203
520.4204204204204 0.30339370719887954
520.6706706706707 0.305682214327731
520.9209209209209 0.3079974387018778
521.1711711711712 0.3103388270487863
521.4214214214214 0.3127058111685897
521.6716716716717 0.3150978079906928
521.9219219219219 0.31751421964043736
522.1721721721722 0.3199544335159257
522.4224224224224 0.32241782237509253
522.6726726726727 0.3249037444331093
522.9229229229229 0.3274115434701943
523.1731731731732 0.32994054894989694
523.4234234234234 0.3324900761479128
523.6736736736736 0.3350594262914814
523.9239239239239 0.33764788670940593
524.1741741741741 0.340254730992729
524.4244244244244 0.3428792191660867
524.6746746746746 0.34552059786975553
524.9249249249249 0.3481781005523975
525.1751751751751 0.35085094767449865
525.4254254254254 0.3535383469224876
525.6756756756756 0.3562394934335097
525.925925925926 0.35895357003082573
526.1761761761762 0.361679747469784
526.4264264264265 0.3644171846943323
526.6766766766767 0.36716502910398074
526.926926926927 0.3699224168311626
527.1771771771772 0.37268847302890157
527.4274274274275 0.3754623121686951
527.6776776776777 0.37824303834850814
527.927927927928 0.3810297456107675
528.1781781781782 0.38382151827022976
528.4284284284284 0.3866174312515916
528.6786786786787 0.3894165504366982
528.9289289289289 0.39221793302119534
529.1791791791792 0.39502062788046244
529.4294294294294 0.3978236759446513
529.6796796796797 0.40062611058264885
529.9299299299299 0.40342695799476874
530.1801801801802 0.4062252376139685
530.4304304304304 0.4090199625153809
530.6806806806807 0.4118101398339353
530.9309309309309 0.4145947711898378
531.1811811811812 0.41737285312167033
531.4314314314314 0.4201433775268558
531.6816816816818 0.4229053321092339
531.931931931932 0.4256577008334711
532.1821821821823 0.42839946438604676
532.4324324324325 0.43112960064250677
532.6826826826828 0.43384708514070824
532.932932932933 0.43655089155974935
533.1831831831832 0.4392399922042745
533.4334334334335 0.4419133584938403
533.6836836836837 0.4445699614570172
533.933933933934 0.44720877222989897
534.1841841841842 0.44982876255867926
534.4344344344345 0.452428905305955
534.6846846846847 0.4550081749604056
534.934934934935 0.45756554814949163
535.1851851851852 0.46010000415481406
535.4354354354355 0.4626105254297659
535.6856856856857 0.4650960981191059
535.935935935936 0.46755571258007983
536.1861861861862 0.46998836390470794
536.4364364364365 0.47239305244285534
536.6866866866867 0.4747687843256997
536.936936936937 0.47711457198920404
537.1871871871872 0.47942943469720367
537.4374374374374 0.4817123990637105
537.6876876876877 0.4839624995740381
537.9379379379379 0.48617877910434926
538.1881881881882 0.48836028943922505
538.4384384384384 0.4905060917868551
538.6886886886887 0.4926152572914479
538.9389389389389 0.49468686754245966
539.1891891891892 0.4967200150802405
539.4394394394394 0.4987138038976997
539.6896896896897 0.5006673499375883
539.9399399399399 0.5025797815850045
540.1901901901902 0.5044502401547247
540.4404404404404 0.5062778803729696
540.6906906906906 0.5080618708532118
540.9409409409409 0.5098013945656426
541.1911911911911 0.5114956492999122
541.4414414414415 0.5131438481207647
541.6916916916917 0.5147452198161914
541.941941941942 0.5162990093377404
542.1921921921922 0.5178044782326073
542.4424424424425 0.5192609050671549
542.6926926926927 0.5206675858415083
542.942942942943 0.5220238343948774
543.1931931931932 0.5233289828012682
543.4434434434435 0.5245823817552501
543.6936936936937 0.525783400947454
543.943943943944 0.5269314294294845
544.1941941941942 0.5280258759679359
544.4444444444445 0.5290661693872141
544.6946946946947 0.5300517589008693
544.944944944945 0.5309821144311604
545.1951951951952 0.5318567269165755
545.4454454454454 0.5326751086070474
545.6956956956957 0.5334367933466097
545.9459459459459 0.534141336843251
546.1961961961962 0.5347883169257358
546.4464464464464 0.5353773337871698
546.6966966966967 0.5359080102151004
546.9469469469469 0.536379991807954
547.1971971971973 0.5367929471776218
547.4474474474475 0.5371465681380182
547.6976976976978 0.5374405698794531
547.947947947948 0.5376746911286604
548.1981981981983 0.5378486942943477
548.4484484484485 0.5379623655981417
548.6986986986988 0.5380155151908129
548.948948948949 0.5380079772536807
549.1991991991993 0.5379396100851096
549.4494494494495 0.5378102961720234
549.6996996996997 0.5376199422463732
549.94994994995 0.5373684793265129
550.2002002002002 0.5370558627434431
550.4504504504505 0.5366820721519051
550.7007007007007 0.5362471115263134
550.950950950951 0.5357510091415321
551.2012012012012 0.5351938175385096
551.4514514514515 0.5345756134748089
551.7017017017017 0.5338964978600693
551.951951951952 0.5331565956764635
552.2022022022022 0.5323560558842144
552.4524524524525 0.5314950513122616
552.7027027027027 0.5305737785341663
552.952952952953 0.5295924577293687
553.2032032032032 0.5285513325299187
553.4534534534534 0.5274506698528111
553.7037037037037 0.526290759718077
553.9539539539539 0.5250719150527854
554.2042042042042 0.5237944714811291
554.4544544544544 0.5224587871007758
554.7047047047047 0.5210652422456805
554.9549549549549 0.5196142392355643
555.2052052052052 0.518106202112276
555.4554554554554 0.5165415763632668
555.7057057057057 0.5149208286324147
555.9559559559559 0.513244446418449
556.2062062062062 0.5115129377612353
556.4564564564564 0.5097268309161885
556.7067067067067 0.5078866740170952
556.956956956957 0.5059930347276297
557.2072072072073 0.5040464998818711
557.4574574574575 0.502047675114109
557.7077077077078 0.4999971844782738
557.957957957958 0.4978956700572982
558.2082082082082 0.49574379156274695
558.4584584584585 0.4935422259250497
558.7087087087087 0.4912916668746823
558.958958958959 0.48899282451464604
559.2092092092092 0.48664642488460325
559.4594594594595 0.48425320951702994
559.7097097097097 0.4818139349857551
559.95995995996 0.4793293724472593
560.2102102102102 0.4768003071751093
560.4604604604605 0.47422753808791207
560.7107107107107 0.47161187727117193
560.960960960961 0.468954149493442
561.2112112112112 0.46625519171716046
561.4614614614615 0.46351585260456646
561.7117117117117 0.46073699201909285
561.961961961962 0.4579194805226345
562.2122122122122 0.4550641988690916
562.4624624624624 0.45217203749458884
562.7127127127128 0.4492438960047711
562.962962962963 0.4462806826595852
563.2132132132133 0.4432833138559281
563.4634634634635 0.44025271360859036
563.7137137137138 0.4371898130298736
563.963963963964 0.4340955498082881
564.2142142142143 0.4309708676867262
564.4644644644645 0.42781671594050485
564.7147147147148 0.42463404885567
564.964964964965 0.4214238252079504
565.2152152152153 0.4181870077427461
565.4654654654655 0.4149245626565343
565.7157157157158 0.41163745908006916
565.965965965966 0.4083266685637489
566.2162162162163 0.40499316456551854
566.4664664664665 0.4016379219416721
566.7167167167167 0.3982619164409118
566.966966966967 0.3948661242020165
567.2172172172172 0.39145152125546606
567.4674674674675 0.3880190830293607
567.7177177177177 0.38456978385997087
567.967967967968 0.38110459650724027
568.2182182182182 0.3776244916755659
568.4684684684685 0.37413043754016406
568.7187187187187 0.37062339927932747
568.968968968969 0.36710433861287045
569.2192192192192 0.3635742133470498
569.4694694694695 0.36003397692624245
569.7197197197197 0.3564845779916499
569.96996996997 0.3529269599472942
570.2202202202202 0.34936206053355817
570.4704704704704 0.3457908114085144
570.7207207207207 0.34221413773728065
570.9709709709709 0.3386329577896259
571.2212212212212 0.33504818254604535
571.4714714714714 0.3314607153125107
571.7217217217217 0.3278714513440948
571.9719719719719 0.3242812774776558
572.2222222222222 0.3206910717737619
572.4724724724725 0.31710170316802044
572.7227227227228 0.3135140311319804
572.972972972973 0.3099289053437308
573.2232232232233 0.3063471653683667
573.4734734734735 0.3027696403484237
573.7237237237238 0.2991971487044112
573.973973973974 0.2956304978455468
574.2242242242243 0.292070483890792
574.4744744744745 0.28851789140027356
574.7247247247248 0.28497349311717046
574.974974974975 0.2814380497201301
575.2252252252252 0.27791230958627383
575.4754754754755 0.2743970085648361
575.7257257257257 0.270892869761477
575.975975975976 0.2674006033332931
576.2262262262262 0.2639209062945466
576.4764764764765 0.26045446233311936
576.7267267267267 0.2570019416376909
576.976976976977 0.25356400073563123
577.2272272272272 0.25014128234158606
577.4774774774775 0.2467344152167283
577.7277277277277 0.24334401403863587
577.977977977978 0.23997067928175114
578.2282282282283 0.2366149971083643
578.4784784784786 0.23327753927006653
578.7287287287288 0.22995886301957852
578.9789789789791 0.22665951103290521
579.2292292292293 0.22338001134170613
579.4794794794796 0.22012087727579477
579.7297297297298 0.21688260741566356
579.97997997998 0.21366568555492393
580.2302302302303 0.21047058067254434
580.4804804804805 0.20729774691476283
580.7307307307308 0.2041476235865435
580.980980980981 0.20102063515244006
581.2312312312313 0.19791719124672363
581.4814814814815 0.19483768669262608
581.7317317317318 0.19178250153054405
581.981981981982 0.18875200105504444
582.2322322322323 0.1857465358605056
582.4824824824825 0.18276644189522454
582.7327327327328 0.1798120405238158
582.982982982983 0.1768836385977222
583.2332332332332 0.17398152853365462
583.4834834834835 0.17110598839977362
583.7337337337337 0.1682572820094218
583.983983983984 0.1654356590222121
584.2342342342342 0.1626413550522756
584.4844844844845 0.1598745917834675
584.7347347347347 0.1571355770913278
584.984984984985 0.15442450517159187
585.2352352352352 0.1517415566750429
585.4854854854855 0.14908689884849585
585.7357357357357 0.1464606856817019
585.985985985986 0.14386305805996066
586.2362362362362 0.14129414392222517
586.4864864864865 0.1387540584244852
586.7367367367367 0.13624290410821238
586.986986986987 0.13376077107365122
587.2372372372372 0.1313077371577383
587.4874874874874 0.1288838681164336
587.7377377377377 0.12648921781124667
587.987987987988 0.12412382839974005
588.2382382382383 0.12178773052980077
588.4884884884885 0.11948094353744829
588.7387387387388 0.11720347564798636
588.988988988989 0.11495532418026949
589.2392392392393 0.11273647575387867
589.4894894894895 0.11054690649899516
589.7397397397398 0.1083865822687635
589.98998998999 0.10625545885393753
590.2402402402403 0.10415348219960427
590.4904904904905 0.10208058862378351
590.7407407407408 0.10003670503770305
590.990990990991 0.09802174916755176
591.2412412412413 0.0960356297775159
591.4914914914915 0.09407824689390624
591.7417417417417 0.09214949203018714
591.991991991992 0.09024924841272108
592.2422422422422 0.08837739120704617
592.4924924924925 0.08653378774450643
592.7427427427427 0.08471829774905927
592.992992992993 0.08293077356408687
593.2432432432432 0.08117106037904268
593.4934934934935 0.0794389964557676
593.7437437437438 0.07773441335431336
593.9939939939941 0.07605713615812001
594.2442442442443 0.0744069836983823
594.4944944944946 0.07278376877747035
594.7447447447448 0.07118729839124753
594.9949949949951 0.06961737395014851
595.2452452452453 0.06807379149887904
595.4954954954956 0.06655634193460509
595.7457457457458 0.06506481122350118
595.995995995996 0.06359898061553446
596.2462462462463 0.062158626857363466
596.4964964964965 0.060743522403235904
596.7467467467468 0.05935343562377388
596.996996996997 0.05798813101253903
597.2472472472473 0.056647369390275336
597.4974974974975 0.055330908106730366
597.7477477477478 0.05403850123996129
597.997997997998 0.05276989979303625
598.2482482482483 0.05152485188804491
598.4984984984985 0.05030310295733779
598.7487487487488 0.04910439593191766
598.998998998999 0.04792847142691007
599.2492492492493 0.04677506792404541
599.4994994994995 0.04564392195108833
599.7497497497498 0.044534768258154604
600.0 0.04344733999086023
