350.0 0.6592406302004438
350.25025025025025 0.6619890481951796
350.5005005005005 0.664735047996607
350.75075075075074 0.6674785046913895
351.001001001001 0.6702192930089386
351.25125125125123 0.6729572873304214
351.5015015015015 0.6756923616978405
351.7517517517517 0.6784243898231881
352.00200200200203 0.6811532450976707
352.2522522522523 0.6838788006010036
352.5025025025025 0.6866009291107803
352.75275275275277 0.6893195031119053
353.003003003003 0.6920343948060982
353.25325325325326 0.6947454761214646
353.5035035035035 0.6974526187221338
353.75375375375376 0.7001556940179609
354.004004004004 0.7028545731742942
354.25425425425425 0.7055491271218067
354.5045045045045 0.7082392265663884
354.75475475475474 0.7109247419991015
355.005005005005 0.7136055437061962
355.25525525525524 0.7162815017791854
355.5055055055055 0.7189524861249771
355.75575575575573 0.7216183664760669
356.00600600600603 0.724279012400784
356.2562562562563 0.7269342933135922
356.5065065065065 0.7295840784854498
356.7567567567568 0.7322282370542166
357.007007007007 0.7348666380351163
357.25725725725727 0.7374991503312488
357.5075075075075 0.7401256427441526
357.75775775775776 0.7427459839844153
358.008008008008 0.7453600426823317
358.25825825825825 0.7479676873986085
358.5085085085085 0.7505687866351133
358.75875875875874 0.7531632088456681
359.009009009009 0.7557508224468854
359.25925925925924 0.7583314958290455
359.5095095095095 0.7609050973670141
359.75975975975973 0.7634714954311991
360.01001001001003 0.7660305583985456
360.2602602602603 0.7685821546635645
360.5105105105105 0.7711261526494024
360.7607607607608 0.773662420818939
361.011011011011 0.7761908276859207
361.26126126126127 0.7787112418261257
361.5115115115115 0.7812235318885573
361.76176176176176 0.7837275666066678
362.012012012012 0.7862232148096089
362.26226226226225 0.7887103454335092
362.5125125125125 0.7911888275327751
362.76276276276275 0.7936585302914168
363.013013013013 0.7961193230343951
363.26326326326324 0.7985710752389903
363.5135135135135 0.8010136565461895
363.7637637637638 0.8034469367720927
364.01401401401404 0.805870785919333
364.2642642642643 0.8082850741885187
364.51451451451453 0.8106896719896813
364.7647647647648 0.8130844499537415
365.015015015015 0.8154692789439838
365.26526526526527 0.8178440300675417
365.5155155155155 0.8202085746868915
365.76576576576576 0.8225627844313526
366.016016016016 0.8249065312085926
366.26626626626626 0.8272396872161378
366.5165165165165 0.829562124952886
366.76676676676675 0.8318737172306185
367.017017017017 0.8341743371855158
367.26726726726724 0.8364638582896674
367.5175175175175 0.8387421543625814
367.7677677677678 0.8410090995826881
368.01801801801804 0.8432645684988366
368.2682682682683 0.8455084360417882
368.51851851851853 0.8477405775356948
368.7687687687688 0.8499608687095712
369.019019019019 0.8521691857087542
369.2692692692693 0.8543654051063476
369.5195195195195 0.8565494039146534
369.76976976976977 0.8587210595965861
370.02002002002 0.8608802500770695
370.27027027027026 0.8630268537544141
370.5205205205205 0.8651607495116737
370.77077077077075 0.8672818167279799
371.021021021021 0.8693899352898526
371.2712712712713 0.8714849856024867
371.52152152152155 0.8735668486010079
371.7717717717718 0.8756354057617077
372.02202202202204 0.8776905391132419
372.2722722722723 0.8797321312478013
372.52252252252254 0.8817600653322493
372.7727727727728 0.8837742251192252
373.02302302302303 0.8857744949582131
373.2732732732733 0.8877607598065715
373.5235235235235 0.8897329052405272
373.77377377377377 0.8916908174661271
374.024024024024 0.8936343833301503
374.27427427427426 0.8955634903309763
374.5245245245245 0.8974780266294088
374.77477477477476 0.8993778810594553
375.025025025025 0.9012629431390571
375.27527527527525 0.9031331030807732
375.52552552552555 0.9049882518024125
375.7757757757758 0.9068282809376136
376.02602602602605 0.9086530828463754
376.2762762762763 0.9104625506255293
376.52652652652654 0.9122565781191574
376.7767767767768 0.9140350599289536
377.02702702702703 0.9157978914245255
377.2772772772773 0.9175449687536362
377.5275275275275 0.9192761888523859
377.77777777777777 0.9209914494553288
378.028028028028 0.9226906491055274
378.27827827827826 0.9243736871645397
378.5285285285285 0.9260404638223414
378.77877877877876 0.9276908801071775
379.02902902902906 0.9293248378953461
379.2792792792793 0.9309422399209094
379.52952952952955 0.9325429897853341
379.7797797797798 0.9341269919670574
380.03003003003005 0.9356941518309767
380.2802802802803 0.9372443756378647
380.53053053053054 0.9387775705537058
380.7807807807808 0.9402936446589543
381.03103103103103 0.9417925069577107
381.2812812812813 0.9432740673868184
381.5315315315315 0.9447382368248768
381.7817817817818 0.9461849271011695
382.032032032032 0.9476140510045082
382.28228228228227 0.9490255222919899
382.5325325325325 0.9504192556976653
382.78278278278276 0.9517951669411198
383.033033033033 0.9531531727359625
383.2832832832833 0.9544931907982253
383.53353353353356 0.9558151398546677
383.7837837837838 0.95711893965099
384.03403403403405 0.9584045109599495
384.2842842842843 0.9596717755893813
384.53453453453454 0.9609206563901223
384.7847847847848 0.9621510772638362
385.03503503503504 0.9633629631707392
385.2852852852853 0.964556240137226
385.53553553553553 0.9657308352633917
385.7857857857858 0.966886676730454
386.036036036036 0.96802369380807
386.28628628628627 0.9691418168615472
386.5365365365365 0.9702409773589514
386.7867867867868 0.9713211078781051
387.03703703703707 0.9723821421134786
387.2872872872873 0.9734240148829739
387.53753753753756 0.9744466621345967
387.7877877877878 0.9754500209530186
388.03803803803805 0.9764340295660268
388.2882882882883 0.9773986273508627
388.53853853853855 0.9783437548404452
388.7887887887888 0.9792693537294808
389.03903903903904 0.9801753668804566
389.2892892892893 0.9810617383295201
389.53953953953953 0.9819284132922388
389.7897897897898 0.9827753381692435
390.04004004004 0.9836024605517533
390.2902902902903 0.9844097292269793
390.5405405405405 0.9851970941834106
390.79079079079077 0.9859645066159765
391.04104104104107 0.9867119189310892
391.2912912912913 0.9874392847515625
391.54154154154156 0.9881465589214078
391.7917917917918 0.9888336975105069
392.04204204204206 0.9895006578191585
392.2922922922923 0.9901473983825012
392.54254254254255 0.9907738789748094
392.7927927927928 0.9913800606136632
393.04304304304304 0.9919659055639911
393.2932932932933 0.9925313773419852
393.54354354354354 0.9930764407188872
393.7937937937938 0.9936010617246472
394.044044044044 0.9941052076514517
394.2942942942943 0.9945888470571218
394.5445445445446 0.9950519497683823
394.7947947947948 0.9954944868839981
395.0450450450451 0.9959164307777816
395.2952952952953 0.9963177551014655
395.54554554554556 0.9966984347874462
395.7957957957958 0.9970584460513933
396.04604604604606 0.997397766394725
396.2962962962963 0.9977163746069532
396.54654654654655 0.9980142507678925
396.7967967967968 0.9982913762497357
397.04704704704704 0.9985477337189955
397.2972972972973 0.9987833071383119
397.54754754754754 0.9989980817681238
397.7977977977978 0.9991920441682061
398.04804804804803 0.9993651821990719
398.2982982982983 0.9995174850232385
398.5485485485485 0.9996489431063581
398.7987987987988 0.9997595482182129
399.0490490490491 0.9998492934335732
399.2992992992993 0.9999181731329209
399.54954954954957 0.9999661830030356
399.7997997997998 0.9999933200374451
400.05005005005006 0.9999995825367387
400.3003003003003 0.9999849701087452
400.55055055055055 0.9999494836685738
400.8008008008008 0.9998931254385182
401.05105105105105 0.9998158989478254
401.3013013013013 0.999717809032327
401.55155155155154 0.9995988618339346
401.8018018018018 0.9994590647999997
402.05205205205203 0.999298426682535
402.30230230230234 0.9991169575373033
402.5525525525526 0.9989146687227674
402.80280280280283 0.9986915728989049
403.0530530530531 0.998447684025889
403.3033033033033 0.9981830173626322
403.55355355355357 0.9978975894651948
403.8038038038038 0.9975914181850601
404.05405405405406 0.997264522667273
404.3043043043043 0.9969169233484446
404.55455455455456 0.9965486419546243
404.8048048048048 0.9961597014990359
405.05505505505505 0.9957501262796808
405.3053053053053 0.9953199418768093
405.55555555555554 0.9948691751502573
405.8058058058058 0.9943978542366522
406.05605605605604 0.9939060085464853
406.3063063063063 0.9933936687610543
406.5565565565566 0.9928608668292734
406.80680680680683 0.9923076359643531
407.0570570570571 0.9917340106403504
407.3073073073073 0.9911400265885884
407.5575575575576 0.9905257207939474
407.8078078078078 0.9898911314910276
408.05805805805807 0.9892362981601831
408.3083083083083 0.988561261523429
408.55855855855856 0.9878660635402216
408.8088088088088 0.9871507474031113
409.05905905905905 0.9864153575332719
409.3093093093093 0.9856599395759036
409.55955955955955 0.9848845403955112
409.8098098098098 0.9840892080710605
410.0600600600601 0.9832739918910095
410.31031031031034 0.9824389423482202
410.5605605605606 0.9815841111347458
410.81081081081084 0.9807095511364999
411.0610610610611 0.9798153164278045
411.31131131131133 0.9789014622658185
411.5615615615616 0.9779680450848497
411.8118118118118 0.9770151224905467
412.06206206206207 0.9760427532539763
412.3123123123123 0.9750509973055845
412.56256256256256 0.9740399157290419
412.8128128128128 0.973009570754976
413.06306306306305 0.9719600257545896
413.3133133133133 0.970891345233168
413.56356356356355 0.9698035948234736
413.8138138138138 0.9686968412790309
414.06406406406404 0.9675711524673032
414.3143143143143 0.9664265973627585
414.5645645645646 0.9652632460398298
414.81481481481484 0.9640811696657703
415.0650650650651 0.9628804404933988
415.31531531531533 0.9616611318537457
415.5655655655656 0.9604233181485933
415.8158158158158 0.959167074842914
416.06606606606607 0.9578924784572084
416.3163163163163 0.9565996065597426
416.56656656656656 0.9552885377586868
416.8168168168168 0.9539593516941567
417.06706706706706 0.9526121290301574
417.3173173173173 0.9512469514464323
417.5675675675676 0.9498639016302187
417.81781781781785 0.948463063267909
418.0680680680681 0.9470445210366194
418.31831831831835 0.9456083605956705
418.5685685685686 0.9441546685779758
418.81881881881884 0.9426835325813433
419.0690690690691 0.9411950411596902
419.31931931931933 0.9396892838141707
419.5695695695696 0.9381663509842206
419.8198198198198 0.9366263340385178
420.0700700700701 0.9350693252658615
420.3203203203203 0.9334954178659701
420.57057057057057 0.9319047059402005
420.8208208208208 0.9302972844821884
421.07107107107106 0.9286732493684136
421.3213213213213 0.9270326973486877
421.57157157157155 0.9253757260365696
421.8218218218218 0.9237024338997082
422.07207207207205 0.9220129202501121
422.32232232232235 0.9203072852343517
422.5725725725726 0.9185856298236926
422.82282282282284 0.9168480558041588
423.0730730730731 0.9150946657665345
423.32332332332334 0.9133255630962985
423.5735735735736 0.9115408519634975
423.82382382382383 0.909740637312557
424.0740740740741 0.9079250248520329
424.3243243243243 0.9060941210443033
424.57457457457457 0.9042480330952053
424.8248248248248 0.9023868689436141
425.07507507507506 0.9005107372509691
425.32532532532537 0.8986197473907466
425.5755755755756 0.8967140094378836
425.82582582582586 0.8947936341581476
426.0760760760761 0.8928587329974618
426.32632632632635 0.8909094180711826
426.5765765765766 0.8889458021533321
426.82682682682685 0.8869679986657855
427.0770770770771 0.8849761216674191
427.32732732732734 0.8829702858432147
427.5775775775776 0.8809506064933278
427.82782782782783 0.8789171995221154
428.0780780780781 0.876870181427131
428.3283283283283 0.874809669288082
428.5785785785786 0.872735780755757
428.8288288288288 0.87064863404092
429.07907907907907 0.8685483479031759
429.3293293293293 0.8664350416398078
429.57957957957956 0.8643088350745866
429.8298298298298 0.862169848546558
430.08008008008005 0.8600182028988037
430.33033033033036 0.8578540194671823
430.5805805805806 0.8556774200690511
430.83083083083085 0.8534885269919653
431.0810810810811 0.8512874629823655
431.33133133133134 0.8490743512342461
431.5815815815816 0.8468493153778122
431.83183183183183 0.8446124794681237
432.0820820820821 0.8423639679737283
432.3323323323323 0.8401039057652876
432.5825825825826 0.8378324181041942
432.8328328328328 0.8355496306311848
433.0830830830831 0.8332556693549479
433.33333333333337 0.8309506606407328
433.5835835835836 0.8286347311989525
433.83383383383386 0.8263080080737932
434.0840840840841 0.8239706186318245
434.33433433433436 0.8216226905506131
434.5845845845846 0.819264351807345
434.83483483483485 0.8168957306674539
435.0850850850851 0.8145169556732604
435.33533533533534 0.8121281556326213
435.5855855855856 0.8097294596075936
435.83583583583584 0.8073209969031114
436.0860860860861 0.804902897055681
436.33633633633633 0.8024752898220926
436.5865865865866 0.8000383051681538
436.8368368368368 0.7975920732574425
437.08708708708707 0.7951367244400854
437.3373373373373 0.7926723892415601
437.58758758758756 0.7901991983515247
437.8378378378378 0.7877172826126758
438.0880880880881 0.7852267730096372
438.33833833833836 0.7827278006578817
438.5885885885886 0.7802204967926842
438.83883883883885 0.7777049927581128
439.0890890890891 0.7751814199960569
439.33933933933935 0.7726499100352948
439.5895895895896 0.7701105944806015
439.83983983983984 0.7675636050019008
440.0900900900901 0.7650090733234614
440.34034034034033 0.762447131213139
440.5905905905906 0.7598779104716686
440.8408408408409 0.7573015429220046
441.09109109109113 0.7547181603987172
441.3413413413414 0.7521278947374362
441.5915915915916 0.7495308777643573
441.84184184184187 0.7469272412858028
442.0920920920921 0.7443171170778415
442.34234234234236 0.7417006368759729
442.5925925925926 0.7390779323648716
442.84284284284286 0.7364491351681992
443.0930930930931 0.733814376838483
443.34334334334335 0.7311737888470639
443.5935935935936 0.7285275025741149
443.84384384384384 0.7258756492987342
444.0940940940941 0.7232183601891116
444.34434434434434 0.720555766292774
444.5945945945946 0.7178879985269084
444.84484484484483 0.7152151876687672
445.0950950950951 0.7125374643461558
445.3453453453453 0.7098549590280059
445.59559559559557 0.7071678020150364
445.8458458458459 0.7044761234305017
446.0960960960961 0.7017800532110366
446.34634634634637 0.6990797210975869
446.5965965965966 0.6963752566264415
446.84684684684686 0.6936667891203611
447.0970970970971 0.6909544476798051
447.34734734734735 0.6882383611742627
447.5975975975976 0.6855186582336863
447.84784784784785 0.6827954672400323
448.0980980980981 0.6800689163189098
448.34834834834834 0.6773391333313413
448.59859859859864 0.6746062458656346
448.8488488488489 0.6718703812293731
449.09909909909913 0.669131666441518
449.3493493493494 0.666390228224636
449.5995995995996 0.6636461929972458
449.8498498498499 0.6608996868662904
450.1001001001001 0.658150835619735
450.35035035035037 0.6553997647192942
450.6006006006006 0.652646599293291
450.85085085085086 0.6498914641296494
451.1011011011011 0.6471344836690216
451.35135135135135 0.6443757819980562
451.6016016016016 0.6416154828428052
451.85185185185185 0.6388537095622745
452.1021021021021 0.6360905851421214
452.35235235235234 0.6333262321884986
452.6026026026026 0.6305607729220496
452.85285285285283 0.6277943291720574
453.1031031031031 0.6250270223707475
453.3533533533533 0.622258973547751
453.60360360360363 0.6194903033247249
453.8538538538539 0.6167211319101406
454.1041041041041 0.6139515790942311
454.35435435435437 0.611181764244112
454.6046046046046 0.6084118062990704
454.85485485485486 0.6056418237660278
455.1051051051051 0.6028719347151776
455.35535535535536 0.6001022567758016
455.6056056056056 0.5973329071322678
455.85585585585585 0.5945640025202098
456.1061061061061 0.5917956592228935
456.3563563563564 0.5890279930677706
456.60660660660665 0.5862611194232275
456.8568568568569 0.5834951531955189
457.10710710710714 0.5807302088259069
457.3573573573574 0.5779664002879923
457.60760760760763 0.5752038410852502
457.8578578578579 0.5724426442487673
458.1081081081081 0.5696829223351861
458.3583583583584 0.5669247874248572
458.6086086086086 0.5641683511202029
458.85885885885887 0.5614137245442941
459.1091091091091 0.5586610183396428
459.35935935935936 0.555910342667213
459.6096096096096 0.5531618072056522
459.85985985985985 0.5504155211507457
460.1101101101101 0.5476715932150958
460.36036036036035 0.5449301316280291
460.6106106106106 0.542191244135733
460.86086086086084 0.5394550380016244
461.1111111111111 0.5367216200069521
461.3613613613614 0.5339910964516346
461.61161161161164 0.5312635731553396
461.8618618618619 0.5285391554587971
462.11211211211213 0.5258179482253612
462.3623623623624 0.523100055842811
462.6126126126126 0.520385582225401
462.86286286286287 0.5176746308161551
463.1131131131131 0.5149673045894126
463.36336336336336 0.5122637060536241
463.6136136136136 0.5095639372543982
463.86386386386386 0.506868099777803
464.11411411411416 0.504176294753922
464.3643643643644 0.5014886228606678
464.61461461461465 0.49880518432784726
464.8648648648649 0.49612607894149213
465.11511511511515 0.4934514060484434
465.3653653653654 0.4907812645611976
465.61561561561564 0.4881157529630124
465.8658658658659 0.4854549693132743
466.11611611611613 0.48279901125312624
466.3663663663664 0.4801479760113571
466.6166166166166 0.4775019604105534
466.86686686686687 0.4748610608735112
467.1171171171171 0.47222537342991056
467.36736736736736 0.4695949937232495
467.6176176176176 0.46697001701804
467.86786786786786 0.46435053820726124
468.1181181181181 0.4617366518200738
468.36836836836835 0.45912845202978947
468.6186186186186 0.45652603266209874
468.86886886886884 0.4539294872035522
469.11911911911915 0.45133890881029426
469.3693693693694 0.44875439031705144
469.61961961961964 0.4461760242463631
469.8698698698699 0.4436039028180652
470.12012012012013 0.4410381179590146
470.3703703703704 0.4384787613130549
470.6206206206206 0.43592592425122106
470.8708708708709 0.43337969788217723
471.1211211211211 0.43084017306288713
471.37137137137137 0.42830744040951035
471.6216216216216 0.4257815903085223
471.8718718718719 0.42326271292805123
472.12212212212216 0.42075089822943307
472.3723723723724 0.41824623597896815
472.62262262262266 0.4157488157598874
472.8728728728729 0.413258726984514
473.12312312312315 0.4107760589066161
473.3733733733734 0.4083009006339464
473.62362362362364 0.40583334114095976
473.8738738738739 0.40337346928170287
474.12412412412414 0.4009213738028691
474.3743743743744 0.39847714335700957
474.62462462462463 0.3960408665158943
474.8748748748749 0.393612631784013
475.1251251251251 0.39119252761220885
475.37537537537537 0.3887806424114348
475.6256256256256 0.3863770645666229
475.87587587587586 0.38398188245065923
476.1261261261261 0.3815951844384497
476.37637637637636 0.37921705892107105
476.6266266266266 0.3768475943199928
476.8768768768769 0.3744868791013596
477.12712712712715 0.372135001790325
477.3773773773774 0.3697920509854167
477.62762762762765 0.3674581153729311
477.8778778778779 0.3651332837413371
478.12812812812814 0.3628176449956774
478.3783783783784 0.3605112881719542
478.62862862862863 0.358214302451485
478.8788788788789 0.3559267771752135
479.1291291291292 0.3536488018579601
479.37937937937943 0.3513804662026003
479.6296296296297 0.3491218601141465
479.8798798798799 0.3468730737137277
480.13013013013017 0.3446341973524437
480.3803803803804 0.34240532162507753
480.63063063063066 0.34018653738365046
480.8808808808809 0.3379779357508007
481.13113113113116 0.33577960813296703
481.3813813813814 0.33359164623336046
481.63163163163165 0.33141414206470243
481.8818818818819 0.3292471879617124
482.13213213213214 0.3270908765933236
482.3823823823824 0.3249453009746076
482.63263263263264 0.32281055447838675
482.8828828828829 0.32068673084651333
483.13313313313313 0.3185739242007952
483.3833833833834 0.3164722290535452
483.6336336336336 0.31438174031773325
483.88388388388387 0.31230255331671863
484.1341341341341 0.3102347637935399
484.38438438438436 0.3081784679197396
484.6346346346346 0.3061337623037011
484.88488488488485 0.30410074399847326
485.13513513513516 0.3020795105090605
485.3853853853854 0.3000701597991549
485.63563563563565 0.2980727902972818
485.8858858858859 0.2960875009023416
486.13613613613614 0.29411439098851894
486.3863863863864 0.2921535604095342
486.63663663663664 0.29020510950221534
486.88688688688694 0.28826913908936175
487.1371371371372 0.2863457504818812
487.38738738738743 0.28443504548016374
487.6376376376377 0.28253712637468065
487.8878878878879 0.2806520959457738
488.1381381381382 0.27878005746261336
488.3883883883884 0.2769211146812988
488.63863863863867 0.27507537184207803
488.8888888888889 0.2732429336656583
489.13913913913916 0.27142390534858507
489.3893893893894 0.26961839255766373
489.63963963963965 0.26782650142339826
489.8898898898899 0.2660483385324243
490.14014014014015 0.26428401091890946
490.3903903903904 0.2625336260548991
490.64064064064064 0.2607972918395819
490.8908908908909 0.259075116587453
491.14114114114113 0.2573672090153495
491.3913913913914 0.2556736782283374
491.6416416416416 0.25399463370442554
491.8918918918919 0.25233018527808554
492.1421421421421 0.25068044312255605
492.39239239239237 0.2490455177309082
492.6426426426426 0.2474255198958542
492.8928928928929 0.24582056068827723
493.14314314314316 0.24423075143446446
493.3933933933934 0.2426562036920201
493.64364364364366 0.24109702922444737
493.8938938938939 0.23955333997437586
494.14414414414415 0.2380252480354192
494.3943943943944 0.23651286562264823
494.6446446446447 0.235016305041663
494.89489489489495 0.2335356786562508
495.1451451451452 0.23207109885461386
495.39539539539544 0.23062267801415792
495.6456456456457 0.22919052846482785
495.89589589589593 0.22777476245098047
496.1461461461462 0.22637549209178462
496.3963963963964 0.22499282934014112
496.6466466466467 0.2236268859401144
496.8968968968969 0.2222777733828701
497.14714714714717 0.22094560286111406
497.3973973973974 0.21963048522202863
497.64764764764766 0.21833253091870425
497.8978978978979 0.21705184996006482
498.14814814814815 0.21578855185928825
498.3983983983984 0.21454274558072256
498.64864864864865 0.21331453948530107
498.8988988988989 0.21210404127446247
499.14914914914914 0.21091135793257926
499.3993993993994 0.20973659566790528
499.64964964964963 0.20857985985204872
499.8998998998999 0.20744125495798274
500.1501501501501 0.20632088449660577
500.4004004004004 0.2052188509518656
500.6506506506507 0.20413525571446173
500.9009009009009 0.203070199014146
501.15115115115117 0.20202377985063613
501.4014014014014 0.20099609592316736
501.65165165165166 0.19998724355870254
501.9019019019019 0.1989973176388245
502.15215215215215 0.19802641152533826
502.40240240240246 0.1970746169846091
502.6526526526527 0.1961420241106694
502.90290290290295 0.19522872124712048
503.1531531531532 0.19433479490786923
503.40340340340344 0.19346032969672985
503.6536536536537 0.19260540822593014
503.90390390390394 0.19177011103356106
504.1541541541542 0.19095451650000997
504.40440440440443 0.19015870076342092
504.6546546546547 0.1893827376342268
504.9049049049049 0.18862669850879865
505.15515515515517 0.18789065228226282
505.4054054054054 0.18717466526053372
505.65565565565566 0.18647880107161685
505.9059059059059 0.18580312057623413
506.15615615615616 0.18514768177782903
506.4064064064064 0.1845125397320078
506.65665665665665 0.18389774645547743
506.9069069069069 0.18330335083454158
507.15715715715714 0.18272939853321638
507.4074074074074 0.18217593190103296
507.65765765765764 0.18164298988059097
507.9079079079079 0.18113060791493346
508.15815815815813 0.18063881785481134
508.40840840840843 0.1801676478659097
508.6586586586587 0.1797171223361096
508.9089089089089 0.17928726178285762
509.1591591591592 0.17887808276072276
509.4094094094094 0.17848959776921502
509.65965965965967 0.17812181516094636
509.9099099099099 0.177774739050214
510.16016016016016 0.17744836922208682
510.41041041041046 0.17714270104207896
510.6606606606607 0.1768577253664936
510.91091091091096 0.17659342845352194
511.1611611611612 0.17634979187518415
511.41141141141145 0.1761267924301994
511.6616616616617 0.17592440205787171
511.91191191191194 0.17574258775308238
512.1621621621622 0.1755813114824766
512.4124124124124 0.17544053010193683
512.6626626626627 0.17532019527543113
512.9129129129129 0.1752202533953307
513.1631631631632 0.175140645504286
513.4134134134134 0.17508130721875595
513.6636636636637 0.17504216865428074
513.9139139139139 0.17502315435259239
514.1641641641642 0.17502418321065533
514.4144144144144 0.17504516841172937
514.6646646646647 0.1750860173585494
514.9149149149149 0.1751466316087115
515.1651651651651 0.17522690681236133
515.4154154154154 0.175326732652273
515.6656656656656 0.17544599278641315
515.9159159159159 0.17558456479307813
516.1661661661662 0.17574232011869673
516.4164164164165 0.17591912402838616
516.6666666666667 0.17611483555935062
516.916916916917 0.1763293074772097
517.1671671671672 0.17656238623534237
517.4174174174175 0.1768139119373327
517.6676676676677 0.17708371830260017
517.917917917918 0.17737163263529726
518.1681681681682 0.17767747579655552
518.4184184184185 0.17800106218015854
518.6686686686687 0.17834219969172005
518.918918918919 0.178700689731442
519.1691691691692 0.1790763271805269
519.4194194194195 0.17946890039131547
519.6696696696697 0.1798781911812193
519.91991991992 0.18030397483051533
520.1701701701702 0.1807460200840671
520.4204204204204 0.18120408915703495
520.6706706706707 0.1816779377446347
520.9209209209209 0.18216731503600198
521.1711711711712 0.18267196373221578
521.4214214214214 0.18319162006853376
521.6716716716717 0.18372601384088594
521.9219219219219 0.18427486843667362
522.1721721721722 0.18483790086991464
522.4224224224224 0.18541482182077382
522.6726726726727 0.18600533567951477
522.9229229229229 0.18660914059490444
523.1731731731732 0.18722592852709946
523.4234234234234 0.18785538530503873
523.6736736736736 0.1884971906883644
523.9239239239239 0.18915101843388804
524.1741741741741 0.18981653636661677
524.4244244244244 0.190493406455348
524.6746746746746 0.19118128489284042
524.9249249249249 0.19187982218056196
525.1751751751751 0.19258866321801377
525.4254254254254 0.19330744739662342
525.6756756756756 0.1940358086981978
525.925925925926 0.19477337579792117
526.1761761761762 0.19551977217187816
526.4264264264265 0.1962746162090841
526.6766766766767 0.19703752132798835
526.926926926927 0.197808096097425
527.1771771771772 0.19858594436197236
527.4274274274275 0.1993706653716829
527.6776776776777 0.20016185391613794
527.927927927928 0.20095910046277904
528.1781781781782 0.2017619912994633
528.4284284284284 0.2025701086811843
528.6786786786787 0.20338303098089822
528.9289289289289 0.20420033284438735
529.1791791791792 0.2050215853490927
529.4294294294294 0.20584635616683894
529.6796796796797 0.2066742097303746
529.9299299299299 0.20750470740364285
530.1801801801802 0.20833740765569697
530.4304304304304 0.20917186623816758
530.6806806806807 0.21000763636618763
530.9309309309309 0.21084426890267416
531.1811811811812 0.21168131254586425
531.4314314314314 0.21251831401999738
531.6816816816818 0.21335481826903302
531.931931931932 0.21419036865328667
532.1821821821823 0.21502450714887067
532.4324324324325 0.21585677454981045
532.6826826826828 0.2166867106727156
532.932932932933 0.21751385456387434
533.1831831831832 0.2183377447086392
533.4334334334335 0.2191579192429684
533.6836836836837 0.2199739161669832
533.933933933934 0.2207852735604005
534.1841841841842 0.22159152979969476
534.4344344344345 0.22239222377684228
534.6846846846847 0.22318689511949835
534.934934934935 0.22397508441245273
535.1851851851852 0.22475633342021062
535.4354354354355 0.2255301853105407
535.6856856856857 0.22629618487883055
535.935935935936 0.22705387877308958
536.1861861861862 0.22780281571943511
536.4364364364365 0.2285425467478973
536.6866866866867 0.22927262541837723
536.936936936937 0.22999260804658977
537.1871871871872 0.23070205392982332
537.4374374374374 0.23140052557234622
537.6876876876877 0.2320875889102892
537.9379379379379 0.23276281353583336
538.1881881881882 0.23342577292053107
538.4384384384384 0.23407604463758794
538.6886886886887 0.23471321058293426
538.9389389389389 0.23533685719491232
539.1891891891892 0.23594657567240895
539.4394394394394 0.23654196219126045
539.6896896896897 0.23712261811875893
539.9399399399399 0.23768815022609027
540.1901901901902 0.2382381708985327
540.4404404404404 0.2387722983432485
540.6906906906906 0.23929015679450086
540.9409409409409 0.23979137671612996
541.1911911911911 0.2402755950011241
541.4414414414415 0.2407424551681227
541.6916916916917 0.2411916075546903
541.941941941942 0.24162270950720446
542.1921921921922 0.2420354255671984
542.4424424424425 0.2424294276540065
542.6926926926927 0.24280439524356012
542.942942942943 0.2431600155431859
543.1931931931932 0.24349598366225958
543.4434434434435 0.24381200277857362
543.6936936936937 0.24410778430027885
543.943943943944 0.2443830480232635
544.1941941941942 0.24463752228383753
544.4444444444445 0.24487094410659332
544.6946946946947 0.24508305934731694
544.944944944945 0.2452736228308298
545.1951951951952 0.24544239848364227
545.4454454454454 0.24558915946130783
545.6956956956957 0.24571368827036744
545.9459459459459 0.24581577688478168
546.1961961961962 0.24589522685675005
546.4464464464464 0.24595184942182233
546.6966966966967 0.245985465598213
546.9469469469469 0.24599590628023238
547.1971971971973 0.2459830123257547
547.4474474474475 0.24594663463764793
547.6976976976978 0.24588663423909526
547.947947947948 0.2458028823427433
548.1981981981983 0.24569526041361794
548.4484484484485 0.24556366022575288
548.6986986986988 0.2454079839124834
548.948948948949 0.24522814401036075
549.1991991991993 0.2450240634966506
549.4494494494495 0.24479567582038292
549.6996996996997 0.24454292492692697
549.94994994995 0.24426576527607038
550.2002002002002 0.24396416185358735
550.4504504504505 0.2436380901762865
550.7007007007007 0.24328753629053446
550.950950950951 0.24291249676425727
551.2012012012012 0.24251297867242672
551.4514514514515 0.24208899957604596
551.7017017017017 0.24164058749465206
551.951951951952 0.24116778087236135
552.2022022022022 0.24067062853748683
552.4524524524525 0.24014918965576446
552.7027027027027 0.23960353367722856
552.952952952953 0.23903374027678462
553.2032032032032 0.23843989928853068
553.4534534534534 0.23782211063388564
553.7037037037037 0.23718048424358773
553.9539539539539 0.23651513997363094
554.2042042042042 0.2358262075152136
554.4544544544544 0.23511382629877714
554.7047047047047 0.23437814539221916
554.9549549549549 0.23361932339336933
555.2052052052052 0.23283752831682109
555.4554554554554 0.23203293747521778
555.7057057057057 0.23120573735509592
555.9559559559559 0.23035612348739212
556.2062062062062 0.22948430031272665
556.4564564564564 0.2285904810415778
556.7067067067067 0.22767488750946863
556.956956956957 0.2267377500272882
557.2072072072073 0.22577930722687917
557.4574574574575 0.2247998059020158
557.7077077077078 0.22379950084491618
557.957957957958 0.2227786546784216
558.2082082082082 0.22173753768398638
558.4584584584585 0.22067642762562387
558.7087087087087 0.21959560956995539
558.958958958959 0.21849537570251357
559.2092092092092 0.21737602514045365
559.4594594594595 0.2162378637418279
559.7097097097097 0.2150812039115818
559.95995995996 0.21390636440443245
560.2102102102102 0.21271367012479112
560.4604604604605 0.21150345192389436
560.7107107107107 0.21027604639430944
560.960960960961 0.2090317956619809
561.2112112112112 0.20777104717598766
561.4614614614615 0.20649415349617886
561.7117117117117 0.20520147207886058
561.961961961962 0.2038933650607036
562.2122122122122 0.20257019904104456
562.4624624624624 0.2012323448627527
562.7127127127128 0.19988017739183445
562.962962962963 0.19851407529595128
563.2132132132133 0.19713442082201557
563.4634634634635 0.19574159957304726
563.7137137137138 0.19433600028445536
563.963963963964 0.19291801459991803
564.2142142142143 0.19148803684703194
564.4644644644645 0.19004646381289939
564.7147147147148 0.1885936945198221
564.964964964965 0.1871301300012687
565.2152152152153 0.18565617307828103
565.4654654654655 0.18417222813648382
565.7157157157158 0.18267870090385963
565.965965965966 0.18117599822944974
566.2162162162163 0.1796645278631388
566.4664664664665 0.1781446982366803
566.7167167167167 0.1766169182461159
566.966966966967 0.17508159703574025
567.2172172172172 0.17353914378376056
567.4674674674675 0.17198996748979617
567.7177177177177 0.17043447676436282
567.967967967968 0.16887307962048
568.2182182182182 0.16730618326754076
568.4684684684685 0.16573419390757618
568.7187187187187 0.16415751653404703
568.968968968969 0.16257655473328866
569.2192192192192 0.16099171048873398
569.4694694694695 0.15940338398803441
569.7197197197197 0.15781197343319583
569.96996996997 0.15621787485384264
570.2202202202202 0.1546214819237185
570.4704704704704 0.15302318578052956
570.7207207207207 0.1514233748492318
570.9709709709709 0.14982243466885892
571.2212212212212 0.14822074772298469
571.4714714714714 0.1466186932739087
571.7217217217217 0.14501664720065072
571.9719719719719 0.14341498184083357
572.2222222222222 0.14181406583653225
572.4724724724725 0.1402142639841598
572.7227227227228 0.1386159370884625
572.972972972973 0.1370194418206772
573.2232232232233 0.13542513058092456
573.4734734734735 0.1338333513648817
573.7237237237238 0.13224444763479007
573.973973973974 0.13065875819484293
574.2242242242243 0.12907661707099535
574.4744744744745 0.12749835339523283
574.7247247247248 0.1259242912943334
574.974974974975 0.12435474978315043
575.2252252252252 0.12279004266244165
575.4754754754755 0.12123047842126428
575.7257257257257 0.11967636014395251
575.975975975976 0.11812798542168904
576.2262262262262 0.11658564626867837
576.4764764764765 0.11504962904292547
576.7267267267267 0.1135202143716195
576.976976976977 0.11199767708111785
577.2272272272272 0.11048228613152228
577.4774774774775 0.10897430455583478
577.7277277277277 0.10747398940367686
577.977977977978 0.10598159168955266
578.2282282282283 0.1044973563456315
578.4784784784786 0.10302152217902648
578.7287287287288 0.10155432183352868
578.9789789789791 0.10009598175577585
579.2292292292293 0.09864672216580833
579.4794794794796 0.09720675703197493
579.7297297297298 0.09577629405014436
579.97997997998 0.09435553462717489
580.2302302302303 0.09294467386859205
580.4804804804805 0.09154390057042117
580.7307307307308 0.09015339721511906
580.980980980981 0.08877333997154581
581.2312312312313 0.08740389869891553
581.4814814814815 0.0860452369546622
581.7317317317318 0.0846975120061543
581.981981981982 0.08336087484618955
582.2322322322323 0.08203547021219906
582.4824824824825 0.0807214366090876
582.7327327327328 0.0794189063356355
582.982982982983 0.07812800551438491
583.2332332332332 0.07684885412493174
583.4834834834835 0.07558156604054324
583.7337337337337 0.07432624906801893
583.983983983984 0.07308300499071144
584.2342342342342 0.07185192961462276
584.4844844844845 0.07063311281748956
584.7347347347347 0.06942663860077025
584.984984984985 0.06823258514444586
585.2352352352352 0.06705102486454527
585.4854854854855 0.06588202447330473
585.7357357357357 0.06472564504187087
585.985985985986 0.06358194206545592
586.2362362362362 0.06245096553085299
586.4864864864865 0.06133275998621898
586.7367367367367 0.06022736461303259
586.986986986987 0.05913481330013444
587.2372372372372 0.05805513471975585
587.4874874874874 0.05698835240544365
587.7377377377377 0.055934484831787624
587.987987987988 0.054893545495857114
588.2382382382383 0.05386554300025718
588.4884884884885 0.05285048113770453
588.7387387387388 0.051848358977040904
588.988988988989 0.05085917095058518
589.2392392392393 0.04988290694273626
589.4894894894895 0.0489195523797358
589.7397397397398 0.04796908832050128
589.98998998999 0.04703149154844091
590.2402402402403 0.04610673466416213
590.4904904904905 0.045194786178987
590.7407407407408 0.04429561060918856
590.990990990991 0.0434091685708632
591.2412412412413 0.04253541687535555
591.4914914914915 0.041674308625153145
591.7417417417417 0.040825793310169875
591.991991991992 0.03998981690433811
592.2422422422422 0.03916632196243115
592.4924924924925 0.03835524771703853
592.7427427427427 0.03755653017561896
592.992992992993 0.03677010221755633
593.2432432432432 0.03599589369114644
593.4934934934935 0.03523383151044321
593.7437437437438 0.03448383975189491
593.9939939939941 0.03374583975070437
594.2442442442443 0.03301975019684243
594.4944944944946 0.03230548723065666
594.7447447447448 0.031602964538008135
594.9949949949951 0.03091209344487715
595.2452452452453 0.030232783011378654
595.4954954954956 0.02956494012513043
595.7457457457458 0.028908469593918122
595.995995995996 0.028263274237604295
596.2462462462463 0.02762925497922919
596.4964964964965 0.027006310935253883
596.7467467467468 0.026394339504897692
596.996996996997 0.025793236458523754
597.2472472472473 0.025202896025028825
597.4974974974975 0.02462321097819477
597.7477477477478 0.024054072721961414
597.997997997998 0.023495371374582467
598.2482482482483 0.022946995851627447
598.4984984984985 0.022408833947795075
598.7487487487488 0.021880772417505308
598.998998998999 0.021362697054238523
599.2492492492493 0.02085449276859301
599.4994994994995 0.020356043665033012
599.7497497497498 0.01986723311730184
600.0 0.019387943842476097
