350.0 0.6592406302004438
350.25025025025025 0.6619890481951796
350.5005005005005 0.664735047996607
350.75075075075074 0.6674785046913895
351.001001001001 0.6702192930089386
351.25125125125123 0.6729572873304214
351.5015015015015 0.6756923616978405
351.7517517517517 0.6784243898231881
352.00200200200203 0.6811532450976707
352.2522522522523 0.6838788006010036
352.5025025025025 0.6866009291107803
352.75275275275277 0.6893195031119053
353.003003003003 0.6920343948060982
353.25325325325326 0.6947454761214646
353.5035035035035 0.6974526187221338
353.75375375375376 0.7001556940179609
354.004004004004 0.7028545731742942
354.25425425425425 0.7055491271218067
354.5045045045045 0.7082392265663884
354.75475475475474 0.7109247419991015
355.005005005005 0.7136055437061962
355.25525525525524 0.7162815017791854
355.5055055055055 0.7189524861249771
355.75575575575573 0.7216183664760669
356.00600600600603 0.724279012400784
356.2562562562563 0.7269342933135922
356.5065065065065 0.7295840784854498
356.7567567567568 0.7322282370542166
357.007007007007 0.7348666380351163
357.25725725725727 0.7374991503312488
357.5075075075075 0.7401256427441526
357.75775775775776 0.7427459839844153
358.008008008008 0.7453600426823317
358.25825825825825 0.7479676873986085
358.5085085085085 0.7505687866351133
358.75875875875874 0.7531632088456681
359.009009009009 0.7557508224468854
359.25925925925924 0.7583314958290455
359.5095095095095 0.7609050973670141
359.75975975975973 0.7634714954311991
360.01001001001003 0.7660305583985456
360.2602602602603 0.7685821546635645
360.5105105105105 0.7711261526494023
360.7607607607608 0.7736624208189389
361.011011011011 0.7761908276859206
361.26126126126127 0.7787112418261256
361.5115115115115 0.7812235318885572
361.76176176176176 0.7837275666066676
362.012012012012 0.7862232148096089
362.26226226226225 0.7887103454335092
362.5125125125125 0.7911888275327751
362.76276276276275 0.7936585302914168
363.013013013013 0.7961193230343951
363.26326326326324 0.7985710752389903
363.5135135135135 0.8010136565461894
363.7637637637638 0.8034469367720926
364.01401401401404 0.8058707859193329
364.2642642642643 0.8082850741885186
364.51451451451453 0.8106896719896812
364.7647647647648 0.8130844499537415
365.015015015015 0.8154692789439837
365.26526526526527 0.8178440300675416
365.5155155155155 0.8202085746868913
365.76576576576576 0.8225627844313523
366.016016016016 0.8249065312085924
366.26626626626626 0.8272396872161377
366.5165165165165 0.8295621249528857
366.76676676676675 0.8318737172306183
367.017017017017 0.8341743371855155
367.26726726726724 0.8364638582896672
367.5175175175175 0.838742154362581
367.7677677677678 0.8410090995826878
368.01801801801804 0.8432645684988362
368.2682682682683 0.8455084360417877
368.51851851851853 0.8477405775356943
368.7687687687688 0.8499608687095708
369.019019019019 0.8521691857087537
369.2692692692693 0.8543654051063471
369.5195195195195 0.8565494039146528
369.76976976976977 0.8587210595965853
370.02002002002 0.8608802500770687
370.27027027027026 0.8630268537544132
370.5205205205205 0.8651607495116728
370.77077077077075 0.867281816727979
371.021021021021 0.8693899352898516
371.2712712712713 0.8714849856024854
371.52152152152155 0.8735668486010066
371.7717717717718 0.8756354057617063
372.02202202202204 0.8776905391132404
372.2722722722723 0.8797321312477996
372.52252252252254 0.8817600653322474
372.7727727727728 0.8837742251192233
373.02302302302303 0.8857744949582109
373.2732732732733 0.8877607598065692
373.5235235235235 0.8897329052405246
373.77377377377377 0.8916908174661242
374.024024024024 0.8936343833301472
374.27427427427426 0.8955634903309729
374.5245245245245 0.8974780266294051
374.77477477477476 0.8993778810594513
375.025025025025 0.9012629431390528
375.27527527527525 0.9031331030807684
375.52552552552555 0.9049882518024073
375.7757757757758 0.9068282809376079
376.02602602602605 0.9086530828463693
376.2762762762763 0.9104625506255226
376.52652652652654 0.9122565781191501
376.7767767767768 0.9140350599289456
377.02702702702703 0.9157978914245167
377.2772772772773 0.9175449687536267
377.5275275275275 0.9192761888523755
377.77777777777777 0.9209914494553175
378.028028028028 0.922690649105515
378.27827827827826 0.9243736871645263
378.5285285285285 0.9260404638223267
378.77877877877876 0.9276908801071615
379.02902902902906 0.9293248378953288
379.2792792792793 0.9309422399208904
379.52952952952955 0.9325429897853135
379.7797797797798 0.934126991967035
380.03003003003005 0.9356941518309522
380.2802802802803 0.937244375637838
380.53053053053054 0.9387775705536768
380.7807807807808 0.9402936446589227
381.03103103103103 0.9417925069576762
381.2812812812813 0.9432740673867811
381.5315315315315 0.9447382368248362
381.7817817817818 0.9461849271011252
382.032032032032 0.9476140510044602
382.28228228228227 0.9490255222919375
382.5325325325325 0.9504192556976083
382.78278278278276 0.9517951669410578
383.033033033033 0.9531531727358951
383.2832832832833 0.9544931907981521
383.53353353353356 0.9558151398545881
383.7837837837838 0.9571189396509036
384.03403403403405 0.9584045109598556
384.2842842842843 0.9596717755892792
384.53453453453454 0.9609206563900113
384.7847847847848 0.9621510772637156
385.03503503503504 0.9633629631706083
385.2852852852853 0.9645562401370837
385.53553553553553 0.9657308352632373
385.7857857857858 0.9668866767302865
386.036036036036 0.968023693807888
386.28628628628627 0.9691418168613498
386.5365365365365 0.970240977358737
386.7867867867868 0.9713211078778725
387.03703703703707 0.9723821421132263
387.2872872872873 0.9734240148827001
387.53753753753756 0.9744466621342998
387.7877877877878 0.9754500209526964
388.03803803803805 0.9764340295656774
388.2882882882883 0.9773986273504839
388.53853853853855 0.9783437548400344
388.7887887887888 0.9792693537290355
389.03903903903904 0.9801753668799739
389.2892892892893 0.981061738328997
389.53953953953953 0.9819284132916719
389.7897897897898 0.9827753381686292
390.04004004004 0.9836024605510878
390.2902902902903 0.9844097292262584
390.5405405405405 0.9851970941826298
390.79079079079077 0.9859645066151308
391.04104104104107 0.9867119189301734
391.2912912912913 0.9874392847505709
391.54154154154156 0.9881465589203343
391.7917917917918 0.9888336975093448
392.04204204204206 0.9895006578179008
392.2922922922923 0.9901473983811401
392.54254254254255 0.9907738789733367
392.7927927927928 0.9913800606120697
393.04304304304304 0.9919659055622673
393.2932932932933 0.9925313773401205
393.54354354354354 0.9930764407168706
393.7937937937938 0.9936010617224665
394.044044044044 0.9941052076490938
394.2942942942943 0.9945888470545726
394.5445445445446 0.9950519497656267
394.7947947947948 0.9954944868810198
395.0450450450451 0.9959164307745629
395.2952952952953 0.9963177550979875
395.54554554554556 0.9966984347836885
395.7957957957958 0.9970584460473336
396.04604604604606 0.99739776639034
396.2962962962963 0.9977163746022172
396.54654654654655 0.9980142507627782
396.7967967967968 0.9982913762442134
397.04704704704704 0.9985477337130335
397.2972972972973 0.9987833071318759
397.54754754754754 0.9989980817611771
397.7977977977978 0.999192044160709
398.04804804804803 0.999365182190982
398.2982982982983 0.9995174850145098
398.5485485485485 0.9996489430969415
398.7987987987988 0.9997595482080553
399.0490490490491 0.9998492934226179
399.2992992992993 0.9999181731211065
399.54954954954957 0.9999661829902965
399.7997997997998 0.9999933200237106
400.05005005005006 0.9999995825219328
400.3003003003003 0.9999849700927863
400.55055055055055 0.9999494836513744
400.8008008008008 0.9998931254199841
401.05105105105105 0.9998158989278555
401.3013013013013 0.9997178090108128
401.55155155155154 0.9995988618107596
401.8018018018018 0.9994590647750388
402.05205205205203 0.999298426655654
402.30230230230234 0.999116957508358
402.5525525525526 0.9989146686916033
402.80280280280283 0.998691572865356
403.0530530530531 0.9984476839897776
403.3033033033033 0.9981830173237671
403.55355355355357 0.9978975894233715
403.8038038038038 0.997591418140059
404.05405405405406 0.9972645226188586
404.3043043043043 0.9969169232963647
404.55455455455456 0.9965486418986084
404.8048048048048 0.9961597014387938
405.05505505505505 0.995750126214902
405.3053053053053 0.9953199418071608
405.55555555555554 0.9948691750753824
405.8058058058058 0.9943978541561688
406.05605605605604 0.9939060084599842
406.3063063063063 0.9933936686680972
406.5565565565566 0.9928608667293909
406.80680680680683 0.9923076358570427
407.0570570570571 0.9917340105250743
407.3073073073073 0.9911400264647705
407.5575575575576 0.9905257206609717
407.8078078078078 0.9898911313482345
408.05805805805807 0.9892362980068671
408.3083083083083 0.9885612613588353
408.55855855855856 0.9878660633635425
408.8088088088088 0.9871507472134834
409.05905905905905 0.9864153573297717
409.3093093093093 0.9856599393575435
409.55955955955955 0.9848845401612355
409.8098098098098 0.9840892078197406
410.0600600600601 0.9832739916214392
410.31031031031034 0.9824389420591103
410.5605605605606 0.981584110824719
410.81081081081084 0.9807095508040845
411.0610610610611 0.9798153160714281
411.31131131131133 0.9789014618838021
411.5615615615616 0.9779680446753997
411.8118118118118 0.977015122051748
412.06206206206207 0.9760427527837842
412.3123123123123 0.9750509968018161
412.56256256256256 0.9740399151893671
412.8128128128128 0.9730095701769078
413.06306306306305 0.9719600251354744
413.3133133133133 0.9708913445701742
413.56356356356355 0.9698035941135801
413.8138138138138 0.9686968405190155
414.06406406406404 0.9675711516537288
414.3143143143143 0.9664265964919598
414.5645645645646 0.9652632451078988
414.81481481481484 0.96408116866854
415.0650650650651 0.9628804394264275
415.31531531531533 0.961661130712299
415.5655655655656 0.9604233169276257
415.8158158158158 0.9591670735370492
416.06606606606607 0.9578924770607182
416.3163163163163 0.9565996050665246
416.56656656656656 0.9552885361622414
416.8168168168168 0.9539593499875612
417.06706706706706 0.9526121272060403
417.3173173173173 0.951246949496945
417.5675675675676 0.9498638995470055
417.81781781781785 0.9484630610420755
418.0680680680681 0.9470445186586995
418.31831831831835 0.9456083580555908
418.5685685685686 0.9441546658650177
418.81881881881884 0.9426835296841036
419.0690690690691 0.9411950380660388
419.31931931931933 0.939689280511206
419.5695695695696 0.9381663474582225
419.8198198198198 0.9366263302748972
420.0700700700701 0.9350693212491078
420.3203203203203 0.933495413579595
420.57057057057057 0.9319047013666787
420.8208208208208 0.930297279602895
421.07107107107106 0.9286732441635576
421.3213213213213 0.9270326917972419
421.57157157157155 0.9253757201161962
421.8218218218218 0.9237024275866805
422.07207207207205 0.9220129135192313
422.32232232232235 0.9203072780588595
422.5725725725726 0.9185856221751778
422.82282282282284 0.9168480476524601
423.0730730730731 0.9150946570796361
423.32332332332334 0.9133255538402214
423.5735735735736 0.9115408421021833
423.82382382382383 0.9097406268077465
424.0740740740741 0.9079250136631362
424.3243243243243 0.9060941091282646
424.57457457457457 0.9042480204063585
424.8248248248248 0.9023868554335316
425.07507507507506 0.900510722868301
425.32532532532537 0.8986197320810524
425.5755755755756 0.8967139931434533
425.82582582582586 0.894793616817814
426.0760760760761 0.8928587145464018
426.32632632632635 0.8909093984407082
426.5765765765766 0.8889457812706691
426.82682682682685 0.8869679764538417
427.0770770770771 0.8849760980445385
427.32732732732734 0.8829702607229188
427.5775775775776 0.8809505797840437
427.82782782782783 0.8789171711268879
428.0780780780781 0.8768701512433208
428.3283283283283 0.8748096372070469
428.5785785785786 0.8727357466625159
428.8288288288288 0.8706485978137998
429.07907907907907 0.8685483094134394
429.3293293293293 0.8664350007512617
429.57957957957956 0.8643087916431691
429.8298298298298 0.8621698024199049
430.08008008008005 0.8600181539157916
430.33033033033036 0.857853967457448
430.5805805805806 0.8556773648524858
430.83083083083085 0.8534884683781833
431.0810810810811 0.8512874007701443
431.33133133133134 0.8490742852109392
431.5815815815816 0.84684924531873
431.83183183183183 0.8446124051358839
432.0820820820821 0.8423638891175731
432.3323323323323 0.8401038221203652
432.5825825825826 0.8378323293908051
432.8328328328328 0.835549536553989
433.0830830830831 0.8332555696021327
433.33333333333337 0.8309505548831385
433.5835835835836 0.8286346190891547
433.83383383383386 0.8263078892451388
434.0840840840841 0.8239704926974195
434.33433433433436 0.8216225571022614
434.5845845845846 0.8192642104144332
434.83483483483485 0.8168955808757825
435.0850850850851 0.8145167970038165
435.33533533533534 0.8121279875802918
435.5855855855856 0.8097292816398153
435.83583583583584 0.8073208084584559
436.0860860860861 0.80490269754237
436.33633633633633 0.802475078616443
436.5865865865866 0.8000380816129463
436.8368368368368 0.797591836660213
437.08708708708707 0.7951364740713341
437.3373373373373 0.7926721243328755
437.58758758758756 0.7901989180936181
437.8378378378378 0.7877169861533233
438.0880880880881 0.7852264594515243
438.33833833833836 0.7827274690563463
438.5885885885886 0.780220146153354
438.83883883883885 0.7777046220344325
439.0890890890891 0.7751810280867004
439.33933933933935 0.7726494957814569
439.5895895895896 0.770110156663165
439.83983983983984 0.7675631423384729
440.0900900900901 0.7650085844652738
440.34034034034033 0.7624466147418072
440.5905905905906 0.7598773648958027
440.8408408408409 0.7573009666736664
441.09109109109113 0.7547175518297174
441.3413413413414 0.7521272521154649
441.5915915915916 0.74953019926894
441.84184184184187 0.7469265250040761
442.0920920920921 0.7443163610001406
442.34234234234236 0.7416998388912233
442.5925925925926 0.7390770902557762
442.84284284284286 0.7364482466062142
443.0930930930931 0.7338134393785728
443.34334334334335 0.731172799922227
443.5935935935936 0.7285264594896708
443.84384384384384 0.7258745492263625
444.0940940940941 0.7232172001606344
444.34434434434434 0.7205545431936689
444.5945945945946 0.7178867090895447
444.84484484484483 0.7152138284653519
445.0950950950951 0.7125360317813808
445.3453453453453 0.7098534493313825
445.59559559559557 0.7071662112329066
445.8458458458459 0.7044744474177134
446.0960960960961 0.7017782876222705
446.34634634634637 0.6990778613783208
446.5965965965966 0.6963732980035411
446.84684684684686 0.6936647265922795
447.0970970970971 0.69095227600638
447.34734734734735 0.6882360748660941
447.5975975975976 0.6855162515410809
447.84784784784785 0.6827929341414979
448.0980980980981 0.6800662505091837
448.34834834834834 0.6773363282089359
448.59859859859864 0.6746032945198819
448.8488488488489 0.6718672764269528
449.09909909909913 0.6691284006124473
449.3493493493494 0.6663867934477052
449.5995995995996 0.6636425809848793
449.8498498498499 0.6608958889488111
450.1001001001001 0.6581468427290149
450.35035035035037 0.6553955673717673
450.6006006006006 0.6526421875723082
450.85085085085086 0.6498868276671511
451.1011011011011 0.6471296116265082
451.35135135135135 0.644370663046829
451.6016016016016 0.6416101051434558
451.85185185185185 0.6388480607433977
452.1021021021021 0.6360846522782243
452.35235235235234 0.6333200017770811
452.6026026026026 0.6305542308598286
452.85285285285283 0.6277874607303071
453.1031031031031 0.6250198121697276
453.3533533533533 0.6222514055301926
453.60360360360363 0.6194823607283462
453.8538538538539 0.6167127972391591
454.1041041041041 0.6139428340898437
454.35435435435437 0.6111725898539087
454.6046046046046 0.6084021826453498
454.85485485485486 0.6056317301129804
455.1051051051051 0.6028613494349027
455.35535535535536 0.6000911573131217
455.6056056056056 0.5973212699683055
455.85585585585585 0.5945518031346902
456.1061061061061 0.5917828720551338
456.3563563563564 0.5890145914763184
456.60660660660665 0.5862470756441096
456.8568568568569 0.5834804382990595
457.10710710710714 0.5807147926720739
457.3573573573574 0.5779502514802322
457.60760760760763 0.5751869269227651
457.8578578578579 0.5724249306771944
458.1081081081081 0.5696643738956332
458.3583583583584 0.5669053672012498
458.6086086086086 0.5641480206848972
458.85885885885887 0.5613924439019078
459.1091091091091 0.558638745869058
459.35935935935936 0.5558870350617016
459.6096096096096 0.5531374194110745
459.85985985985985 0.5503900063017723
460.1101101101101 0.5476449025694031
460.36036036036035 0.5449022144984139
460.6106106106106 0.5421620478200977
460.86086086086084 0.5394245077107748
461.1111111111111 0.5366896987901586
461.3613613613614 0.5339577251198987
461.61161161161164 0.5312286902023117
461.8618618618619 0.5285026969792881
462.11211211211213 0.5257798478313928
462.3623623623624 0.5230602445771461
462.6126126126126 0.5203439884724951
462.86286286286287 0.5176311802104716
463.1131131131131 0.5149219199210405
463.36336336336336 0.5122163071711398
463.6136136136136 0.5095144409649088
463.86386386386386 0.5068164197441121
464.11411411411416 0.5041223413887536
464.3643643643644 0.5014323032178885
464.61461461461465 0.49874640199062276
464.8648648648649 0.4960647339073149
465.11511511511515 0.49338739461096887
465.3653653653654 0.49071447918882444
465.61561561561564 0.488046082174143
465.8658658658659 0.4853822975481914
466.11611611611613 0.4827232187424209
466.3663663663664 0.48006893864084393
466.6166166166166 0.4774195495826076
466.86686686686687 0.4747751433647633
467.1171171171171 0.47213581124523396
467.36736736736736 0.46950164394597627
467.6176176176176 0.4668727316563403
467.86786786786786 0.4642491640366223
468.1181181181181 0.46163103022181406
468.36836836836835 0.4590184188255451
468.6186186186186 0.45641141794421836
468.86886886886884 0.45381011516133746
469.11911911911915 0.4512145975520244
469.3693693693694 0.4486249516877298
469.61961961961964 0.44604126364112506
469.8698698698699 0.44346361899118747
470.12012012012013 0.4408921028284668
470.3703703703704 0.4383267997605354
470.6206206206206 0.43576779391762
470.8708708708709 0.43321516895841067
471.1211211211211 0.4306690080760483
471.37137137137137 0.4281293940042841
471.6216216216216 0.42559640902381163
471.8718718718719 0.4230701349687655
472.12212212212216 0.42055065323338936
472.3723723723724 0.41803804477885953
472.62262262262266 0.41553239014027277
472.8728728728729 0.4130337694337874
473.12312312312315 0.4105422623639147
473.3733733733734 0.4080579482309589
473.62362362362364 0.40558090593859947
473.8738738738739 0.40311121400161193
474.12412412412414 0.4006489505537232
474.3743743743744 0.3981941933555959
474.62462462462463 0.39574701980293653
474.8748748748749 0.39330750693472244
475.1251251251251 0.39087573144154264
475.37537537537537 0.38845176967404577
475.6256256256256 0.3860356976514893
475.87587587587586 0.3836275910703857
476.1261261261261 0.3812275253132352
476.37637637637636 0.3788355754573435
476.6266266266266 0.37645181628371266
476.8768768768769 0.3740763222860015
477.12712712712715 0.37170916767954865
477.3773773773774 0.3693504264104431
477.62762762762765 0.3670001721646467
477.8778778778779 0.3646584783771502
478.12812812812814 0.3623254182411593
478.3783783783784 0.3600010647172999
478.62862862862863 0.3576854905428361
478.8788788788789 0.3553787682408891
479.1291291291292 0.3530809701296489
479.37937937937943 0.3507921683315718
479.6296296296297 0.3485124347825456
479.8798798798799 0.3462418412410229
480.13013013013017 0.34398045929710525
480.3803803803804 0.3417283603815688
480.63063063063066 0.3394856157748215
480.8808808808809 0.3372522966157806
481.13113113113116 0.3350284739106575
481.3813813813814 0.33281421854164106
481.63163163163165 0.33060960127546485
481.8818818818819 0.32841469277184726
482.13213213213214 0.326229563591793
482.3823823823824 0.3240542842057418
482.63263263263264 0.32188892500155264
482.8828828828829 0.31973355629231043
483.13313313313313 0.317588248323941
483.3833833833834 0.3154530712826223
483.6336336336336 0.313328095301977
483.88388388388387 0.3112133904700339
484.1341341341341 0.30910902683594227
484.38438438438436 0.30701507441642734
484.6346346346346 0.3049316032019706
484.88488488488485 0.3028586831627008
485.13513513513516 0.30079638425398203
485.3853853853854 0.2987447764216838
485.63563563563565 0.296703929607115
485.8858858858859 0.294673913751612
486.13613613613614 0.2926547988007625
486.3863863863864 0.2906466547082491
486.63663663663664 0.28864955143929955
486.88688688688694 0.28666355897372564
487.1371371371372 0.2846887473085404
487.38738738738743 0.28272518646012723
487.6376376376377 0.28077294646595913
487.8878878878879 0.2788320973858418
488.1381381381382 0.27690270930266964
488.3883883883884 0.2749848523226775
488.63863863863867 0.2730785965751737
488.8888888888889 0.2711840122117371
489.13913913913916 0.26930116940486387
489.3893893893894 0.26743013834604795
489.63963963963965 0.2655709892432798
489.8898898898899 0.26372379231794874
490.14014014014015 0.2618886178011317
490.3903903903904 0.2600655359292565
490.64064064064064 0.2582546169391213
490.8908908908909 0.2564559310622581
491.14114114114113 0.25466954851862444
491.3913913913914 0.2528955395096094
491.6416416416416 0.2511339742103394
491.8918918918919 0.2493849227612703
492.1421421421421 0.24764845525905288
492.39239239239237 0.24592464174665654
492.6426426426426 0.2442135522027403
492.8928928928929 0.2425152565302574
493.14314314314316 0.24082982454428303
493.3933933933934 0.2391573259590478
493.64364364364366 0.23749783037417432
493.8938938938939 0.2358514072600989
494.14414414414415 0.2342181259426695
494.3943943943944 0.23259805558691196
494.6446446446447 0.23099126517995205
494.89489489489495 0.22939782351308766
495.1451451451452 0.22781779916299766
495.39539539539544 0.22625126047208502
495.6456456456457 0.22469827552794353
495.89589589589593 0.22315891214194222
496.1461461461462 0.22163323782692138
496.3963963963964 0.22012131977399496
496.6466466466467 0.2186232248284548
496.8968968968969 0.2171390194647718
497.14714714714717 0.21566876976069202
497.3973973973974 0.21421254137042445
497.64764764764766 0.2127703994969186
497.8978978978979 0.2113424088632315
498.14814814814815 0.209928633682984
498.3983983983984 0.20852913762990652
498.64864864864865 0.2071439838064762
498.8988988988989 0.2057732347116487
499.14914914914914 0.20441695220768621
499.3993993993994 0.20307519748608835
499.64964964964963 0.20174803103262923
499.8998998998999 0.200435512591508
500.1501501501501 0.19913770112861967
500.4004004004004 0.19785465479395514
500.6506506506507 0.1965864308831379
500.9009009009009 0.19533308579811118
501.15115115115117 0.19409467500698122
501.4014014014014 0.19287125300303518
501.65165165165166 0.1916628732629435
501.9019019019019 0.19046958820416163
502.15215215215215 0.18929144914154772
502.40240240240246 0.18812850624321165
502.6526526526527 0.18698080848561624
502.90290290290295 0.185848403607944
503.1531531531532 0.18473133806575598
503.40340340340344 0.18362965698395978
503.6536536536537 0.18254340410911027
503.90390390390394 0.18147262176106674
504.1541541541542 0.180417350784031
504.40440440440443 0.17937763049699224
504.6546546546547 0.17835349864360583
504.9049049049049 0.1773449913415338
505.15515515515517 0.17635214303127694
505.4054054054054 0.17537498642452798
505.65565565565566 0.1744135524520787
505.9059059059059 0.1734678702113125
506.15615615615616 0.17253796691331708
506.4064064064064 0.1716238678296516
506.65665665665665 0.17072559623880468
506.9069069069069 0.1698431733723808
507.15715715715714 0.16897661836105202
507.4074074074074 0.1681259481803161
507.65765765765764 0.16729117759609965
507.9079079079079 0.16647231911024896
508.15815815815813 0.16566938290595
508.40840840840843 0.16488237679312148
508.6586586586587 0.16411130615382574
508.9089089089089 0.16335617388774004
509.1591591591592 0.16261698035773922
509.4094094094094 0.16189372333563176
509.65965965965967 0.16118639794810075
509.9099099099099 0.16049499662289657
510.16016016016016 0.15981950903533107
510.41041041041046 0.15915992205512447
510.6606606606607 0.158516219693655
510.91091091091096 0.15788838305166264
511.1611611611612 0.15727639026746032
511.41141141141145 0.15668021646570535
511.6616616616617 0.1560998337067831
511.91191191191194 0.15553521093685901
512.1621621621622 0.1549863139386513
512.4124124124124 0.15445310528298137
512.6626626626627 0.1539355442811546
512.9129129129129 0.15343358693822998
513.1631631631632 0.15294718590723153
513.4134134134134 0.15247629044436017
513.6636636636637 0.1520208463652602
513.9139139139139 0.151580796002398
514.1641641641642 0.1511560781636087
514.4144144144144 0.15074662809186778
514.6646646646647 0.1503523774263436
514.9149149149149 0.14997325416478663
515.1651651651651 0.14960918262731307
515.4154154154154 0.14926008342163619
515.6656656656656 0.14892587340980395
515.9159159159159 0.14860646567649521
516.1661661661662 0.1483017694989312
516.4164164164165 0.1480116903184565
516.6666666666667 0.14773612971384137
516.916916916917 0.1474749853763614
517.1671671671672 0.14722815108670467
517.4174174174175 0.14699551669375974
517.6676676676677 0.14677696809533392
517.917917917918 0.1465723872208533
518.1681681681682 0.146381652016093
518.4184184184185 0.1462046364299854
518.6686686686687 0.1460412104035546
518.918918918919 0.1458912398610218
519.1691691691692 0.14575458670312708
519.4194194194195 0.14563110880271113
519.6696696696697 0.1455206600025987
519.91991991992 0.14542309011582455
520.1701701701702 0.1453382449282421
520.4204204204204 0.14526596620355126
520.6706706706707 0.14520609169078286
520.9209209209209 0.1451584551342738
521.1711711711712 0.14512288628616565
521.4214214214214 0.1450992109214585
521.6716716716717 0.14508725085564866
521.9219219219219 0.14508682396497843
522.1721721721722 0.14509774420932314
522.4224224224224 0.1451198216577389
522.6726726726727 0.14515286251669285
522.9229229229229 0.14519666916099566
523.1731731731732 0.14525104016745316
523.4234234234234 0.14531577035125223
523.6736736736736 0.14539065080509467
523.9239239239239 0.1454754689410887
524.1741741741741 0.1455700085354073
524.4244244244244 0.14567404977571896
524.6746746746746 0.1457873693113948
524.9249249249249 0.1459097403064927
525.1751751751751 0.14604093249551822
525.4254254254254 0.14618071224195753
525.6756756756756 0.14632884259957668
525.925925925926 0.14648508337647867
526.1761761761762 0.14664919120190584
526.4264264264265 0.1468209195957758
526.6766766766767 0.14700001904093177
526.926926926927 0.14718623705809042
527.1771771771772 0.14737931828346373
527.4274274274275 0.14757900454903228
527.6776776776777 0.14778503496544082
527.927927927928 0.1479971460074883
528.1781781781782 0.14821507160217903
528.4284284284284 0.14843854321929983
528.6786786786787 0.14866728996448647
528.9289289289289 0.14890103867473792
529.1791791791792 0.1491395140163369
529.4294294294294 0.14938243858512945
529.6796796796797 0.1496295330091174
529.9299299299299 0.14988051605331174
530.1801801801802 0.15013510472679356
530.4304304304304 0.15039301439192837
530.6806806806807 0.15065395887567365
530.9309309309309 0.15091765058292014
531.1811811811812 0.15118380061180364
531.4314314314314 0.15145211887092142
531.6816816816818 0.15172231419838572
531.931931931932 0.1519940944826442
532.1821821821823 0.1522671667849953
532.4324324324325 0.15254123746372333
532.6826826826828 0.1528160122997766
532.932932932933 0.15309119662391107
533.1831831831832 0.15336649544521705
533.4334334334335 0.15364161358094727
533.6836836836837 0.15391625578756143
533.933933933934 0.15419012689290099
534.1841841841842 0.15446293192940522
534.4344344344345 0.15473437626827974
534.6846846846847 0.15500416575452566
534.934934934935 0.1552720068427354
535.1851851851852 0.15553760673356257
535.4354354354355 0.1558006735107686
535.6856856856857 0.15606091627874957
535.935935935936 0.1563180453004454
536.1861861861862 0.15657177213553133
536.4364364364365 0.156821809778792
536.6866866866867 0.1570678727985765
536.936936936937 0.15730967747523267
537.1871871871872 0.15754694193941735
537.4374374374374 0.1577793863101803
537.6876876876877 0.158006732832716
537.9379379379379 0.15822870601568165
538.1881881881882 0.158445032767974
538.4384384384384 0.1586554425348623
538.6886886886887 0.1588596674333714
538.9389389389389 0.1590574423868102
539.1891891891892 0.1592485052583409
539.4394394394394 0.15943259698348422
539.6896896896897 0.15960946170145618
539.9399399399399 0.15977884688523314
540.1901901901902 0.1599405034702409
540.4404404404404 0.16009418598156583
540.6906906906906 0.16023965265958592
540.9409409409409 0.16037666558392039
541.1911911911911 0.1605049907955982
541.4414414414415 0.16062439841734563
541.6916916916917 0.16073466277189585
541.941941941942 0.16083556249822328
542.1921921921922 0.16092688066560754
542.4424424424425 0.16100840488543341
542.6926926926927 0.1610799274206342
542.942942942943 0.1611412452926884
543.1931931931932 0.16119216038608056
543.4434434434435 0.16123247955013936
543.6936936936937 0.1612620146981685
543.943943943944 0.16128058290378675
544.1941941941942 0.16128800649439684
544.4444444444445 0.16128411314170485
544.6946946946947 0.16126873594921332
544.944944944945 0.1612417135366149
545.1951951951952 0.16120289012101488
545.4454454454454 0.16115211559491383
545.6956956956957 0.1610892456008844
545.9459459459459 0.16101414160287897
546.1961961961962 0.16092667095410718
546.4464464464464 0.160826706961426
546.6966966966967 0.16071412894618728
546.9469469469469 0.1605888223014907
547.1971971971973 0.16045067854579378
547.4474474474475 0.16029959537283317
547.6976976976978 0.16013547669781353
547.947947947948 0.15995823269982654
548.1981981981983 0.15976777986046214
548.4484484484485 0.1595640409985797
548.6986986986988 0.15934694530121
548.948948948949 0.15911642835056075
549.1991991991993 0.15887243214710384
549.4494494494495 0.15861490512872398
549.6996996996997 0.15834380218591337
549.94994994995 0.15805908467299903
550.2002002002002 0.1577607204153945
550.4504504504505 0.15744868371286927
550.7007007007007 0.15712295533883475
550.950950950951 0.15678352253564706
551.2012012012012 0.15643037900593176
551.4514514514515 0.1560635248999392
551.7017017017017 0.15568296679894109
551.951951951952 0.15528871769468428
552.2022022022022 0.1548807969649199
552.4524524524525 0.15445923034502998
552.7027027027027 0.15402404989577628
552.952952952953 0.15357529396720104
553.2032032032032 0.15311300715871068
553.4534534534534 0.15263724027537817
553.7037037037037 0.15214805028050266
553.9539539539539 0.15164550024446785
554.2042042042042 0.15112965928994435
554.4544544544544 0.15060060253348342
554.7047047047047 0.15005841102355408
554.9549549549549 0.1495031716750767
555.2052052052052 0.14893497720051083
555.4554554554554 0.1483539260375563
555.7057057057057 0.14776012227353152
555.9559559559559 0.14715367556649306
556.2062062062062 0.1465347010631653
556.4564564564564 0.14590331931375117
556.7067067067067 0.14525965618369613
556.956956956957 0.14460384276248187
557.2072072072073 0.14393601526952865
557.4574574574575 0.1432563149572825
557.7077077077078 0.1425648880115757
557.957957957958 0.14186188544934022
558.2082082082082 0.1411474630137627
558.4584584584585 0.14042178106696923
558.7087087087087 0.13968500448032983
558.958958958959 0.1389373025224746
559.2092092092092 0.13817884874511555
559.4594594594595 0.1374098208667685
559.7097097097097 0.13663040065447202
559.95995995996 0.13584077380360104
560.2102102102102 0.13504112981587396
560.4604604604605 0.13423166187565386
560.7107107107107 0.133412566724644
560.960960960961 0.1325840445350806
561.2112112112112 0.13174629878152505
561.4614614614615 0.130899536111359
561.7117117117117 0.13004396621408637
561.961961961962 0.12917980168954743
562.2122122122122 0.12830725791514835
562.4624624624624 0.1274265529122127
562.7127127127128 0.12653790721155894
562.962962962963 0.1256415437184119
563.2132132132133 0.1247376875767472
563.4634634634635 0.12382656603318166
563.7137137137138 0.12290840830050881
563.963963963964 0.12198344542098567
564.2142142142143 0.12105191012947485
564.4644644644645 0.12011403671654484
564.7147147147148 0.11917006089163153
564.964964964965 0.11822021964636231
565.2152152152153 0.11726475111814426
565.4654654654655 0.11630389445411603
565.7157157157158 0.11533788967556273
565.965965965966 0.11436697754289114
566.2162162162163 0.11339139942126239
566.4664664664665 0.11241139714697686
566.7167167167167 0.11142721289470535
566.966966966967 0.11043908904565902
567.2172172172172 0.10944726805678832
567.4674674674675 0.1084519923311007
567.7177177177177 0.10745350408918397
567.967967967968 0.10645204524202115
568.2182182182182 0.10544785726518044
568.4684684684685 0.1044411810744621
568.7187187187187 0.10343225690308218
568.968968968969 0.10242132418047051
569.2192192192192 0.10140862141275873
569.4694694694695 0.10039438606503204
569.7197197197197 0.09937885444541526
569.96996996997 0.09836226159106279
570.2202202202202 0.09734484115611856
570.4704704704704 0.09632682530171047
570.7207207207207 0.09530844458804096
570.9709709709709 0.09428992786863334
571.2212212212212 0.09327150218679038
571.4714714714714 0.09225339267431991
571.7217217217217 0.09123582245257895
571.9719719719719 0.09021901253588586
572.2222222222222 0.08920318173734708
572.4724724724725 0.08818854657714195
572.7227227227228 0.08717532119331019
572.972972972973 0.08616371725507321
573.2232232232233 0.08515394387873569
573.4734734734735 0.08414620754619286
573.7237237237238 0.08314071202607795
573.973973973974 0.0821376582975771
574.2242242242243 0.0811372444769375
574.4744744744745 0.08013966574669143
574.7247247247248 0.07914511428761663
574.974974974975 0.07815377921345053
575.2252252252252 0.07716584650837337
575.4754754754755 0.07618149896727255
575.7257257257257 0.07520091613879826
575.975975975976 0.07422427427121726
576.2262262262262 0.07325174626107006
576.4764764764765 0.07228350160463316
576.7267267267267 0.07131970635218672
576.976976976977 0.0703605230650845
577.2272272272272 0.06940611077562116
577.4774774774775 0.06845662494968963
577.7277277277277 0.06751221745221832
577.977977977978 0.06657303651537665
578.2282282282283 0.06563922670953361
578.4784784784786 0.06471092891695589
578.7287287287288 0.06378828030821991
578.9789789789791 0.06287141432132604
579.2292292292293 0.06196046064348545
579.4794794794796 0.06105554519555734
579.7297297297298 0.06015679011910931
579.97997997998 0.05926431376607224
580.2302302302303 0.05837823069095902
580.4804804804805 0.05749865164561479
580.7307307307308 0.056625683576464816
580.980980980981 0.05575942962422397
581.2312312312313 0.05489998912603078
581.4814814814815 0.05404745761996694
581.7317317317318 0.053201926851922016
581.981981981982 0.052363484784761646
582.2322322322323 0.05153221560975596
582.4824824824825 0.05070819976022379
582.7327327327328 0.049891513927347184
582.982982982983 0.04908223107810924
583.2332332332332 0.04828042047530737
583.4834834834835 0.04748614769959311
583.7337337337337 0.046699474673488665
583.983983983984 0.04592045968732889
584.2342342342342 0.04514915742707782
584.4844844844845 0.044385619003966634
584.7347347347347 0.043629891985900386
584.984984984985 0.042882020430579385
585.2352352352352 0.042142044920281264
585.4854854854855 0.041410002598248515
585.7357357357357 0.04068592720662644
585.985985985986 0.03996984912589572
586.2362362362362 0.039261795415743525
586.4864864864865 0.038561789857317154
586.7367367367367 0.03786985299680324
586.986986986987 0.03718600219027656
587.2372372372372 0.03651025164976101
587.4874874874874 0.03584261249044661
587.7377377377377 0.035183092779005554
587.987987987988 0.03453169758295037
588.2382382382383 0.03388842902097965
588.4884884884885 0.03325328631425049
588.7387387387388 0.032626265838527534
588.988988988989 0.03200736117714862
589.2392392392393 0.03139656317475321
589.4894894894895 0.03079385999171834
589.7397397397398 0.03019923715924768
589.98998998999 0.029612677635059547
590.2402402402403 0.029034161859620326
590.4904904904905 0.02846366781287038
590.7407407407408 0.02790117107139018
590.990990990991 0.0273466448659548
591.2412412412413 0.026800060139426034
591.4914914914915 0.026261385604931638
591.7417417417417 0.02573058780428243
591.991991991992 0.025207631166578412
592.2422422422422 0.024692478066956142
592.4924924924925 0.02418508888543032
592.7427427427427 0.023685422065783574
592.992992992993 0.023193434174459123
593.2432432432432 0.022709079959412255
593.4934934934935 0.02223231240887721
593.7437437437438 0.021763082810007127
593.9939939939941 0.021301340807346837
594.2442442442443 0.020847034461095412
594.4944944944946 0.020400110305123228
594.7447447447448 0.01996051340470243
594.9949949949951 0.019528187413914988
595.2452452452453 0.019103074632702076
595.4954954954956 0.018685116063520232
595.7457457457458 0.01827425146757017
595.995995995996 0.01787041942056601
596.2462462462463 0.017473557368013225
596.4964964964965 0.017083601679965053
596.7467467467468 0.016700487705228226
596.996996996997 0.01632414982498985
597.2472472472473 0.015954521505838676
597.4974974974975 0.015591535352154887
597.7477477477478 0.015235123157843804
597.997997997998 0.014885215957390181
598.2482482482483 0.014541744076210544
598.4984984984985 0.014204637180282509
598.7487487487488 0.013873824325031084
598.998998998999 0.013549234003452777
599.2492492492493 0.01323079419345995
599.4994994994995 0.012918432404428507
599.7497497497498 0.01261207572293338
600.0 0.012311650857657232
