350.0 0.6592406302004438
350.25025025025025 0.6619890481951796
350.5005005005005 0.664735047996607
350.75075075075074 0.6674785046913895
351.001001001001 0.6702192930089386
351.25125125125123 0.6729572873304214
351.5015015015015 0.6756923616978405
351.7517517517517 0.6784243898231881
352.00200200200203 0.6811532450976707
352.2522522522523 0.6838788006010036
352.5025025025025 0.6866009291107803
352.75275275275277 0.6893195031119053
353.003003003003 0.6920343948060982
353.25325325325326 0.6947454761214646
353.5035035035035 0.6974526187221338
353.75375375375376 0.7001556940179609
354.004004004004 0.7028545731742942
354.25425425425425 0.7055491271218067
354.5045045045045 0.7082392265663884
354.75475475475474 0.7109247419991015
355.005005005005 0.7136055437061962
355.25525525525524 0.7162815017791854
355.5055055055055 0.7189524861249771
355.75575575575573 0.7216183664760669
356.00600600600603 0.724279012400784
356.2562562562563 0.7269342933135922
356.5065065065065 0.7295840784854498
356.7567567567568 0.7322282370542166
357.007007007007 0.7348666380351163
357.25725725725727 0.7374991503312488
357.5075075075075 0.7401256427441526
357.75775775775776 0.7427459839844153
358.008008008008 0.7453600426823317
358.25825825825825 0.7479676873986085
358.5085085085085 0.7505687866351134
358.75875875875874 0.7531632088456682
359.009009009009 0.7557508224468855
359.25925925925924 0.7583314958290456
359.5095095095095 0.7609050973670142
359.75975975975973 0.7634714954311992
360.01001001001003 0.7660305583985457
360.2602602602603 0.7685821546635646
360.5105105105105 0.7711261526494024
360.7607607607608 0.773662420818939
361.011011011011 0.7761908276859207
361.26126126126127 0.7787112418261257
361.5115115115115 0.7812235318885574
361.76176176176176 0.7837275666066679
362.012012012012 0.786223214809609
362.26226226226225 0.7887103454335093
362.5125125125125 0.7911888275327752
362.76276276276275 0.793658530291417
363.013013013013 0.7961193230343954
363.26326326326324 0.7985710752389905
363.5135135135135 0.8010136565461896
363.7637637637638 0.8034469367720929
364.01401401401404 0.8058707859193333
364.2642642642643 0.8082850741885189
364.51451451451453 0.8106896719896817
364.7647647647648 0.8130844499537419
365.015015015015 0.8154692789439841
365.26526526526527 0.8178440300675421
365.5155155155155 0.8202085746868919
365.76576576576576 0.822562784431353
366.016016016016 0.8249065312085931
366.26626626626626 0.8272396872161384
366.5165165165165 0.8295621249528865
366.76676676676675 0.8318737172306192
367.017017017017 0.8341743371855165
367.26726726726724 0.8364638582896683
367.5175175175175 0.8387421543625823
367.7677677677678 0.841009099582689
368.01801801801804 0.8432645684988377
368.2682682682683 0.8455084360417894
368.51851851851853 0.847740577535696
368.7687687687688 0.8499608687095725
369.019019019019 0.8521691857087558
369.2692692692693 0.8543654051063493
369.5195195195195 0.8565494039146553
369.76976976976977 0.8587210595965881
370.02002002002 0.8608802500770717
370.27027027027026 0.8630268537544165
370.5205205205205 0.8651607495116763
370.77077077077075 0.8672818167279828
371.021021021021 0.8693899352898559
371.2712712712713 0.8714849856024901
371.52152152152155 0.8735668486010116
371.7717717717718 0.8756354057617118
372.02202202202204 0.8776905391132465
372.2722722722723 0.8797321312478062
372.52252252252254 0.8817600653322546
372.7727727727728 0.8837742251192312
373.02302302302303 0.8857744949582196
373.2732732732733 0.8877607598065786
373.5235235235235 0.8897329052405349
373.77377377377377 0.8916908174661355
374.024024024024 0.8936343833301595
374.27427427427426 0.8955634903309864
374.5245245245245 0.8974780266294198
374.77477477477476 0.8993778810594673
375.025025025025 0.9012629431390702
375.27527527527525 0.9031331030807874
375.52552552552555 0.904988251802428
375.7757757757758 0.9068282809376306
376.02602602602605 0.9086530828463939
376.2762762762763 0.9104625506255495
376.52652652652654 0.9122565781191795
376.7767767767768 0.9140350599289776
377.02702702702703 0.9157978914245517
377.2772772772773 0.9175449687536648
377.5275275275275 0.919276188852417
377.77777777777777 0.9209914494553628
378.028028028028 0.9226906491055644
378.27827827827826 0.9243736871645801
378.5285285285285 0.9260404638223854
378.77877877877876 0.9276908801072254
379.02902902902906 0.9293248378953984
379.2792792792793 0.9309422399209663
379.52952952952955 0.9325429897853961
379.7797797797798 0.9341269919671249
380.03003003003005 0.9356941518310501
380.2802802802803 0.9372443756379446
380.53053053053054 0.9387775705537929
380.7807807807808 0.9402936446590491
381.03103103103103 0.9417925069578137
381.2812812812813 0.9432740673869306
381.5315315315315 0.9447382368249989
381.7817817817818 0.9461849271013023
382.032032032032 0.9476140510046528
382.28228228228227 0.949025522292147
382.5325325325325 0.9504192556978363
382.78278278278276 0.9517951669413056
383.033033033033 0.9531531727361645
383.2832832832833 0.9544931907984449
383.53353353353356 0.9558151398549064
383.7837837837838 0.9571189396512495
384.03403403403405 0.9584045109602314
384.2842842842843 0.9596717755896876
384.53453453453454 0.9609206563904551
384.7847847847848 0.9621510772641977
385.03503503503504 0.9633629631711319
385.2852852852853 0.9645562401376524
385.53553553553553 0.9657308352638547
385.7857857857858 0.9668866767309567
386.036036036036 0.9680236938086157
386.28628628628627 0.9691418168621396
386.5365365365365 0.9702409773595944
386.7867867867868 0.9713211078788028
387.03703703703707 0.9723821421142357
387.2872872872873 0.9734240148837953
387.53753753753756 0.9744466621354878
387.7877877877878 0.975450020953985
388.03803803803805 0.9764340295670748
388.2882882882883 0.9773986273519992
388.53853853853855 0.9783437548416775
388.7887887887888 0.9792693537308166
389.03903903903904 0.9801753668819045
389.2892892892893 0.9810617383310896
389.53953953953953 0.9819284132939395
389.7897897897898 0.9827753381710863
390.04004004004 0.9836024605537499
390.2902902902903 0.9844097292291423
390.5405405405405 0.9851970941857534
390.79079079079077 0.9859645066185136
391.04104104104107 0.9867119189338367
391.2912912912913 0.9874392847545372
391.54154154154156 0.9881465589246283
391.7917917917918 0.988833697513993
392.04204204204206 0.9895006578229317
392.2922922922923 0.9901473983865845
392.54254254254255 0.9907738789792279
392.7927927927928 0.9913800606184436
393.04304304304304 0.9919659055691625
393.2932932932933 0.9925313773475788
393.54354354354354 0.9930764407249368
393.7937937937938 0.9936010617311893
394.044044044044 0.9941052076585253
394.2942942942943 0.9945888470647691
394.5445445445446 0.9950519497766489
394.7947947947948 0.9954944868929331
395.0450450450451 0.9959164307874377
395.2952952952953 0.9963177551118997
395.54554554554556 0.9966984347987197
395.7957957957958 0.997058446063572
396.04604604604606 0.99739776640788
396.2962962962963 0.9977163746211611
396.54654654654655 0.9980142507832357
396.7967967967968 0.9982913762663026
397.04704704704704 0.9985477337368815
397.2972972972973 0.9987833071576198
397.54754754754754 0.9989980817889639
397.7977977977978 0.9991920441906971
398.04804804804803 0.9993651822233417
398.2982982982983 0.9995174850494244
398.5485485485485 0.9996489431346078
398.7987987987988 0.9997595482486854
399.0490490490491 0.9998492934664391
399.2992992992993 0.999918173168364
399.54954954954957 0.9999661830412531
399.7997997997998 0.9999933200786488
400.05005005005006 0.9999995825811565
400.3003003003003 0.9999849701566219
400.55055055055055 0.9999494837201722
400.8008008008008 0.9998931254941207
401.05105105105105 0.9998158990077352
401.3013013013013 0.9997178090968696
401.55155155155154 0.9995988619034597
401.8018018018018 0.9994590648748823
402.05205205205203 0.9992984267631781
402.30230230230234 0.9991169576241391
402.5525525525526 0.9989146688162596
402.80280280280283 0.9986915729995512
403.0530530530531 0.9984476841342235
403.3033033033033 0.9981830174792272
403.55355355355357 0.9978975895906649
403.8038038038038 0.9975914183200636
404.05405405405406 0.9972645228125161
404.3043043043043 0.9969169235046845
404.55455455455456 0.9965486421226726
404.8048048048048 0.9961597016797622
405.05505505505505 0.9957501264740174
405.3053053053053 0.9953199420857548
405.55555555555554 0.994869175374882
405.8058058058058 0.9943978544781022
406.05605605605604 0.9939060088059886
406.3063063063063 0.9933936690399258
406.5565565565566 0.992860867128921
406.80680680680683 0.9923076362862843
407.0570570570571 0.9917340109861791
407.3073073073073 0.9911400269600419
407.5575575575576 0.9905257211928745
407.8078078078078 0.9898911319194068
408.05805805805807 0.9892362986201311
408.3083083083083 0.9885612620172104
408.55855855855856 0.9878660640702586
408.8088088088088 0.9871507479719949
409.05905905905905 0.9864153581437727
409.3093093093093 0.9856599402309839
409.55955955955955 0.9848845410983385
409.8098098098098 0.9840892088250202
410.0600600600601 0.9832739926997204
410.31031031031034 0.9824389432155496
410.5605605605606 0.9815841120648262
410.81081081081084 0.9807095521337463
411.0610610610611 0.9798153174969334
411.31131131131133 0.9789014634118679
411.5615615615616 0.9779680463131997
411.8118118118118 0.9770151238069427
412.06206206206207 0.9760427546645526
412.3123123123123 0.9750509988168897
412.56256256256256 0.9740399173480664
412.8128128128128 0.9730095724891803
413.06306306306305 0.9719600276119351
413.3133133133133 0.9708913472221495
413.56356356356355 0.9698035969531538
413.8138138138138 0.9686968435590771
414.06406406406404 0.9675711549080263
414.3143143143143 0.9664265999751542
414.5645645645646 0.9652632488356231
414.81481481481484 0.9640811726574612
415.0650650650651 0.9628804436943127
415.31531531531533 0.9616611352780856
415.5655655655656 0.9604233218114957
415.8158158158158 0.9591670787605081
416.06606606606607 0.9578924826466789
416.3163163163163 0.9565996110393963
416.56656656656656 0.9552885425480233
416.8168168168168 0.9539593568139433
417.06706706706706 0.9526121345025086
417.3173173173173 0.9512469572948945
417.5675675675676 0.9498639078798587
417.81781781781785 0.9484630699454095
418.0680680680681 0.9470445281703788
418.31831831831835 0.9456083682159095
418.5685685685686 0.9441546767168499
418.81881881881884 0.9426835412730623
419.0690690690691 0.9411950504406442
419.31931931931933 0.9396892937230645
419.5695695695696 0.938166361562215
419.8198198198198 0.9366263453293797
420.0700700700701 0.9350693373161227
420.3203203203203 0.9334954307250956
420.57057057057057 0.9319047196607658
420.8208208208208 0.9302972991200684
421.07107107107106 0.9286732649829813
421.3213213213213 0.927032714003025
421.57157157157155 0.9253757437976896
421.8218218218218 0.923702452838791
422.07207207207205 0.9220129404427541
422.32232232232235 0.9203073067608283
422.5725725725726 0.9185856527692369
422.82282282282284 0.9168480802592552
423.0730730730731 0.9150946918272297
423.32332332332334 0.91332559086453
423.5735735735736 0.91154088154744
423.82382382382383 0.9097406688269888
424.0740740740741 0.9079250584187228
424.3243243243243 0.9060941567924194
424.57457457457457 0.9042480711617454
424.8248248248248 0.9023869094738616
425.07507507507506 0.9005107803989731
425.32532532532537 0.898619793319829
425.5755755755756 0.8967140583211743
425.82582582582586 0.8947936861791482
426.0760760760761 0.8928587883506416
426.32632632632635 0.8909094769626061
426.5765765765766 0.8889458648013209
426.82682682682685 0.8869680653016166
427.0770770770771 0.8849761925360609
427.32732732732734 0.8829703612041022
427.5775775775776 0.8809506866211804
427.82782782782783 0.8789172847077981
428.0780780780781 0.8768702719785615
428.3283283283283 0.8748097655311876
428.5785785785786 0.8727358830354806
428.8288288288288 0.8706487427222807
429.07907907907907 0.8685484633723856
429.3293293293293 0.8664351643054462
429.57957957957956 0.864308965368839
429.8298298298298 0.862169986926517
430.08008008008005 0.8600183498478399
430.33033033033036 0.8578541754963854
430.5805805805806 0.8556775857187471
430.83083083083085 0.8534887028333116
431.0810810810811 0.8512876496190289
431.33133133133134 0.8490745493041669
431.5815815815816 0.8468495255550589
431.83183183183183 0.8446127024648429
432.0820820820821 0.842364204542194
432.3323323323323 0.8401041567000546
432.5825825825826 0.8378326842443614
432.8328328328328 0.8355499128627721
433.0830830830831 0.8332559686133933
433.33333333333337 0.8309509779135151
433.5835835835836 0.8286350675283455
433.83383383383386 0.8263083645597566
434.0840840840841 0.8239709964350396
434.33433433433436 0.8216230908956685
434.5845845845846 0.8192647759860803
434.83483483483485 0.8168961800424681
435.0850850850851 0.8145174316815921
435.33533533533534 0.8121286597896099
435.5855855855856 0.8097299935109284
435.83583583583584 0.8073215622370783
436.0860860860861 0.8049034955956138
436.33633633633633 0.8024759234390413
436.5865865865866 0.8000389758337761
436.8368368368368 0.797592783049131
437.08708708708707 0.7951374755463394
437.3373373373373 0.7926731839676143
437.58758758758756 0.7902000391252447
437.8378378378378 0.7877181719907332
438.0880880880881 0.7852277136839759
438.33833833833836 0.7827287954624882
438.5885885885886 0.7802215487106752
438.83883883883885 0.7777061049291538
439.0890890890891 0.7751825957241266
439.33933933933935 0.7726511527968085
439.5895895895896 0.770111907932911
439.83983983983984 0.7675649929921847
440.0900900900901 0.765010539898024
440.34034034034033 0.7624486806271342
440.5905905905906 0.7598795471992664
440.8408408408409 0.7573032716670193
441.09109109109113 0.7547199861057163
441.3413413413414 0.75212982260335
441.5915915915916 0.7495329132506094
441.84184184184187 0.746929390130983
442.0920920920921 0.744319385310944
442.34234234234236 0.7417030308302217
442.5925925925926 0.7390804586921579
442.84284284284286 0.7364518008541543
443.0930930930931 0.7338171892182135
443.34334334334335 0.7311767556215746
443.5935935935936 0.7285306318274475
443.84384384384384 0.725878949515849
444.0940940940941 0.7232218402745431
444.34434434434434 0.7205594355900892
444.5945945945946 0.717891866839
444.84484484484483 0.7152192652790134
445.0950950950951 0.7125417620404809
445.3453453453453 0.709859488117876
445.59559559559557 0.7071725743614257
445.8458458458459 0.7044811514688666
446.0960960960961 0.7017853499773354
446.34634634634637 0.6990853002553851
446.5965965965966 0.6963811324951426
446.84684684684686 0.6936729767046056
447.0970970970971 0.6909609627000804
447.34734734734735 0.6882452200987688
447.5975975975976 0.6855258783115027
447.84784784784785 0.6828030665356354
448.0980980980981 0.6800769137480878
448.34834834834834 0.6773475486985577
448.59859859859864 0.6746150999028927
448.8488488488489 0.6718796956366345
449.09909909909913 0.6691414639287305
449.3493493493494 0.6664005325554281
449.5995995995996 0.6636570290343455
449.8498498498499 0.6609110806187284
450.1001001001001 0.6581628142918954
450.35035035035037 0.6554123567618747
450.6006006006006 0.6526598344562399
450.85085085085086 0.6499053735171442
451.1011011011011 0.6471490997965619
451.35135135135135 0.6443911388517382
451.6016016016016 0.6416316159408533
451.85185185185185 0.6388706560189047
452.1021021021021 0.6361083837338125
452.35235235235234 0.6333449234227508
452.6026026026026 0.6305803991087123
452.85285285285283 0.6278149344973077
453.1031031031031 0.6250486529738069
453.3533533533533 0.6222816776004256
453.60360360360363 0.6195141311138609
453.8538538538539 0.616746135923085
454.1041041041041 0.6139778141073934
454.35435435435437 0.611209287414722
454.6046046046046 0.6084406772602323
454.85485485485486 0.6056721047251699
455.1051051051051 0.6029036905560025
455.35535535535536 0.6001355551638418
455.6056056056056 0.5973678186241548
455.85585585585585 0.5946006006767683
456.1061061061061 0.5918340207261726
456.3563563563564 0.5890681978421273
456.60660660660665 0.5863032507605811
456.8568568568569 0.5835392978848973
457.10710710710714 0.5807764572874055
457.3573573573574 0.5780148467112726
457.60760760760763 0.5752545835727058
457.8578578578579 0.5724957849634863
458.1081081081081 0.569738567653845
458.3583583583584 0.5669830480956791
458.6086086086086 0.56422934242612
458.85885885885887 0.5614775664714529
459.1091091091091 0.558727835751397
459.35935935935936 0.555980265483747
459.6096096096096 0.5532349705893856
459.85985985985985 0.5504920656976658
460.1101101101101 0.5477516651521743
460.36036036036035 0.5450138830168744
460.6106106106106 0.5422788330826394
460.86086086086084 0.5395466288741734
461.1111111111111 0.5368173836573324
461.3613613613614 0.5340912104468418
461.61161161161164 0.5313682220144234
461.8618618618619 0.5286485308973246
462.11211211211213 0.5259322494072665
462.3623623623624 0.523219489639806
462.6126126126126 0.5205103634841186
462.86286286286287 0.5178049826332056
463.1131131131131 0.5151034585945288
463.36336336336336 0.5124059027010771
463.6136136136136 0.5097124261228663
463.86386386386386 0.5070231398788759
464.11411411411416 0.5043381548494275
464.3643643643644 0.5016575817890057
464.61461461461465 0.49898153133952083
464.8648648648649 0.4963101140440238
465.11511511511515 0.4936434403608669
465.3653653653654 0.490981620678317
465.61561561561564 0.48832476532962066
465.8658658658659 0.4856729846085231
466.11611611611613 0.48302638878524223
466.3663663663664 0.4803850881228966
466.6166166166166 0.4777491928943909
466.86686686686687 0.475118813399755
467.1171171171171 0.47249405998394034
467.36736736736736 0.46987504305506905
467.6176176176176 0.4672618731031389
467.86786786786786 0.46465466071917805
468.1181181181181 0.4620535166148529
468.36836836836835 0.4594585516425225
468.6186186186186 0.45686987681573993
468.86886886886884 0.4542876033301964
469.11911911911915 0.4517118425851038
469.3693693693694 0.4491427062050163
469.61961961961964 0.4465803060620772
469.8698698698699 0.4440247542986985
470.12012012012013 0.4414761633506581
470.3703703703704 0.4389346459706135
470.6206206206206 0.43640031525202433
470.8708708708709 0.4338732846534769
471.1211211211211 0.43135366802340364
471.37137137137137 0.42884157962518915
471.6216216216216 0.42633713416265434
471.8718718718719 0.42384044680590843
472.12212212212216 0.4213516332175641
472.3723723723724 0.41887080957929396
472.62262262262266 0.41639809261873134
472.8728728728729 0.4139335996366938
473.12312312312315 0.41147744853472035
473.3733733733734 0.40902975784290885
473.62362362362364 0.40659064674804063
473.8738738738739 0.40416023512197585
474.12412412412414 0.40173864355030664
474.3743743743744 0.3993259933612505
474.62462462462463 0.3969224066547677
474.8748748748749 0.39452800633188484
475.1251251251251 0.3921429161242076
475.37537537537537 0.3897672606236018
475.6256256256256 0.3874011653120237
475.87587587587586 0.38504475659147985
476.1261261261261 0.382698161814093
476.37637637637636 0.38036150931225376
476.6266266266266 0.3780349284288333
476.8768768768769 0.3757185495474338
477.12712712712715 0.3734125041226542
477.3773773773774 0.37111692471033747
477.62762762762765 0.3688319449977844
477.8778778778779 0.36655769983389774
478.12812812812814 0.3642943252592318
478.3783783783784 0.36204195853591703
478.62862862862863 0.3598007381774317
478.8788788788789 0.35757080397818664
479.1291291291292 0.3553522970428937
479.37937937937943 0.3531453598156857
479.6296296296297 0.35095013610894904
479.8798798798799 0.3487667711318421
480.13013013013017 0.3465954115184591
480.3803803803804 0.34443620535560376
480.63063063063066 0.3422893022101373
480.8808808808809 0.3401548531558611
481.13113113113116 0.3380330107998958
481.3813813813814 0.3359239293085186
481.63163163163165 0.3338277644324152
481.8818818818819 0.3317446735313076
482.13213213213214 0.3296748155979152
482.3823823823824 0.32761835128120503
482.63263263263264 0.325575442908889
482.8828828828829 0.3235462545091221
483.13313313313313 0.3215309518313579
483.3833833833834 0.31952970236631406
483.6336336336336 0.317542675365002
483.88388388388387 0.315570041856773
484.1341341341341 0.31361197466633284
484.38438438438436 0.31166864842967634
484.6346346346346 0.3097402396088926
484.88488488488485 0.30782692650579063
485.13513513513516 0.3059288892742961
485.3853853853854 0.3040463099315683
485.63563563563565 0.30217937236778214
485.8858858858859 0.30032826235453036
486.13613613613614 0.29849316755178823
486.3863863863864 0.29667427751338965
486.63663663663664 0.29487178369096284
486.88688688688694 0.2930858794362701
487.1371371371372 0.2913167600019036
487.38738738738743 0.28956462254027315
487.6376376376377 0.28782966610084526
487.8878878878879 0.2861120916255698
488.1381381381382 0.28441210194244454
488.3883883883884 0.2827299017571628
488.63863863863867 0.2810656976427911
488.8888888888889 0.27941969802742195
489.13913913913916 0.27779211317974883
489.3893893893894 0.27618315519251113
489.63963963963965 0.2745930379637536
489.8898898898899 0.27302197717585114
490.14014014014015 0.2714701902722426
490.3903903903904 0.26993789643182675
490.64064064064064 0.26842531654096385
490.8908908908909 0.26693267316303787
491.14114114114113 0.2654601905055248
491.3913913913914 0.26400809438452133
491.6416416416416 0.26257661218668393
491.8918918918919 0.2611659728285314
492.1421421421421 0.25977640671306557
492.39239239239237 0.25840814568366316
492.6426426426426 0.25706142297519596
492.8928928928929 0.25573647316233666
493.14314314314316 0.25443353210500874
493.3933933933934 0.25315283689093704
493.64364364364366 0.25189462577526656
493.8938938938939 0.2506591381172068
494.14414414414415 0.24944661431366827
494.3943943943944 0.2482572957298571
494.6446446446447 0.2470914246267958
494.89489489489495 0.2459492440857402
495.1451451451452 0.24483099792946245
495.39539539539544 0.24373693064037658
495.6456456456457 0.2426672872754808
495.89589589589593 0.24162231337809514
496.1461461461462 0.24060225488637438
496.3963963963964 0.2396073580385796
496.6466466466467 0.23863786927509323
496.8968968968969 0.23769403513716508
497.14714714714717 0.23677610216238018
497.3973973973974 0.23588431677684124
497.64764764764766 0.23501892518406117
497.8978978978979 0.23418017325056475
498.14814814814815 0.23336830638820105
498.3983983983984 0.23258356943317066
498.64864864864865 0.23182620652177566
498.8988988988989 0.23109646096290368
499.14914914914914 0.23039457510725833
499.3993993993994 0.2297207902133561
499.64964964964963 0.22907534631030718
499.8998998998999 0.228458482057407
500.1501501501501 0.22787043460056408
500.4004004004004 0.22731143942559695
500.6506506506507 0.22678173020843312
500.9009009009009 0.22628153866225045
501.15115115115117 0.22581109438160088
501.4014014014014 0.2253706246835639
501.65165165165166 0.2249603544459796
501.9019019019019 0.2245805059428131
502.15215215215215 0.22423129867670993
502.40240240240246 0.22391294920880148
502.6526526526527 0.22362567098582875
502.90290290290295 0.22336967416464998
503.1531531531532 0.22314516543420904
503.40340340340344 0.22295234783504003
503.6536536536537 0.2227914205763898
503.90390390390394 0.22266257885104399
504.1541541541542 0.22256601364794676
504.40440440440443 0.222501911562707
504.6546546546547 0.22247045460608963
504.9049049049049 0.22247182001059318
505.15515515515517 0.22250618003522044
505.4054054054054 0.22257370176855099
505.65565565565566 0.2226745469302313
505.9059059059059 0.22280887167099905
506.15615615615616 0.2229768263713649
506.4064064064064 0.2231785554390764
506.65665665665665 0.2234141971054957
506.9069069069069 0.2236838832210239
507.15715715715714 0.22398773904970948
507.4074074074074 0.22432588306318346
507.65765765765764 0.2246984267340649
507.9079079079079 0.22510547432898698
508.15815815815813 0.2255471227013953
508.40840840840843 0.2260234610842743
508.6586586586587 0.2265345708829612
508.9089089089089 0.22708052546821028
509.1591591591592 0.22766138996967344
509.4094094094094 0.22827722106996476
509.65965965965967 0.22892806679948313
509.9099099099099 0.22961396633216624
510.16016016016016 0.230334949782354
510.41041041041046 0.23109103800294245
510.6606606606607 0.23188224238500932
510.91091091091096 0.23270856465909978
511.1611611611612 0.23356999669835563
511.41141141141145 0.2344665203236816
511.6616616616617 0.23539810711113757
511.91191191191194 0.23636471820175242
512.1621621621622 0.23736630411395243
512.4124124124124 0.23840280455880314
512.6626626626627 0.23947414825826066
512.9129129129129 0.24058025276663286
513.1631631631632 0.24172102429544945
513.4134134134134 0.2428963575419433
513.6636636636637 0.2441061355213423
513.9139139139139 0.24535022940317563
514.1641641641642 0.24662849835179507
514.4144144144144 0.24794078937131409
514.6646646646647 0.24928693715516673
514.9149149149149 0.25066676394048604
515.1651651651651 0.2520800793675061
515.4154154154154 0.25352668034418346
515.6656656656656 0.2550063509162407
515.9159159159159 0.2565188621428268
516.1661661661662 0.2580639719779933
516.4164164164165 0.259641425158175
516.6666666666667 0.2612509530958783
516.916916916917 0.26289227377975466
517.1671671671672 0.26456509168125547
517.4174174174175 0.2662690976680517
517.6676676676677 0.268003968924399
517.917917917918 0.26976936887862907
518.1681681681682 0.27156494713794305
518.4184184184185 0.2733903394306779
518.6686686686687 0.2752451675562163
518.918918918919 0.2771290393427026
519.1691691691692 0.27904154861272634
519.4194194194195 0.2809822751571284
519.6696696696697 0.2829507847170812
519.91991991992 0.2849466289745876
520.1701701701702 0.286969345551542
520.4204204204204 0.289018458017486
520.6706706706707 0.2910934759061903
520.9209209209209 0.2931938947411865
521.1711711711712 0.2953191960703662
521.4214214214214 0.29746884750975955
521.6716716716717 0.29964230279659787
521.9219219219219 0.30183900185175927
522.1721721721722 0.304058370851689
522.4224224224224 0.30629982230987857
522.6726726726727 0.3085627551679805
522.9229229229229 0.3108465548966308
523.1731731731732 0.31315059360603836
523.4234234234234 0.3154742301663982
523.6736736736736 0.3178168103381735
523.9239239239239 0.3201776669122861
524.1741741741741 0.3225561198602452
524.4244244244244 0.32495147649423506
524.6746746746746 0.3273630316371773
524.9249249249249 0.32979006780276976
525.1751751751751 0.3322318553855004
525.4254254254254 0.3346876528606212
525.6756756756756 0.3371567069940612
525.925925925926 0.33963825306224865
526.1761761761762 0.34213151508179507
526.4264264264265 0.34463570604900895
526.6766766766767 0.3471500281891581
526.926926926927 0.34967367321542875
527.1771771771772 0.3522058225974981
527.4274274274275 0.3547456478396348
527.6776776776777 0.3572923107682293
527.927927927928 0.35984496382865117
528.1781781781782 0.362402750391316
528.4284284284284 0.36496480506683776
528.6786786786787 0.36753025403013345
528.9289289289289 0.37009821535333554
529.1791791791792 0.37266779934736005
529.4294294294294 0.37523810891196746
529.6796796796797 0.3778082398941459
529.9299299299299 0.38037728145463623
530.1801801801802 0.3829443164424071
530.4304304304304 0.3855084217768852
530.6806806806807 0.3880686688377296
530.9309309309309 0.3906241238619361
531.1811811811812 0.39317384834804603
531.4314314314314 0.3957168994672254
531.6816816816818 0.39825233048097497
531.931931931932 0.400779191165214
532.1821821821823 0.4032965282404966
532.4324324324325 0.40580338580807185
532.6826826826828 0.40829880579153255
532.932932932933 0.41078182838376404
533.1831831831832 0.41325149249890564
533.4334334334335 0.41570683622903176
533.6836836836837 0.41814689730524846
533.933933933934 0.4205707135628991
534.1841841841842 0.4229773234105634
534.4344344344345 0.42536576630252987
534.6846846846847 0.42773508321441644
534.934934934935 0.43008431712160466
535.1851851851852 0.4324125134801548
535.4354354354355 0.43471872070985695
535.6856856856857 0.4370019906790734
535.935935935936 0.4392613791910221
536.1861861861862 0.44149594647114637
536.4364364364365 0.4437047576552131
536.6866866866867 0.44588688327777937
536.936936936937 0.4480413997606611
537.1871871871872 0.4501673899010412
537.4374374374374 0.45226394335884407
537.6876876876877 0.45433015714300873
537.9379379379379 0.45636513609628854
538.1881881881882 0.45836799337820217
538.4384384384384 0.4603378509457648
538.6886886886887 0.4622738400316227
538.9389389389389 0.4641751016192187
539.1891891891892 0.4660407869146132
539.4394394394394 0.4678700578145891
539.6896896896897 0.46966208737066717
539.9399399399399 0.4714160602486615
540.1901901901902 0.473131173183408
540.4404404404404 0.4748066354282965
540.6906906906906 0.4764416691992457
540.9409409409409 0.4780355101127587
541.1911911911911 0.4795874076177018
541.4414414414415 0.48109662542045384
541.6916916916917 0.48256244190307357
541.941941941942 0.48398415053414795
542.1921921921922 0.4853610602719709
542.4424424424425 0.48669249595972564
542.6926926926927 0.4879777987123379
542.942942942943 0.4892163262946783
543.1931931931932 0.49040745349079656
543.4434434434435 0.4915505724638763
543.6936936936937 0.49264509310660987
543.943943943944 0.4936904433816937
544.1941941941942 0.49468606965215955
544.4444444444445 0.49563143700125867
544.6946946946947 0.49652602954162783
544.944944944945 0.4973693507134744
545.1951951951952 0.4981609235715244
545.4454454454454 0.4989002910604897
545.6956956956957 0.4995870162788164
545.9459459459459 0.5002206827304899
546.1961961961962 0.5008008945646787
546.4464464464464 0.5013272768030111
546.6966966966967 0.50179947555429
546.9469469469469 0.5022171582164573
547.1971971971973 0.5025800136656373
547.4474474474475 0.5028877524320922
547.6976976976978 0.5031401068629404
547.947947947948 0.5033368312714935
548.1981981981983 0.5034777020730853
548.4484484484485 0.5035625179072724
548.6986986986988 0.5035910997463036
548.948948948949 0.5035632909897606
549.1991991991993 0.5034789575452908
549.4494494494495 0.5033379878953597
549.6996996996997 0.5031402931499678
549.94994994995 0.5028858070852843
550.2002002002002 0.5025744861681659
550.4504504504505 0.5022063095665381
550.7007007007007 0.5017812791456335
550.950950950951 0.5012994194500878
551.2012012012012 0.5007607776719115
551.4514514514515 0.5001654236043661
551.7017017017017 0.49951344958178495
551.951951951952 0.4988049704053925
552.2022022022022 0.4980401232551876
552.4524524524525 0.49721906758796774
552.7027027027027 0.49634198502158533
552.952952952953 0.4954090792055353
553.2032032032032 0.49442057567799064
553.4534534534534 0.49337672170940805
553.7037037037037 0.4922777861328429
553.9539539539539 0.4911240591611202
554.2042042042042 0.4899158521910214
554.4544544544544 0.4886534975946582
554.7047047047047 0.48733734849821436
554.9549549549549 0.4859677785482471
555.2052052052052 0.4845451816657518
555.4554554554554 0.4830699717882022
555.7057057057057 0.4815425825997889
555.9559559559559 0.4799634672500893
556.2062062062062 0.47833309806141067
556.4564564564564 0.47665196622505784
556.7067067067067 0.47492058148678606
556.956956956957 0.47313947182170707
557.2072072072073 0.4713091830989309
557.4574574574575 0.4694302787362157
557.7077077077078 0.46750333934493754
557.957957957958 0.4655289623656656
558.2082082082082 0.4635077616946574
558.4584584584585 0.4614403673015878
558.7087087087087 0.459327424838832
558.958958958959 0.4571695952426304
559.2092092092092 0.45496755432646796
559.4594594594595 0.4527219923670061
559.7097097097097 0.4504336136829111
559.95995995996 0.4481031362069267
560.2102102102102 0.4457312910515424
560.4604604604605 0.44331882206861584
560.7107107107107 0.4408664854033057
560.960960960961 0.4383750490426818
561.2112112112112 0.43584529235937536
561.4614614614615 0.43327800565063845
561.7117117117117 0.4306739896731831
561.961961961962 0.428034055174172
562.2122122122122 0.4253590224187331
562.4624624624624 0.42264972071437273
562.7127127127128 0.41990698793266085
562.962962962963 0.4171316700285694
563.2132132132133 0.4143246205578207
563.4634634634635 0.41148670019264405
563.7137137137138 0.40861877623629494
563.963963963964 0.4057217221367151
564.2142142142143 0.4027964169997033
564.4644644644645 0.39984374510196297
564.7147147147148 0.3968645954043938
564.964964964965 0.3938598610659878
565.2152152152153 0.3908304389586913
565.4654654654655 0.38777722918358715
565.7157157157158 0.3847011345887503
565.965965965966 0.3816030602891254
566.2162162162163 0.3784839131887679
566.4664664664665 0.37534460150579063
566.7167167167167 0.3721860343003475
566.966966966967 0.36900912100598393
567.2172172172172 0.3658147709646771
567.4674674674675 0.3626038929658825
567.7177177177177 0.3593773947898993
567.967967967968 0.3561361827558566
568.2182182182182 0.3528811612746217
568.4684684684685 0.3496132324069184
568.7187187187187 0.34633329542694147
568.968968968969 0.34304224639174313
569.2192192192192 0.3397409777166597
569.4694694694695 0.33643037775704143
569.7197197197197 0.3331113303965376
569.96996996997 0.32978471464218223
570.2202202202202 0.3264514042265182
570.4704704704704 0.3231122672169867
570.7207207207207 0.3197681656328043
570.9709709709709 0.31641995506953563
571.2212212212212 0.3130684843315676
571.4714714714714 0.3097145950726751
571.7217217217217 0.30635912144486604
571.9719719719719 0.3030028897556767
572.2222222222222 0.2996467181340878
572.4724724724725 0.29629141620521326
572.7227227227228 0.2929377847739194
572.972972972973 0.28958661551748915
573.2232232232233 0.2862386906874911
573.4734734734735 0.2828947828209481
573.7237237237238 0.27955565446092634
573.973973973974 0.27622205788664045
574.2242242242243 0.2728947348531688
574.4744744744745 0.269574416340857
574.7247247247248 0.2662618223144837
574.974974974975 0.2629576614922501
575.2252252252252 0.2596626311246465
575.4754754754755 0.2563774167832394
575.7257257257257 0.2531026921594152
575.975975975976 0.24983911887310434
576.2262262262262 0.2465873462915033
576.4764764764765 0.24334801135780235
576.7267267267267 0.24012173842991777
576.976976976977 0.23690913912921788
577.2272272272272 0.2337108121992256
577.4774774774775 0.2305273433742702
577.7277277277277 0.22735930525805242
577.977977977978 0.2242072572120807
578.2282282282283 0.22107174525392512
578.4784784784786 0.21795330196523827
578.7287287287288 0.214852446409455
578.9789789789791 0.21176968405912525
579.2292292292293 0.20870550673277696
579.4794794794796 0.2056603925412277
579.7297297297298 0.2026348058432495
579.97997997998 0.19962919721048283
580.2302302302303 0.1966440034014911
580.4804804804805 0.19367964734484025
580.7307307307308 0.1907365381310818
580.980980980981 0.1878150710135113
581.2312312312313 0.18491562741756973
581.4814814814815 0.18203857495874795
581.7317317317318 0.17918426746885113
581.981981981982 0.17635304503047328
582.2322322322323 0.17354523401952834
582.4824824824825 0.170761147155679
582.7327327327328 0.16800108356050045
582.982982982983 0.16526532882321188
583.2332332332332 0.16255415507380488
583.4834834834835 0.15986782106339356
583.7337337337337 0.1572065722516097
583.983983983984 0.15457064090085906
584.2342342342342 0.1519602461772576
584.4844844844845 0.1493755942580583
584.7347347347347 0.14681687844537983
584.984984984985 0.14428427928604526
585.2352352352352 0.1417779646973373
585.4854854854855 0.13929809009847333
585.7357357357357 0.1368447985476041
585.985985985986 0.13441822088413655
586.2362362362362 0.13201847587618137
586.4864864864865 0.12964567037292446
586.7367367367367 0.12729989946172063
586.986986986987 0.12498124662970807
587.2372372372372 0.12268978392974036
587.4874874874874 0.12042557215043477
587.7377377377377 0.11818866099013382
587.987987987988 0.11597908923457734
588.2382382382383 0.11379688493808975
588.4884884884885 0.11164206560806665
588.7387387387388 0.109514638392581
588.988988988989 0.10741460027089485
589.2392392392393 0.10534193824668543
589.4894894894895 0.10329662954378817
589.7397397397398 0.10127864180426205
589.98998998999 0.09928793328858497
590.2402402402403 0.09732445307778753
590.4904904904905 0.09538814127733684
590.7407407407408 0.09347892922258369
590.990990990991 0.09159673968558837
591.2412412412413 0.08974148708314407
591.4914914914915 0.08791307768581763
591.7417417417417 0.08611140982783216
591.991991991992 0.0843363741176172
592.2422422422422 0.08258785364885615
592.4924924924925 0.08086572421186314
592.7427427427427 0.0791698545051251
592.992992992993 0.07750010634684798
593.2432432432432 0.07585633488634899
593.4934934934935 0.07423838881514119
593.7437437437438 0.07264611057755824
593.9939939939941 0.07107933658077699
594.2442442442443 0.06953789740408349
594.4944944944946 0.06802161800725696
594.7447447447448 0.06653031793792524
594.9949949949951 0.06506381153776364
595.2452452452453 0.0636219081474084
595.4954954954956 0.06220441230996101
595.7457457457458 0.06081112397296198
595.995995995996 0.05944183868871914
596.2462462462463 0.05809634781287707
596.4964964964965 0.05677443870112037
596.7467467467468 0.05547589490390609
596.996996996997 0.054200496359125466
597.2472472472473 0.052948019582599266
597.4974974974975 0.05171823785631441
597.7477477477478 0.050510921414314236
597.997997997998 0.04932583762615933
598.2482482482483 0.048162751177878146
598.4984984984985 0.047021424250332754
598.7487487487488 0.04590161669492797
598.998998998999 0.04480308620659576
599.2492492492493 0.04372558849399219
599.4994994994995 0.04266887744684652
599.7497497497498 0.04163270530040721
600.0 0.040616822796932676
