350.0 0.6592406302004438
350.25025025025025 0.6619890481951796
350.5005005005005 0.664735047996607
350.75075075075074 0.6674785046913895
351.001001001001 0.6702192930089386
351.25125125125123 0.6729572873304214
351.5015015015015 0.6756923616978405
351.7517517517517 0.6784243898231881
352.00200200200203 0.6811532450976707
352.2522522522523 0.6838788006010036
352.5025025025025 0.6866009291107803
352.75275275275277 0.6893195031119053
353.003003003003 0.6920343948060982
353.25325325325326 0.6947454761214646
353.5035035035035 0.6974526187221338
353.75375375375376 0.7001556940179609
354.004004004004 0.7028545731742942
354.25425425425425 0.7055491271218067
354.5045045045045 0.7082392265663884
354.75475475475474 0.7109247419991015
355.005005005005 0.7136055437061962
355.25525525525524 0.7162815017791854
355.5055055055055 0.7189524861249771
355.75575575575573 0.7216183664760669
356.00600600600603 0.724279012400784
356.2562562562563 0.7269342933135922
356.5065065065065 0.7295840784854498
356.7567567567568 0.7322282370542166
357.007007007007 0.7348666380351163
357.25725725725727 0.7374991503312488
357.5075075075075 0.7401256427441526
357.75775775775776 0.7427459839844153
358.008008008008 0.7453600426823317
358.25825825825825 0.7479676873986086
358.5085085085085 0.7505687866351134
358.75875875875874 0.7531632088456682
359.009009009009 0.7557508224468855
359.25925925925924 0.7583314958290456
359.5095095095095 0.7609050973670142
359.75975975975973 0.7634714954311992
360.01001001001003 0.7660305583985457
360.2602602602603 0.7685821546635646
360.5105105105105 0.7711261526494024
360.7607607607608 0.773662420818939
361.011011011011 0.7761908276859208
361.26126126126127 0.7787112418261258
361.5115115115115 0.7812235318885574
361.76176176176176 0.7837275666066679
362.012012012012 0.786223214809609
362.26226226226225 0.7887103454335093
362.5125125125125 0.7911888275327753
362.76276276276275 0.793658530291417
363.013013013013 0.7961193230343954
363.26326326326324 0.7985710752389906
363.5135135135135 0.8010136565461897
363.7637637637638 0.8034469367720929
364.01401401401404 0.8058707859193334
364.2642642642643 0.808285074188519
364.51451451451453 0.8106896719896818
364.7647647647648 0.813084449953742
365.015015015015 0.8154692789439842
365.26526526526527 0.8178440300675421
365.5155155155155 0.820208574686892
365.76576576576576 0.8225627844313531
366.016016016016 0.8249065312085933
366.26626626626626 0.8272396872161386
366.5165165165165 0.8295621249528867
366.76676676676675 0.8318737172306194
367.017017017017 0.8341743371855167
367.26726726726724 0.8364638582896685
367.5175175175175 0.8387421543625825
367.7677677677678 0.8410090995826893
368.01801801801804 0.8432645684988379
368.2682682682683 0.8455084360417896
368.51851851851853 0.8477405775356964
368.7687687687688 0.849960868709573
369.019019019019 0.8521691857087561
369.2692692692693 0.8543654051063497
369.5195195195195 0.8565494039146557
369.76976976976977 0.8587210595965886
370.02002002002 0.8608802500770723
370.27027027027026 0.8630268537544171
370.5205205205205 0.8651607495116771
370.77077077077075 0.8672818167279835
371.021021021021 0.8693899352898566
371.2712712712713 0.871484985602491
371.52152152152155 0.8735668486010126
371.7717717717718 0.875635405761713
372.02202202202204 0.8776905391132476
372.2722722722723 0.8797321312478076
372.52252252252254 0.881760065332256
372.7727727727728 0.8837742251192328
373.02302302302303 0.8857744949582212
373.2732732732733 0.8877607598065805
373.5235235235235 0.8897329052405369
373.77377377377377 0.8916908174661378
374.024024024024 0.893634383330162
374.27427427427426 0.895563490330989
374.5245245245245 0.8974780266294227
374.77477477477476 0.8993778810594705
375.025025025025 0.9012629431390737
375.27527527527525 0.9031331030807912
375.52552552552555 0.9049882518024321
375.7757757757758 0.906828280937635
376.02602602602605 0.9086530828463989
376.2762762762763 0.9104625506255549
376.52652652652654 0.9122565781191854
376.7767767767768 0.914035059928984
377.02702702702703 0.9157978914245587
377.2772772772773 0.9175449687536724
377.5275275275275 0.9192761888524253
377.77777777777777 0.9209914494553719
378.028028028028 0.9226906491055743
378.27827827827826 0.9243736871645909
378.5285285285285 0.9260404638223971
378.77877877877876 0.9276908801072382
379.02902902902906 0.9293248378954123
379.2792792792793 0.9309422399209815
379.52952952952955 0.9325429897854126
379.7797797797798 0.9341269919671429
380.03003003003005 0.9356941518310697
380.2802802802803 0.9372443756379659
380.53053053053054 0.938777570553816
380.7807807807808 0.9402936446590743
381.03103103103103 0.9417925069578412
381.2812812812813 0.9432740673869606
381.5315315315315 0.9447382368250314
381.7817817817818 0.9461849271013377
382.032032032032 0.9476140510046913
382.28228228228227 0.949025522292189
382.5325325325325 0.9504192556978818
382.78278278278276 0.9517951669413551
383.033033033033 0.9531531727362184
383.2832832832833 0.9544931907985035
383.53353353353356 0.95581513985497
383.7837837837838 0.9571189396513187
384.03403403403405 0.9584045109603067
384.2842842842843 0.9596717755897693
384.53453453453454 0.9609206563905438
384.7847847847848 0.962151077264294
385.03503503503504 0.9633629631712366
385.2852852852853 0.9645562401377661
385.53553553553553 0.9657308352639782
385.7857857857858 0.9668866767310909
386.036036036036 0.9680236938087613
386.28628628628627 0.9691418168622976
386.5365365365365 0.9702409773597658
386.7867867867868 0.9713211078789888
387.03703703703707 0.9723821421144375
387.2872872872873 0.9734240148840143
387.53753753753756 0.9744466621357254
387.7877877877878 0.9754500209542427
388.03803803803805 0.9764340295673543
388.2882882882883 0.9773986273523023
388.53853853853855 0.9783437548420061
388.7887887887888 0.9792693537311729
389.03903903903904 0.9801753668822907
389.2892892892893 0.981061738331508
389.53953953953953 0.9819284132943931
389.7897897897898 0.9827753381715778
390.04004004004 0.9836024605542822
390.2902902902903 0.984409729229719
390.5405405405405 0.9851970941863781
390.79079079079077 0.9859645066191902
391.04104104104107 0.9867119189345694
391.2912912912913 0.9874392847553305
391.54154154154156 0.9881465589254872
391.7917917917918 0.9888336975149226
392.04204204204206 0.9895006578239378
392.2922922922923 0.9901473983876734
392.54254254254255 0.990773878980406
392.7927927927928 0.9913800606197184
393.04304304304304 0.9919659055705415
393.2932932932933 0.9925313773490705
393.54354354354354 0.9930764407265501
393.7937937937938 0.9936010617329338
394.044044044044 0.9941052076604115
394.2942942942943 0.9945888470668084
394.5445445445446 0.9950519497788534
394.7947947947948 0.9954944868953158
395.0450450450451 0.9959164307900127
395.2952952952953 0.9963177551146821
395.54554554554556 0.9966984348017259
395.7957957957958 0.9970584460668196
396.04604604604606 0.9973977664113881
396.2962962962963 0.9977163746249499
396.54654654654655 0.9980142507873272
396.7967967967968 0.9982913762707204
397.04704704704704 0.9985477337416512
397.2972972972973 0.9987833071627685
397.54754754754754 0.9989980817945212
397.7977977977978 0.9991920441966947
398.04804804804803 0.9993651822298136
398.2982982982983 0.9995174850564073
398.5485485485485 0.9996489431421411
398.7987987987988 0.9997595482568115
399.0490490490491 0.9998492934752035
399.2992992992993 0.9999181731778154
399.54954954954957 0.9999661830514444
399.7997997997998 0.9999933200896365
400.05005005005006 0.9999995825930013
400.3003003003003 0.9999849701693889
400.55055055055055 0.9999494837339318
400.8008008008008 0.9998931255089479
401.05105105105105 0.999815899023711
401.3013013013013 0.9997178091140809
401.55155155155154 0.9995988619219996
401.8018018018018 0.999459064894851
402.05205205205203 0.999298426784683
402.30230230230234 0.9991169576472952
402.5525525525526 0.9989146688411908
402.80280280280283 0.9986915730263903
403.0530530530531 0.9984476841631127
403.3033033033033 0.9981830175103193
403.55355355355357 0.9978975896241234
403.8038038038038 0.9975914183560646
404.05405405405406 0.9972645228512476
404.3043043043043 0.9969169235463485
404.55455455455456 0.9965486421674854
404.8048048048048 0.9961597017279559
405.05505505505505 0.9957501265258405
405.3053053053053 0.9953199421414737
405.55555555555554 0.9948691754347819
405.8058058058058 0.9943978545424889
406.05605605605604 0.9939060088751894
406.3063063063063 0.9933936691142914
406.5565565565566 0.9928608672088269
406.80680680680683 0.9923076363721326
407.0570570570571 0.9917340110784
407.3073073073073 0.9911400270590962
407.5575575575576 0.9905257212992551
407.8078078078078 0.9898911320336412
408.05805805805807 0.989236298742784
408.3083083083083 0.9885612621488854
408.55855855855856 0.9878660642116018
408.8088088088088 0.9871507481236972
409.05905905905905 0.9864153583065728
409.3093093093093 0.9856599404056721
409.55955955955955 0.984884541285759
409.8098098098098 0.9840892090260761
410.0600600600601 0.9832739929153766
410.31031031031034 0.9824389434468375
410.5605605605606 0.9815841123128476
410.81081081081084 0.9807095523996787
411.0610610610611 0.9798153177820345
411.31131131131133 0.9789014637174811
411.5615615615616 0.9779680466407596
411.8118118118118 0.9770151241579815
412.06206206206207 0.9760427550407063
412.3123123123123 0.9750509992199045
412.56256256256256 0.9740399177798063
412.8128128128128 0.9730095729516347
413.06306306306305 0.9719600281072273
413.3133133133133 0.9708913477525446
413.56356356356355 0.9698035975210685
413.8138138138138 0.9686968441670895
414.06406406406404 0.9675711555588857
414.3143143143143 0.9664266006717931
414.5645645645646 0.9652632495811679
414.81481481481484 0.9640811734552454
415.0650650650651 0.9628804445478898
415.31531531531533 0.9616611361912429
415.5655655655656 0.9604233227882697
415.8158158158158 0.9591670798051999
416.06606606606607 0.9578924837638711
416.3163163163163 0.9565996122339706
416.56656656656656 0.9552885438251797
416.8168168168168 0.9539593581792196
417.06706706706706 0.9526121359618023
417.3173173173173 0.9512469588544844
417.5675675675676 0.9498639095464294
417.81781781781785 0.9484630717260762
418.0680680680681 0.9470445300727146
418.31831831831835 0.9456083702479733
418.5685685685686 0.9441546788872164
418.81881881881884 0.942683543590854
419.0690690690691 0.9411950529155654
419.31931931931933 0.9396892963654363
419.5695695695696 0.9381663643830135
419.8198198198198 0.9366263483402762
420.0700700700701 0.9350693405295257
420.3203203203203 0.9334954341541957
420.57057057057057 0.9319047233195832
420.8208208208208 0.9302973030235031
421.07107107107106 0.9286732691468661
421.3213213213213 0.9270327184441816
421.57157157157155 0.9253757485339882
421.8218218218218 0.9237024578892131
422.07207207207205 0.9220129458274586
422.32232232232235 0.9203073125012221
422.5725725725726 0.9185856588880487
422.82282282282284 0.9168480867806142
423.0730730730731 0.9150946987767484
423.32332332332334 0.9133255982693916
423.5735735735736 0.9115408894364913
423.82382382382383 0.9097406772308373
424.0740740740741 0.9079250673698402
424.3243243243243 0.9060941663252504
424.57457457457457 0.9042480813128227
424.8248248248248 0.9023869202819276
425.07507507507506 0.9005107919051075
425.32532532532537 0.8986198055675844
425.5755755755756 0.8967140713567184
425.82582582582586 0.8947937000514151
426.0760760760761 0.8928588031114895
426.32632632632635 0.8909094926669857
426.5765765765766 0.8889458815074511
426.82682682682685 0.8869680830711716
427.0770770770771 0.8849762114343653
427.32732732732734 0.8829703813003389
427.5775775775776 0.8809507079886076
427.82782782782783 0.87891730742398
428.0780780780781 0.8768702961256096
428.3283283283283 0.8748097911960158
428.5785785785786 0.8727359103100735
428.8288288288288 0.8706487717039768
429.07907907907907 0.8685484941641748
429.3293293293293 0.8664351970162831
429.57957957957956 0.864309000113973
429.8298298298298 0.8621700238278395
430.08008008008005 0.8600183890342495
430.33033033033036 0.8578542171041729
430.5805805805806 0.8556776298919992
430.83083083083085 0.8534887497243373
431.0810810810811 0.8512876993888059
431.33133133133134 0.8490746021228125
431.5815815815816 0.8468495816023247
431.83183183183183 0.8446127619306346
432.0820820820821 0.8423642676271181
432.3323323323323 0.8401042236159925
432.5825825825826 0.8378327552150727
432.8328328328328 0.8355499881245287
433.0830830830831 0.8332560484156455
433.33333333333337 0.8309510625195905
433.5835835835836 0.8286351572161836
433.83383383383386 0.8263084596226802
434.0840840840841 0.8239710971825636
434.33433433433436 0.8216231976543499
434.5845845845846 0.8192648891004097
434.83483483483485 0.8168962998758051
435.0850850850851 0.8145175586171471
435.33533533533534 0.8121287942314735
435.5855855855856 0.8097301358851511
435.83583583583584 0.8073217129928028
436.0860860860861 0.8049036552062626
436.33633633633633 0.802476092403561
436.5865865865866 0.8000391546779421
436.8368368368368 0.7975929723269145
437.08708708708707 0.7951376758413404
437.3373373373373 0.7926733958945621
437.58758758758756 0.79020026333157
437.8378378378378 0.7877184091582152
438.0880880880881 0.7852279645304662
438.33833833833836 0.7827290607437166
438.5885885885886 0.7802218292221393
438.83883883883885 0.777706401508098
439.0890890890891 0.7751829092516118
439.33933933933935 0.7726514841998788
439.5895895895896 0.7701122581868601
439.83983983983984 0.7675653631229271
440.0900900900901 0.7650109309845741
440.34034034034033 0.7624490938041996
440.5905905905906 0.7598799836599591
440.8408408408409 0.7573037326656897
441.09109109109113 0.754720472960916
441.3413413413414 0.7521303367009271
441.5915915915916 0.7495334560469433
441.84184184184187 0.7469299631563644
442.0920920920921 0.7443199901731047
442.34234234234236 0.7417036692180214
442.5925925925926 0.7390811323794342
442.84284284284286 0.7364525117037423
443.0930930930931 0.7338179391861416
443.34334334334335 0.7311775467614442
443.5935935935936 0.7285314662950029
443.84384384384384 0.7258798295737462
444.0940940940941 0.7232227682973248
444.34434434434434 0.7205604140693732
444.5945945945946 0.7178928983888911
444.84484484484483 0.7152203526417457
445.0950950950951 0.7125429080923009
445.3453453453453 0.7098606958751748
445.59559559559557 0.7071738469871295
445.8458458458459 0.7044824922790972
446.0960960960961 0.7017867624483485
446.34634634634637 0.6990867880307978
446.5965965965966 0.6963826993934629
446.84684684684686 0.6936746267270708
447.0970970970971 0.6909627000388205
447.34734734734735 0.6882470491453037
447.5975975975976 0.6855278036655871
447.84784784784785 0.6828050930144629
448.0980980980981 0.6800790463958686
448.34834834834834 0.6773497927964822
448.59859859859864 0.6746174609794948
448.8488488488489 0.6718821794785709
449.09909909909913 0.6691440765919872
449.3493493493494 0.6664032803769727
449.5995995995996 0.6636599186442388
449.8498498498499 0.6609141189527119
450.1001001001001 0.6581660086044715
450.35035035035037 0.6554157146398961
450.6006006006006 0.6526633638330261
450.85085085085086 0.6499090826871428
451.1011011011011 0.6471529974305725
451.35135135135135 0.6443952340127199
451.6016016016016 0.6416359181003327
451.85185185185185 0.638875175074006
452.1021021021021 0.6361131300249302
452.35235235235234 0.6333499077518848
452.6026026026026 0.6305856327584891
452.85285285285283 0.6278204292507078
453.1031031031031 0.6250544211346227
453.3533533533533 0.6222877320144722
453.60360360360363 0.6195204851909639
453.8538538538539 0.6167528036598702
454.1041041041041 0.6139848101109032
454.35435435435437 0.6112166269268847
454.6046046046046 0.6084483761832088
454.85485485485486 0.6056801796476078
455.1051051051051 0.6029121587802224
455.35535535535536 0.6001444347339857
455.6056056056056 0.5973771283553246
455.85585585585585 0.594610360185184
456.1061061061061 0.5918442504603804
456.3563563563564 0.589078919115289
456.60660660660665 0.5863144857838755
456.8568568568569 0.583551069802065
457.10710710710714 0.5807887902104717
457.3573573573574 0.5780277657574806
457.60760760760763 0.5752681149026938
457.8578578578579 0.5725099558207447
458.1081081081081 0.5697534064054874
458.3583583583584 0.566998584274565
458.6086086086086 0.5642456067743645
458.85885885885887 0.5614945909853618
459.1091091091091 0.5587456537278647
459.35935935935936 0.5559989115681562
459.6096096096096 0.5532544808250479
459.85985985985985 0.5505124775768445
460.1101101101101 0.5477730176687285
460.36036036036035 0.5450362167205665
460.6106106106106 0.5423021901351477
460.86086086086084 0.5395710531068532
461.1111111111111 0.5368429206307672
461.3613613613614 0.5341179075122304
461.61161161161164 0.5313961283768457
461.8618618618619 0.5286776976809319
462.11211211211213 0.5259627297224413
462.3623623623624 0.523251338652338
462.6126126126126 0.5205436384864432
462.86286286286287 0.5178397431177524
463.1131131131131 0.5151397663292264
463.36336336336336 0.5124438218070646
463.6136136136136 0.5097520231544578
463.86386386386386 0.5070644839058287
464.11411411411416 0.5043813175415622
464.3643643643644 0.5017026375032291
464.61461461461465 0.49902855720930045
464.8648648648649 0.4963591900713656
465.11511511511515 0.49369464951084646
465.3653653653654 0.4910350489762155
465.61561561561564 0.48838050196071614
465.8658658658659 0.48573112202058943
466.11611611611613 0.48308702279380644
466.3663663663664 0.4804483180193071
466.6166166166166 0.47781512155674755
466.86686686686687 0.47518754740675334
467.1171171171171 0.4725657097316816
467.36736736736736 0.46994972287688763
467.6176176176176 0.46733970139249864
467.86786786786786 0.46473576005568923
468.1181181181181 0.46213801389346065
468.36836836836835 0.45954657820591793
468.6186186186186 0.4569615685900442
468.86886886886884 0.45438310096396817
469.11911911911915 0.4518112915917197
469.3693693693694 0.44924625710847355
469.61961961961964 0.4466881145462676
469.8698698698699 0.44413698136020063
470.12012012012013 0.44159297545509635
470.3703703703704 0.43905621521262905
470.6206206206206 0.4365268195189052
470.8708708708709 0.4340049077924902
471.1211211211211 0.43149060001287476
471.37137137137137 0.42898401674937015
471.6216216216216 0.42648527919042284
471.8718718718719 0.42399450917333703
472.12212212212216 0.421511829214399
472.3723723723724 0.41903736253938084
472.62262262262266 0.416571233114423
472.8728728728729 0.4141135656772751
473.12312312312315 0.4116644857688814
473.3733733733734 0.4092241197652988
473.62362362362364 0.40679259490992886
473.8738738738739 0.40437003934604865
474.12412412412414 0.4019565821496233
474.3743743743744 0.39955235336238143
474.62462462462463 0.3971574840251339
474.8748748748749 0.3947721062113173
475.1251251251251 0.3923963530607406
475.37537537537537 0.390030358813513
475.6256256256256 0.38767425884413054
475.87587587587586 0.38532818969569865
476.1261261261261 0.3829922891142646
476.37637637637636 0.3806666960832358
476.6266266266266 0.37835155085785743
476.8768768768769 0.3760469949997203
477.12712712712715 0.3737531714112753
477.3773773773774 0.37147022437031635
477.62762762762765 0.3691982995644119
477.8778778778779 0.36693754412524726
478.12812812812814 0.3646881066628463
478.3783783783784 0.3624501372996405
478.62862862862863 0.36022378770435076
478.8788788788789 0.35800921112564615
479.1291291291292 0.3558065624255426
479.37937937937943 0.35361599811250843
479.6296296296297 0.35143767637422973
479.8798798798799 0.3492717571100059
480.13013013013017 0.3471184019627298
480.3803803803804 0.34497777435041077
480.63063063063066 0.34285003949720044
480.8808808808809 0.34073536446387714
481.13113113113116 0.33863391817774346
481.3813813813814 0.33654587146189413
481.63163163163165 0.33447139706380524
481.8818818818819 0.33241066968319966
482.13213213213214 0.33036386599913964
482.3823823823824 0.3283311646962977
482.63263263263264 0.3263127464903563
482.8828828828829 0.3243087941524844
483.13313313313313 0.32231949253284126
483.3833833833834 0.32034502858305247
483.6336336336336 0.318385591377607
483.88388388388387 0.3164413721341209
484.1341341341341 0.314512564232411
484.38438438438436 0.3125993632323261
484.6346346346346 0.31070196689027696
484.88488488488485 0.3088205751744086
485.13513513513516 0.30695539027835894
485.3853853853854 0.30510661663354516
485.63563563563565 0.3032744609199156
485.8858858858859 0.30145913207511404
486.13613613613614 0.29966084130199333
486.3863863863864 0.2978798020744178
486.63663663663664 0.2961162301412955
486.88688688688694 0.294370343528779
487.1371371371372 0.29264236254057624
487.38738738738743 0.29093250975630236
487.6376376376377 0.2892410100278225
487.8878878878879 0.2875680904735154
488.1381381381382 0.2859139804703995
488.3883883883884 0.2842789116440599
488.63863863863867 0.2826631178563146
488.8888888888889 0.28106683519055886
489.13913913913916 0.27949030193472585
489.3893893893894 0.2779337585618038
489.63963963963965 0.2763974477078484
489.8898898898899 0.2748816141474316
490.14014014014015 0.2733865047664648
490.3903903903904 0.2719123685323408
490.64064064064064 0.27045945646133235
490.8908908908909 0.26902802158319383
491.14114114114113 0.26761831890290483
491.3913913913914 0.2662306053595037
491.6416416416416 0.2648651397819528
491.8918918918919 0.2635221828419836
492.1421421421421 0.26220199700386815
492.39239239239237 0.2609048464710645
492.6426426426426 0.25963099712968707
492.8928928928929 0.2583807164887525
493.14314314314316 0.25715427361715393
493.3933933933934 0.25595193907731495
493.64364364364366 0.25477398485548497
493.8938938938939 0.2536206842886284
494.14414414414415 0.25249231198786803
494.3943943943944 0.2513891437584461
494.6446446446447 0.25031145651616454
494.89489489489495 0.24925952820027072
495.1451451451452 0.24823363768275541
495.39539539539544 0.2472340646740349
495.6456456456457 0.24626108962498824
495.89589589589593 0.24531499362532572
496.1461461461462 0.244396058298265
496.3963963963964 0.24350456569149653
496.6466466466467 0.24264079816442094
496.8968968968969 0.24180503827164374
497.14714714714717 0.24099756864271782
497.3973973973974 0.2402186718581246
497.64764764764766 0.23946863032148968
497.8978978978979 0.2387477261280314
498.14814814814815 0.23805624092924443
498.3983983983984 0.23739445579382348
498.64864864864865 0.23676265106483557
498.8988988988989 0.23616110621315467
499.14914914914914 0.23559009968717276
499.3993993993994 0.23504990875880963
499.64964964964963 0.23454080936584276
499.8998998998999 0.2340630759505868
500.1501501501501 0.23361698129495295
500.4004004004004 0.2332027963519253
500.6506506506507 0.23282079007349216
500.9009009009009 0.23247122923507832
501.15115115115117 0.2321543782565248
501.4014014014014 0.23187049901966963
501.65165165165166 0.2316198506825868
501.9019019019019 0.2314026894905434
502.15215215215215 0.23121926858374237
502.40240240240246 0.23106983780191945
502.6526526526527 0.23095464348587125
502.90290290290295 0.23087392827599115
503.1531531531532 0.23082793090789963
503.40340340340344 0.2308168860052561
503.6536536536537 0.23084102386984567
503.90390390390394 0.23090057026903943
504.1541541541542 0.23099574622072994
504.40440440440443 0.23112676777584995
504.6546546546547 0.23129384579858642
504.9049049049049 0.2314971857444051
505.15515515515517 0.23173698743600912
505.4054054054054 0.2320134448373556
505.65565565565566 0.23232674582586182
505.9059059059059 0.23267707196293638
506.15615615615616 0.2330645982629745
506.4064064064064 0.2334894929609614
506.65665665665665 0.2339519172788339
506.9069069069069 0.23445202519075253
507.15715715715714 0.23498996318744098
507.4074074074074 0.23556587003975696
507.65765765765764 0.23617987656165795
507.9079079079079 0.2368321053727346
508.15815815815813 0.23752267066048435
508.40840840840843 0.23825167794250485
508.6586586586587 0.23901922382878826
508.9089089089089 0.23982539578430434
509.1591591591592 0.24067027189206028
509.4094094094094 0.24155392061683137
509.65965965965967 0.2424764005697596
509.9099099099099 0.2434377602740202
510.16016016016016 0.24443803793175858
510.41041041041046 0.24547726119250604
510.6606606606607 0.24655544692328019
510.91091091091096 0.24767260098058722
511.1611611611612 0.2488287179845347
511.41141141141145 0.25002378109527684
511.6616616616617 0.2512577617920084
511.91191191191194 0.2525306196547311
512.1621621621622 0.25384230214901266
512.4124124124124 0.25519274441396755
512.6626626626627 0.25658186905368185
512.9129129129129 0.25800958593231343
513.1631631631632 0.25947579197309306
513.4134134134134 0.26098037096145993
513.6636636636637 0.26252319335255875
513.9139139139139 0.2641041160833312
514.1641641641642 0.26572298238943237
514.4144144144144 0.2673796216272034
514.6646646646647 0.26907384910093135
514.9149149149149 0.27080546589562593
515.1651651651651 0.2725742587155447
515.4154154154154 0.2743799997286929
515.6656656656656 0.276222446417528
515.9159159159159 0.2781013414360931
516.1661661661662 0.2800164124738057
516.4164164164165 0.2819673721261188
516.6666666666667 0.28395391777228574
516.916916916917 0.2859757314604333
517.1671671671672 0.28803247980016566
517.4174174174175 0.2901238138629101
517.6676676676677 0.292249369090212
517.917917917918 0.2944087652101842
518.1681681681682 0.29660160616231307
518.4184184184185 0.2988274800308165
518.6686686686687 0.30108595898674867
518.918918918919 0.3033765992390388
519.1691691691692 0.30569894099464623
519.4194194194195 0.3080525084280119
519.6696696696697 0.31043680965997766
519.91991991992 0.31285133674634025
520.1701701701702 0.31529556567620204
520.4204204204204 0.31776895638027297
520.6706706706707 0.32027095274927175
520.9209209209209 0.32280098266256907
521.1711711711712 0.3253584580272063
521.4214214214214 0.3279427748274198
521.6716716716717 0.3305533131847877
521.9219219219219 0.33318943742911544
522.1721721721722 0.3358504961801622
522.4224224224224 0.3385358224403065
522.6726726726727 0.34124473369823805
522.9229229229229 0.34397653204375783
523.1731731731732 0.34673050429375546
523.4234234234234 0.34950592212942744
523.6736736736736 0.3523020422447893
523.9239239239239 0.35511810650652564
524.1741741741741 0.3579533421252128
524.4244244244244 0.3608069618379383
524.6746746746746 0.3636781641023338
524.9249249249249 0.36656613330202514
525.1751751751751 0.36947003996349687
525.4254254254254 0.37238904098435394
525.6756756756756 0.3753222798729581
525.925925925926 0.3782688869994027
526.1761761761762 0.3812279798577729
526.4264264264265 0.38419866333965563
526.6766766766767 0.3871800300188033
526.926926926927 0.3901711604468964
527.1771771771772 0.39317112346030497
527.4274274274275 0.3961789764977553
527.6776776776777 0.39919376592878697
527.927927927928 0.40221452739288377
528.1781781781782 0.4052402861491434
528.4284284284284 0.40827005743634537
528.6786786786787 0.4113028468432629
528.9289289289289 0.41433765068905515
529.1791791791792 0.4173734564135647
529.4294294294294 0.42040924297733506
529.6796796796797 0.4234439812711517
529.9299299299299 0.42647663453490114
530.1801801801802 0.42950615878552983
530.4304304304304 0.43253150325387657
530.6806806806807 0.4355516108301408
530.9309309309309 0.43856541851773934
531.1811811811812 0.4415718578952945
531.4314314314314 0.4445698555864862
531.6816816816818 0.4475583337374928
531.931931931932 0.450536210501728
532.1821821821823 0.45350240053159685
532.4324324324325 0.4564558154769416
532.6826826826828 0.4593953644898838
532.932932932933 0.4623199547357346
533.1831831831832 0.4652284919096434
533.4334334334335 0.4681198807586487
533.6836836836837 0.47099302560878586
533.933933933934 0.4738468308968988
534.1841841841842 0.47668020170679504
534.4344344344345 0.47949204430937997
534.6846846846847 0.4822812667063946
534.934934934935 0.48504677917737854
535.1851851851852 0.48778749482947326
535.4354354354355 0.49050233014967465
535.6856856856857 0.4931902055591382
535.935935935936 0.49585004596913745
536.1861861861862 0.4984807813382694
536.4364364364365 0.5010813472304975
536.6866866866867 0.5036506853736199
536.936936936937 0.5061877442177468
537.1871871871872 0.508691479493366
537.4374374374374 0.5111608547685768
537.6876876876877 0.5135948420050673
537.9379379379379 0.5159924221124099
538.1881881881882 0.5183525855002478
538.4384384384384 0.5206743326279453
538.6886886886887 0.522956674551273
538.9389389389389 0.5251986334657004
539.1891891891892 0.5273992432458676
539.4394394394394 0.5295575499808102
539.6896896896897 0.5316726125045094
539.9399399399399 0.5337435029213473
540.1901901901902 0.5357693071260414
540.4404404404404 0.5377491253176426
540.6906906906906 0.5396820725071777
540.9409409409409 0.5415672790185264
541.1911911911911 0.5434038909821226
541.4414414414415 0.5451910708210755
541.6916916916917 0.5469279977293091
541.941941941942 0.548613868141333
542.1921921921922 0.5502478961932435
542.4424424424425 0.5518293141745841
542.6926926926927 0.5533573729706787
542.942942942943 0.5548313424950764
543.1931931931932 0.5562505121117397
543.4434434434435 0.5576141910466237
543.6936936936937 0.5589217087882982
543.943943943944 0.5601724154772751
544.1941941941942 0.5613656822837122
544.4444444444445 0.5625009017731694
544.6946946946947 0.5635774882601107
544.944944944945 0.5645948781488462
545.1951951951952 0.5655525302616263
545.4454454454454 0.5664499261536049
545.6956956956957 0.5672865704144028
545.9459459459459 0.5680619909560122
546.1961961961962 0.5687757392867929
546.4464464464464 0.5694273907713283
546.6966966966967 0.5700165448759107
546.9469469469469 0.5705428253994507
547.1971971971973 0.5710058806896061
547.4474474474475 0.571405383843944
547.6976976976978 0.5717410328959658
547.947947947948 0.572012550985827
548.1981981981983 0.57221968651561
548.4484484484485 0.5723622132890109
548.6986986986988 0.5724399306353223
548.948948948949 0.5724526635176006
549.1991991991993 0.5724002626249283
549.4494494494495 0.5722826044486868
549.6996996996997 0.5720995913427787
549.94994994995 0.5718511515677415
550.2002002002002 0.5715372393187201
550.4504504504505 0.5711578347372719
550.7007007007007 0.5707129439069933
550.950950950951 0.5702025988329761
551.2012012012012 0.5696268574051075
551.4514514514515 0.5689858033452515
551.7017017017017 0.5682795461383537
551.951951951952 0.5675082209475343
552.2022022022022 0.5666719885132412
552.4524524524525 0.5657710350365553
552.7027027027027 0.5648055720467472
552.952952952953 0.5637758362532022
553.2032032032032 0.5626820893818466
553.4534534534534 0.5615246179962141
553.7037037037037 0.560303733303311
553.9539539539539 0.5590197709444507
554.2042042042042 0.5576730907712368
554.4544544544544 0.5562640766068933
554.7047047047047 0.5547931359931465
554.9549549549549 0.5532606999228813
555.2052052052052 0.5516672225588001
555.4554554554554 0.5500131809383314
555.7057057057057 0.5482990746650404
555.9559559559559 0.5465254255868086
556.2062062062062 0.5446927774610598
556.4564564564564 0.5428016956073192
556.7067067067067 0.5408527665474041
556.956956956957 0.5388465976335522
557.2072072072073 0.5367838166648112
557.4574574574575 0.5346650714920024
557.7077077077078 0.5324910296116099
557.957957957958 0.5302623777489307
558.2082082082082 0.5279798214308363
558.4584584584585 0.5256440845485115
558.7087087087087 0.5232559089105324
558.958958958959 0.5208160537866616
559.2092092092092 0.5183252954427384
559.4594594594595 0.5157844266670536
559.7097097097097 0.5131942562885989
559.95995995996 0.5105556086875919
560.2102102102102 0.5078693232986762
560.4604604604605 0.5051362541072082
560.7107107107107 0.5023572691390381
560.960960960961 0.49953324994420206
561.2112112112112 0.4966650910749455
561.4614614614615 0.49375369955849435
561.7117117117117 0.4907999943650025
561.961961961962 0.4878049058710969
562.2122122122122 0.4847693753194501
562.4624624624624 0.4816943542748048
562.7127127127128 0.47858080407688125
562.962962962963 0.4754296952906009
563.2132132132133 0.4722420071540354
563.4634634634635 0.46901872702453656
563.7137137137138 0.46576084982345217
563.963963963964 0.462469377479861
564.2142142142143 0.459145318373749
564.4644644644645 0.45578968677904663
564.7147147147148 0.4524035023069462
564.964964964965 0.44898778934991296
565.2152152152153 0.44554357652680077
565.4654654654655 0.4420718961294814
565.7157157157158 0.4385737835713879
565.965965965966 0.4350502768383723
566.2162162162163 0.43150241594226907
566.4664664664665 0.4279312423775534
566.7167167167167 0.42433779858147597
566.966966966967 0.42072312739804896
567.2172172172172 0.4170882715462549
567.4674674674675 0.4134342730928389
567.7177177177177 0.40976217293004236
567.967967967968 0.40607301025862375
568.2182182182182 0.40236782207650995
568.4684684684685 0.3986476426734097
568.7187187187187 0.39491350313171336
568.968968968969 0.39116643083399766
569.2192192192192 0.3874074489774399
569.4694694694695 0.38363757609544336
569.7197197197197 0.37985782558676207
569.96996996997 0.37606920525240617
570.2202202202202 0.3722727168405981
570.4704704704704 0.368469355600042
570.7207207207207 0.364660109841757
570.9709709709709 0.3608459605097161
571.2212212212212 0.35702788076052305
571.4714714714714 0.3532068355523462
571.7217217217217 0.3493837812433235
571.9719719719719 0.3455596651996348
572.2222222222222 0.34173542541343593
572.4724724724725 0.33791199013082757
572.7227227227228 0.3340902774900413
572.972972972973 0.3302711951699724
573.2232232232233 0.3264556400492422
573.4734734734735 0.3226444978758992
573.7237237237238 0.31883864294789604
573.973973973974 0.31503893780445313
574.2242242242243 0.3112462329284151
574.4744744744745 0.30746136645969013
574.7247247247248 0.30368516391985717
574.974974974975 0.29991843794801004
575.2252252252252 0.2961619880479011
575.4754754754755 0.2924166003464328
575.7257257257257 0.28868304736353867
575.975975975976 0.28496208779348176
576.2262262262262 0.28125446629758993
576.4764764764765 0.27756091330843624
576.7267267267267 0.273882144845464
576.976976976977 0.27021886234204456
577.2272272272272 0.2665717524839465
577.4774774774775 0.2629414870591863
577.7277277277277 0.2593287228192192
577.977977977978 0.25573410135142155
578.2282282282283 0.2521582489628035
578.4784784784786 0.24860177657489477
578.7287287287288 0.24506527962970204
578.9789789789791 0.24154933800668513
579.2292292292293 0.23805451595063526
579.4794794794796 0.23458136201036178
579.7297297297298 0.23113040898807755
579.97997997998 0.22770217389936498
580.2302302302303 0.22429715794359753
580.4804804804805 0.22091584648468537
580.7307307307308 0.2175587090420052
580.980980980981 0.21422619929136877
581.2312312312313 0.2109187550758775
581.4814814814815 0.20763679842650418
581.7317317317318 0.20438073559223696
581.981981981982 0.2011509570796156
582.2322322322323 0.19794783770148283
582.4824824824825 0.19477173663477004
582.7327327327328 0.19162299748713113
582.982982982983 0.18850194837223241
583.2332332332332 0.1854089019935044
583.4834834834835 0.18234415573615367
583.7337337337337 0.1793079917672339
583.983983983984 0.1763006771435651
584.2342342342342 0.17332246392729356
584.4844844844845 0.17037358930887667
584.7347347347347 0.16745427573727573
584.984984984985 0.16456473105713845
585.2352352352352 0.16170514865274851
585.4854854854855 0.15887570759851832
585.7357357357357 0.15607657281579965
585.985985985986 0.15330789523578472
586.2362362362362 0.15056981196826894
586.4864864864865 0.1478624464760459
586.7367367367367 0.1451859087547041
586.986986986987 0.14254029551759437
587.2372372372372 0.1399256903857362
587.4874874874874 0.1373421640824324
587.7377377377377 0.1347897746323595
587.987987987988 0.13226856756490274
588.2382382382383 0.12977857612151175
588.4884884884885 0.12731982146682988
588.7387387387388 0.1248923129033917
588.988988988989 0.12249604808964411
589.2392392392393 0.12013101326107188
589.4894894894895 0.11779718345420213
589.7397397397398 0.11549452273326494
589.98998998999 0.11322298441929006
590.2402402402403 0.11098251132142098
590.4904904904905 0.10877303597023015
590.7407407407408 0.1065944808528224
590.990990990991 0.10444675864951511
591.2412412412413 0.1023297724718877
591.4914914914915 0.10024341610199484
591.7417417417417 0.09818757423254211
591.991991991992 0.09616212270782495
592.2422422422422 0.09416692876523616
592.4924924924925 0.0922018512771497
592.7427427427427 0.09026674099299341
592.992992992993 0.08836144078132575
593.2432432432432 0.08648578587173635
593.4934934934935 0.08463960409639398
593.7437437437438 0.08282271613106847
593.9939939939941 0.08103493573546303
594.2442442442443 0.07927606999268111
594.4944944944946 0.07754591954768371
594.7447447447448 0.0758442788445698
594.9949949949951 0.07417093636253337
595.2452452452453 0.07252567485034966
595.4954954954956 0.07090827155924917
595.7457457457458 0.06931849847404035
595.995995995996 0.06775612254234976
596.2462462462463 0.06622090590184986
596.4964964964965 0.06471260610535143
596.7467467467468 0.06323097634364166
596.996996996997 0.06177576566595259
597.2472472472473 0.06034671919795139
597.4974974974975 0.058943578357146316
597.7477477477478 0.05756608106560833
597.997997997998 0.05621396195991316
598.2482482482483 0.05488695259821167
598.4984984984985 0.05358478166434281
598.7487487487488 0.05230717516890735
598.998998998999 0.05105385664722436
599.2492492492493 0.049824547354098636
599.4994994994995 0.04861896645533013
599.7497497497498 0.04743683121590198
600.0 0.046277857184787774
