350.0 0.6592406302004438
350.25025025025025 0.6619890481951796
350.5005005005005 0.664735047996607
350.75075075075074 0.6674785046913895
351.001001001001 0.6702192930089386
351.25125125125123 0.6729572873304214
351.5015015015015 0.6756923616978405
351.7517517517517 0.6784243898231881
352.00200200200203 0.6811532450976707
352.2522522522523 0.6838788006010036
352.5025025025025 0.6866009291107803
352.75275275275277 0.6893195031119053
353.003003003003 0.6920343948060982
353.25325325325326 0.6947454761214646
353.5035035035035 0.6974526187221338
353.75375375375376 0.7001556940179609
354.004004004004 0.7028545731742942
354.25425425425425 0.7055491271218067
354.5045045045045 0.7082392265663884
354.75475475475474 0.7109247419991015
355.005005005005 0.7136055437061962
355.25525525525524 0.7162815017791854
355.5055055055055 0.7189524861249771
355.75575575575573 0.7216183664760669
356.00600600600603 0.724279012400784
356.2562562562563 0.7269342933135922
356.5065065065065 0.7295840784854498
356.7567567567568 0.7322282370542166
357.007007007007 0.7348666380351163
357.25725725725727 0.7374991503312488
357.5075075075075 0.7401256427441526
357.75775775775776 0.7427459839844153
358.008008008008 0.7453600426823318
358.25825825825825 0.7479676873986086
358.5085085085085 0.7505687866351134
358.75875875875874 0.7531632088456682
359.009009009009 0.7557508224468855
359.25925925925924 0.7583314958290456
359.5095095095095 0.7609050973670142
359.75975975975973 0.7634714954311992
360.01001001001003 0.7660305583985457
360.2602602602603 0.7685821546635646
360.5105105105105 0.7711261526494024
360.7607607607608 0.7736624208189391
361.011011011011 0.7761908276859208
361.26126126126127 0.7787112418261258
361.5115115115115 0.7812235318885574
361.76176176176176 0.7837275666066679
362.012012012012 0.786223214809609
362.26226226226225 0.7887103454335094
362.5125125125125 0.7911888275327753
362.76276276276275 0.793658530291417
363.013013013013 0.7961193230343955
363.26326326326324 0.7985710752389906
363.5135135135135 0.8010136565461897
363.7637637637638 0.803446936772093
364.01401401401404 0.8058707859193334
364.2642642642643 0.8082850741885191
364.51451451451453 0.8106896719896818
364.7647647647648 0.8130844499537421
365.015015015015 0.8154692789439842
365.26526526526527 0.8178440300675422
365.5155155155155 0.8202085746868921
365.76576576576576 0.8225627844313532
366.016016016016 0.8249065312085934
366.26626626626626 0.8272396872161387
366.5165165165165 0.8295621249528868
366.76676676676675 0.8318737172306195
367.017017017017 0.8341743371855169
367.26726726726724 0.8364638582896686
367.5175175175175 0.8387421543625827
367.7677677677678 0.8410090995826894
368.01801801801804 0.8432645684988381
368.2682682682683 0.8455084360417899
368.51851851851853 0.8477405775356966
368.7687687687688 0.8499608687095732
369.019019019019 0.8521691857087564
369.2692692692693 0.8543654051063501
369.5195195195195 0.8565494039146562
369.76976976976977 0.858721059596589
370.02002002002 0.8608802500770727
370.27027027027026 0.8630268537544177
370.5205205205205 0.8651607495116775
370.77077077077075 0.8672818167279842
371.021021021021 0.8693899352898573
371.2712712712713 0.8714849856024917
371.52152152152155 0.8735668486010134
371.7717717717718 0.8756354057617138
372.02202202202204 0.8776905391132486
372.2722722722723 0.8797321312478085
372.52252252252254 0.8817600653322571
372.7727727727728 0.883774225119234
373.02302302302303 0.8857744949582226
373.2732732732733 0.8877607598065819
373.5235235235235 0.8897329052405385
373.77377377377377 0.8916908174661394
374.024024024024 0.8936343833301638
374.27427427427426 0.895563490330991
374.5245245245245 0.8974780266294249
374.77477477477476 0.8993778810594728
375.025025025025 0.9012629431390763
375.27527527527525 0.9031331030807941
375.52552552552555 0.9049882518024353
375.7757757757758 0.9068282809376385
376.02602602602605 0.9086530828464026
376.2762762762763 0.9104625506255589
376.52652652652654 0.9122565781191898
376.7767767767768 0.9140350599289889
377.02702702702703 0.9157978914245639
377.2772772772773 0.9175449687536782
377.5275275275275 0.9192761888524316
377.77777777777777 0.9209914494553787
378.028028028028 0.9226906491055817
378.27827827827826 0.924373687164599
378.5285285285285 0.9260404638224059
378.77877877877876 0.9276908801072479
379.02902902902906 0.9293248378954228
379.2792792792793 0.9309422399209928
379.52952952952955 0.9325429897854249
379.7797797797798 0.9341269919671564
380.03003003003005 0.9356941518310844
380.2802802802803 0.9372443756379819
380.53053053053054 0.9387775705538335
380.7807807807808 0.9402936446590933
381.03103103103103 0.9417925069578619
381.2812812812813 0.943274067386983
381.5315315315315 0.9447382368250559
381.7817817817818 0.9461849271013644
382.032032032032 0.9476140510047202
382.28228228228227 0.9490255222922204
382.5325325325325 0.950419255697916
382.78278278278276 0.9517951669413923
383.033033033033 0.9531531727362588
383.2832832832833 0.9544931907985473
383.53353353353356 0.9558151398550178
383.7837837837838 0.9571189396513706
384.03403403403405 0.958404510960363
384.2842842842843 0.9596717755898305
384.53453453453454 0.9609206563906104
384.7847847847848 0.9621510772643664
385.03503503503504 0.9633629631713151
385.2852852852853 0.9645562401378514
385.53553553553553 0.9657308352640708
385.7857857857858 0.9668866767311914
386.036036036036 0.9680236938088704
386.28628628628627 0.9691418168624161
386.5365365365365 0.9702409773598945
386.7867867867868 0.9713211078791284
387.03703703703707 0.972382142114589
387.2872872872873 0.9734240148841786
387.53753753753756 0.9744466621359036
387.7877877877878 0.975450020954436
388.03803803803805 0.9764340295675639
388.2882882882883 0.9773986273525296
388.53853853853855 0.9783437548422526
388.7887887887888 0.97926935373144
389.03903903903904 0.9801753668825803
389.2892892892893 0.9810617383318219
389.53953953953953 0.9819284132947332
389.7897897897898 0.9827753381719464
390.04004004004 0.9836024605546816
390.2902902902903 0.9844097292301516
390.5405405405405 0.9851970941868466
390.79079079079077 0.9859645066196977
391.04104104104107 0.9867119189351189
391.2912912912913 0.9874392847559255
391.54154154154156 0.9881465589261312
391.7917917917918 0.9888336975156199
392.04204204204206 0.9895006578246925
392.2922922922923 0.9901473983884901
392.54254254254255 0.9907738789812898
392.7927927927928 0.9913800606206744
393.04304304304304 0.9919659055715758
393.2932932932933 0.9925313773501891
393.54354354354354 0.99307644072776
393.7937937937938 0.9936010617342422
394.044044044044 0.9941052076618263
394.2942942942943 0.994588847068338
394.5445445445446 0.9950519497805067
394.7947947947948 0.9954944868971027
395.0450450450451 0.9959164307919439
395.2952952952953 0.9963177551167689
395.54554554554556 0.9966984348039807
395.7957957957958 0.9970584460692553
396.04604604604606 0.9973977664140191
396.2962962962963 0.9977163746277915
396.54654654654655 0.9980142507903957
396.7967967967968 0.9982913762740339
397.04704704704704 0.9985477337452284
397.2972972972973 0.9987833071666301
397.54754754754754 0.9989980817986892
397.7977977977978 0.9991920442011929
398.04804804804803 0.9993651822346676
398.2982982982983 0.9995174850616444
398.5485485485485 0.9996489431477912
398.7987987987988 0.9997595482629059
399.0490490490491 0.9998492934817766
399.2992992992993 0.9999181731849041
399.54954954954957 0.9999661830590878
399.7997997997998 0.9999933200978772
400.05005005005006 0.9999995826018848
400.3003003003003 0.9999849701789643
400.55055055055055 0.9999494837442514
400.8008008008008 0.9998931255200685
401.05105105105105 0.999815899035693
401.3013013013013 0.9997178091269894
401.55155155155154 0.9995988619359046
401.8018018018018 0.9994590649098276
402.05205205205203 0.9992984268008115
402.30230230230234 0.9991169576646625
402.5525525525526 0.9989146688598893
402.80280280280283 0.9986915730465196
403.0530530530531 0.9984476841847795
403.3033033033033 0.9981830175336384
403.55355355355357 0.9978975896492175
403.8038038038038 0.9975914183830652
404.05405405405406 0.9972645228802962
404.3043043043043 0.9969169235775964
404.55455455455456 0.9965486422010951
404.8048048048048 0.9961597017641011
405.05505505505505 0.9957501265647077
405.3053053053053 0.9953199421832628
405.55555555555554 0.9948691754797068
405.8058058058058 0.9943978545907789
406.05605605605604 0.9939060089270901
406.3063063063063 0.9933936691700657
406.5565565565566 0.9928608672687564
406.80680680680683 0.9923076364365189
407.0570570570571 0.9917340111475658
407.3073073073073 0.9911400271333869
407.5575575575576 0.9905257213790406
407.8078078078078 0.9898911321193171
408.05805805805807 0.9892362988347735
408.3083083083083 0.9885612622476417
408.55855855855856 0.9878660643176093
408.8088088088088 0.9871507482374738
409.05905905905905 0.986415358428673
409.3093093093093 0.985659940536688
409.55955955955955 0.9848845414263244
409.8098098098098 0.984089209176868
410.0600600600601 0.9832739930771188
410.31031031031034 0.9824389436203033
410.5605605605606 0.9815841124988637
410.81081081081084 0.9807095525991281
411.0610610610611 0.9798153179958603
411.31131131131133 0.978901463946691
411.5615615615616 0.9779680468864297
411.8118118118118 0.9770151244212608
412.06206206206207 0.9760427553228215
412.3123123123123 0.9750509995221656
412.56256256256256 0.9740399181036111
412.8128128128128 0.9730095732984756
413.06306306306305 0.9719600284786963
413.3133133133133 0.970891348150341
413.56356356356355 0.9698035979470045
413.8138138138138 0.9686968446230987
414.06406406406404 0.9675711560470304
414.3143143143143 0.9664266011942723
414.5645645645646 0.9652632501403265
414.81481481481484 0.9640811740535835
415.0650650650651 0.9628804451880726
415.31531531531533 0.9616611368761109
415.5655655655656 0.9604233235208502
415.8158158158158 0.9591670805887188
416.06606606606607 0.9578924846017652
416.3163163163163 0.9565996131299014
416.56656656656656 0.9552885447830469
416.8168168168168 0.953959359203177
417.06706706706706 0.9526121370562726
417.3173173173173 0.9512469600241769
417.5675675675676 0.9498639107963575
417.81781781781785 0.9484630730615764
418.0680680680681 0.9470445314994665
418.31831831831835 0.9456083717720211
418.5685685685686 0.9441546805149912
418.81881881881884 0.9426835453291978
419.0690690690691 0.9411950547717561
419.31931931931933 0.939689298347215
419.5695695695696 0.9381663664986124
419.8198198198198 0.9366263505984486
420.0700700700701 0.935069342939578
420.3203203203203 0.9334954367260208
420.57057057057057 0.9319047260636962
420.8208208208208 0.9302973059510792
421.07107107107106 0.9286732722697797
421.3213213213213 0.927032721775049
421.57157157157155 0.9253757520862123
421.8218218218218 0.9237024616770297
422.07207207207205 0.922012949865987
422.32232232232235 0.9203073168065175
422.5725725725726 0.9185856634771574
422.82282282282284 0.9168480916716335
423.0730730730731 0.9150947039888875
423.32332332332334 0.913325603823038
423.5735735735736 0.9115408953532798
423.82382382382383 0.9097406835337236
424.0740740740741 0.9079250740831782
424.3243243243243 0.9060941734748736
424.57457457457457 0.9042480889261307
424.8248248248248 0.9023869283879771
425.07507507507506 0.9005108005347083
425.32532532532537 0.8986198147534009
425.5755755755756 0.8967140811333766
425.82582582582586 0.8947937104556152
426.0760760760761 0.8928588141821254
426.32632632632635 0.8909095044452704
426.5765765765766 0.8889458940370489
426.82682682682685 0.8869680963983378
427.0770770770771 0.8849762256080936
427.32732732732734 0.8829703963725164
427.5775775775776 0.8809507240141782
427.82782782782783 0.8789173244611165
428.0780780780781 0.8768703142358958
428.3283283283283 0.8748098104446369
428.5785785785786 0.8727359307660182
428.8288288288288 0.8706487934402489
429.07907907907907 0.8685485172580167
429.3293293293293 0.8664352215494109
429.57957957957956 0.8643090261728236
429.8298298298298 0.8621700515038313
430.08008008008005 0.8600184184240568
430.33033033033036 0.8578542483100134
430.5805805805806 0.8556776630219385
430.83083083083085 0.8534887848926066
431.0810810810811 0.8512877367161386
431.33133133133134 0.8490746417367967
431.5815815815816 0.846849623637774
431.83183183183183 0.8446128065299785
432.0820820820821 0.8423643149408112
432.3323323323323 0.8401042738029459
432.5825825825826 0.8378328084431061
432.8328328328328 0.8355500445708463
433.0830830830831 0.8332561082673345
433.33333333333337 0.830951125974147
433.5835835835836 0.8286352244820623
433.83383383383386 0.8263085309198729
434.0840840840841 0.8239711727432065
434.33433433433436 0.821623277723361
434.5845845845846 0.8192649739361568
434.83483483483485 0.816896389750808
435.0850850850851 0.8145176538188136
435.33533533533534 0.8121288950628712
435.5855855855856 0.8097302426658181
435.83583583583584 0.8073218260595961
436.0860860860861 0.8049037749142491
436.33633633633633 0.8024762191269508
436.5865865865866 0.8000392888110666
436.8368368368368 0.7975931142852523
437.08708708708707 0.7951378260625912
437.3373373373373 0.7926735548397729
437.58758758758756 0.790200431486314
437.8378378378378 0.7877185870338267
438.0880880880881 0.785228152665334
438.33833833833836 0.7827292597046379
438.5885885885886 0.7802220396057375
438.83883883883885 0.7777066239423063
439.0890890890891 0.7751831443972258
439.33933933933935 0.7726517327521816
439.5895895895896 0.7701125208773221
439.83983983983984 0.7675656407209839
440.0900900900901 0.7650112242994866
440.34034034034033 0.7624494036869987
440.5905905905906 0.7598803110054787
440.8408408408409 0.7573040784146927
441.09109109109113 0.7547208381023159
441.3413413413414 0.7521307222741099
441.5915915915916 0.7495338631441938
441.84184184184187 0.7469303929254004
442.0920920920921 0.7443204438197252
442.34234234234236 0.7417041480088712
442.5925925925926 0.7390816376448914
442.84284284284286 0.7364530448409333
443.0930930930931 0.7338185016620877
443.34334334334335 0.7311781401163463
443.5935935935936 0.7285320921456694
443.84384384384384 0.7258804896171691
444.0940940940941 0.7232234643144111
444.34434434434434 0.7205611479288363
444.5945945945946 0.7178936720513094
444.84484484484483 0.7152211681637949
445.0950950950951 0.7125437676311659
445.3453453453453 0.7098616016931487
445.59559559559557 0.7071748014564074
445.8458458458459 0.7044834978867702
446.0960960960961 0.7017878218016083
446.34634634634637 0.6990879038623575
446.5965965965966 0.6963838745672031
446.84684684684686 0.6936758642439197
447.0970970970971 0.6909640030428756
447.34734734734735 0.6882484209302049
447.5975975975976 0.6855292476811503
447.84784784784785 0.6828066128735836
448.0980980980981 0.6800806458817042
448.34834834834834 0.6773514758699255
448.59859859859864 0.6746192317869464
448.8488488488489 0.6718840423600231
449.09909909909913 0.6691460360894297
449.3493493493494 0.6664053412431311
449.5995995995996 0.6636620858516586
449.8498498498499 0.6609163977031995
450.1001001001001 0.6581684043389036
450.35035035035037 0.6554182330484123
450.6006006006006 0.6526660108656159
450.85085085085086 0.6499118645646417
451.1011011011011 0.6471559206560806
451.35135135135135 0.6443983053834563
451.6016016016016 0.6416391447199423
451.85185185185185 0.6388785643653321
452.1021021021021 0.6361166897432684
452.35235235235234 0.6333536459987353
452.6026026026026 0.6305895579958216
452.85285285285283 0.6278245503157579
453.1031031031031 0.6250587472552347
453.3533533533533 0.6222922728250072
453.60360360360363 0.6195252507487911
453.8538538538539 0.6167578044624591
454.1041041041041 0.6139900571135357
454.35435435435437 0.6112221315610067
454.6046046046046 0.6084541503754411
454.85485485485486 0.6056862358394361
455.1051051051051 0.6029185099483874
455.35535535535536 0.6001510944115938
455.6056056056056 0.597384110653702
455.85585585585585 0.5946176798164957
456.1061061061061 0.5918519227610362
456.3563563563564 0.5890869600701603
456.60660660660665 0.5863229120513461
456.8568568568569 0.5835598987399406
457.10710710710714 0.5807980399027715
457.3573573573574 0.5780374550421367
457.60760760760763 0.575278263400185
457.8578578578579 0.5725205839636885
458.1081081081081 0.5697645354692191
458.3583583583584 0.5670102364087294
458.6086086086086 0.5642578050355479
458.85885885885887 0.5615073593707935
459.1091091091091 0.5587590172102155
459.35935935935936 0.556012896131463
459.6096096096096 0.5532691135017945
459.85985985985985 0.5505277864862286
460.1101101101101 0.5477890320561442
460.36036036036035 0.5450529669983356
460.6106106106106 0.5423197079245289
460.86086086086084 0.539589371281363
461.1111111111111 0.5368620733608432
461.3613613613614 0.5341379303112719
461.61161161161164 0.5314170581486625
461.8618618618619 0.5286995727686373
462.11211211211213 0.5259855899588223
462.3623623623624 0.5232752254117369
462.6126126126126 0.5205685947381868
462.86286286286287 0.5178658134811625
463.1131131131131 0.5151669971302496
463.36336336336336 0.5124722611365552
463.6136136136136 0.5097817209281513
463.86386386386386 0.5070954919260433
464.11411411411416 0.5044136895606632
464.3643643643644 0.5017364292888966
464.61461461461465 0.4990638266116352
464.8648648648649 0.4963959970918719
465.11511511511515 0.49373305637333115
465.3653653653654 0.49107512019963945
465.61561561561564 0.4884223044340378
465.8658658658659 0.4857747250796392
466.11611611611613 0.48313249830022964
466.3663663663664 0.480495740441615
466.6166166166166 0.477864568053515
466.86686686686687 0.4752390979120021
467.1171171171171 0.4726194470424876
467.36736736736736 0.4700057327432515
467.6176176176176 0.4673980726095184
467.86786786786786 0.4647965845580726
468.1181181181181 0.4622013868524165
468.36836836836835 0.45961259812846456
468.6186186186186 0.4570303374207725
468.86886886886884 0.45445472418929705
469.11911911911915 0.45188587834668154
469.3693693693694 0.4493239202860665
469.61961961961964 0.4467689709094104
469.8698698698699 0.4442211516563273
470.12012012012013 0.44168058453342507
470.3703703703704 0.4391473921441408
470.6206206206206 0.4366216977190659
470.8708708708709 0.4341036251467501
471.1211211211211 0.43159329900497806
471.37137137137137 0.4290908445925059
471.6216216216216 0.42659638796124927
471.8718718718719 0.4241100559489085
472.12212212212216 0.4216319762120252
472.3723723723724 0.419162277259446
472.62262262262266 0.4167010884861918
472.8728728728729 0.414248540207711
473.12312312312315 0.4118047636945023
473.3733733733734 0.40936989120709133
473.62362362362364 0.40694405603134504
473.8738738738739 0.4045273925141032
474.12412412412414 0.40212003609911084
474.3743743743744 0.39972212336322965
474.62462462462463 0.3973337920529086
474.8748748748749 0.3949551811208917
475.1251251251251 0.3925864307631403
475.37537537537537 0.3902276824559464
475.6256256256256 0.38787907899321067
475.87587587587586 0.38554076452386277
476.1261261261261 0.38321288458939323
476.37637637637636 0.38089558616147234
476.6266266266266 0.3785890176796255
476.8768768768769 0.3762933290889351
477.12712712712715 0.3740086718777411
477.3773773773774 0.37173519911530045
477.62762762762765 0.3694730654893826
477.8778778778779 0.36722242734375937
478.12812812812814 0.36498344271555716
478.3783783783784 0.36275627137243305
478.62862862862863 0.3605410748495401
478.8788788788789 0.3583380164862408
479.1291291291292 0.3561472614625293
479.37937937937943 0.3539689768351255
479.6296296296297 0.3518033315731902
479.8798798798799 0.3496504965936288
480.13013013013017 0.3475106447959329
480.3803803803804 0.34538395109651604
480.63063063063066 0.3432705924624978
480.8808808808809 0.3411707479448892
481.13113113113116 0.3390845987111292
481.3813813813814 0.33701232807692577
481.63163163163165 0.3349541215373478
481.8818818818819 0.3329101667971187
482.13213213213214 0.330880653800058
482.3823823823824 0.3288657747576172
482.63263263263264 0.3268657241764567
482.8828828828829 0.3248806988850062
483.13313313313313 0.3229108980589538
483.3833833833834 0.3209565232456062
483.6336336336336 0.31901777838706075
483.88388388388387 0.31709486984213175
484.1341341341341 0.3151880064069696
484.38438438438436 0.31329739933431344
484.6346346346346 0.31142326235131523
484.88488488488485 0.30956581167587205
485.13513513513516 0.30772526603140604
485.3853853853854 0.30590184666002784
485.63563563563565 0.30409577733401566
485.8858858858859 0.30230728436555176
486.13613613613614 0.3005365966146472
486.3863863863864 0.29878394549518883
486.63663663663664 0.297049564979045
486.88688688688694 0.29533369159816064
487.1371371371372 0.2936365644445807
487.38738738738743 0.2919584251683242
487.6376376376377 0.2902995179730554
487.8878878878879 0.2886600896094746
488.1381381381382 0.2870403893663657
488.3883883883884 0.28544066905923265
488.63863863863867 0.2838611830164572
488.8888888888889 0.28230218806291163
489.13913913913916 0.28076394350095857
489.3893893893894 0.27924671108877325
489.63963963963965 0.27775075501591945
489.8898898898899 0.27627634187611694
490.14014014014015 0.27482374063713144
490.3903903903904 0.2733932226077263
490.64064064064064 0.2719850614016088
490.8908908908909 0.2705995328983108
491.14114114114113 0.2692369152009399
491.3913913913914 0.26789748859074053
491.6416416416416 0.26658153547840446
491.8918918918919 0.26528934035207274
492.1421421421421 0.26402118972197003
492.39239239239237 0.26277737206161544
492.6426426426426 0.26155817774555545
492.8928928928929 0.2603638989835644
493.14314314314316 0.2591948297512628
493.3933933933934 0.2580512657170983
493.64364364364366 0.2569335041656488
493.8938938938939 0.2558418439171946
494.14414414414415 0.2547765852435178
494.3943943943944 0.2537380297798879
494.6446446446447 0.2527264804331911
494.89489489489495 0.2517422412861686
495.1451451451452 0.25078561749772516
495.39539539539544 0.2498569151992786
495.6456456456457 0.2489564413871188
495.89589589589593 0.24808450381074865
496.1461461461462 0.24724141085718293
496.3963963963964 0.24642747143118424
496.6466466466467 0.24564299483141672
496.8968968968969 0.24488829062250272
497.14714714714717 0.24416366850297105
497.3973973973974 0.24346943816908712
497.64764764764766 0.24280590917456107
497.8978978978979 0.2421733907861314
498.14814814814815 0.241572191835027
498.3983983983984 0.2410026205643131
498.64864864864865 0.24046498447213047
498.8988988988989 0.23995959015084292
499.14914914914914 0.23948674312210858
499.3993993993994 0.2390467476678998
499.64964964964963 0.23863990665749446
499.8998998998999 0.23826652137047166
500.1501501501501 0.23792689131574463
500.4004004004004 0.23762131404667158
500.6506506506507 0.23735008497228643
500.9009009009009 0.2371134971646992
501.15115115115117 0.23691184116271777
501.4014014014014 0.23674540477174894
501.65165165165166 0.23661447286004222
501.9019019019019 0.2365193271513411
502.15215215215215 0.2364602460140167
502.40240240240246 0.23643750424675794
502.6526526526527 0.23645137286090312
502.90290290290295 0.23650211885949707
503.1531531531532 0.2365900050131676
503.40340340340344 0.23671528963291816
503.6536536536537 0.2368782263399376
503.90390390390394 0.23707906383253602
504.1541541541542 0.23731804565031728
504.40440440440443 0.23759540993570716
504.6546546546547 0.23791138919295896
504.9049049049049 0.238266210044764
505.15515515515517 0.23866009298660062
505.4054054054054 0.23909325213895904
505.65565565565566 0.2395658949975847
505.9059059059059 0.24007822218188934
506.15615615615616 0.24063042718168165
506.4064064064064 0.24122269610237507
506.65665665665665 0.24185520740883754
506.9069069069069 0.24252813166804899
507.15715715715714 0.2432416312907396
507.4074074074074 0.24399586027218706
507.65765765765764 0.24479096393235272
507.9079079079079 0.2456270786555453
508.15815815815813 0.24650433162980112
508.40840840840843 0.24742284058617775
508.6586586586587 0.2483827135381586
508.9089089089089 0.24938404852137486
509.1591591591592 0.2504269333338504
509.4094094094094 0.2515114452769813
509.65965965965967 0.252637650897467
509.9099099099099 0.25380560573041067
510.16016016016016 0.25501535404381204
510.41041041041046 0.2562669285846787
510.6606606606607 0.2575603503269833
510.91091091091096 0.25889562822170276
511.1611611611612 0.260272758949169
511.41141141141145 0.2616917266739733
511.6616616616617 0.26315250280266167
511.91191191191194 0.26465504574446513
512.1621621621622 0.2661993006753078
512.4124124124124 0.2677851993053408
512.6626626626627 0.2694126596502478
512.9129129129129 0.2710815858065739
513.1631631631632 0.27279186773132574
513.4134134134134 0.27454338102609743
513.6636636636637 0.27633598672597104
513.9139139139139 0.27816953109344783
514.1641641641642 0.2800438454176603
514.4144144144144 0.28195874581912034
514.6646646646647 0.2839140330602548
514.9149149149149 0.2859094923619808
515.1651651651651 0.2879448932265737
515.4154154154154 0.290019989267075
515.6656656656656 0.2921345180434935
515.9159159159159 0.29428820090604285
516.1661661661662 0.29648074284566506
516.4164164164165 0.29871183235207655
516.6666666666667 0.3009811412795913
516.916916916917 0.3032883247209423
517.1671671671672 0.3056330208893483
517.4174174174175 0.3080148510090539
517.6676676676677 0.31043341921457174
517.917917917918 0.3128883124588506
518.1681681681682 0.3153791004305906
518.4184184184185 0.31790533548092037
518.6686686686687 0.32046655255964795
518.918918918919 0.32306226916129094
519.1691691691692 0.3256919852810861
519.4194194194195 0.3283551833811745
519.6696696696697 0.33105132836715007
519.91991991992 0.33377986757515465
520.1701701701702 0.336540230769697
520.4204204204204 0.3393318301523632
520.6706706706707 0.3421540603815829
520.9209209209209 0.345006298603606
521.1711711711712 0.3478879044948364
521.4214214214214 0.350798220315665
521.6716716716717 0.3537365709759301
521.9219219219219 0.35670226411213257
522.1721721721722 0.3596945901765171
522.4224224224224 0.3627128225381275
522.6726726726727 0.3657562175959312
522.9229229229229 0.3688240149041031
523.1731731731732 0.37191543730954324
523.4234234234234 0.37502969110169926
523.6736736736736 0.37816596617475107
523.9239239239239 0.38132343620220527
524.1741741741741 0.3845012588239385
524.4244244244244 0.38769857584571576
524.6746746746746 0.3909145134512012
524.9249249249249 0.39414818242646676
525.1751751751751 0.39739867839699416
525.4254254254254 0.40066508207715346
525.6756756756756 0.40394645953213076
525.925925925926 0.4072418624522682
526.1761761761762 0.41055032843975625
526.4264264264265 0.4138708813076406
526.6766766766767 0.41720253139103725
526.926926926927 0.42054427587049714
527.1771771771772 0.42389509910741013
527.4274274274275 0.42725397299134565
527.6776776776777 0.43061985729920527
527.927927927928 0.4339917000660582
528.1781781781782 0.43736843796751396
528.4284284284284 0.44074899671347606
528.6786786786787 0.44413229145310995
528.9289289289289 0.44751722719084475
529.1791791791792 0.45090269921321824
529.4294294294294 0.4542875935263608
529.6796796796797 0.4576707873039059
529.9299299299299 0.46105114934509983
530.1801801801802 0.4644275405428719
530.4304304304304 0.4677988143616201
530.6806806806807 0.47116381732444923
530.9309309309309 0.4745213895095918
531.1811811811812 0.4778703650557309
531.4314314314314 0.48120957267593184
531.6816816816818 0.4845378361798812
531.931931931932 0.48785397500411354
532.1821821821823 0.49115680474992207
532.4324324324325 0.4944451377285939
532.6826826826828 0.4977177835136472
532.932932932933 0.5009735494997125
533.1831831831832 0.5042112414676967
533.4334334334335 0.5074296641558613
533.6836836836837 0.510627621836439
533.933933933934 0.5138039188973984
534.1841841841842 0.5169573604289688
534.4344344344345 0.5200867528145174
534.6846846846847 0.5231909043253783
534.934934934935 0.526268625719209
535.1851851851852 0.5293187308414621
535.4354354354355 0.5323400372295379
535.6856856856857 0.5353313667191868
535.935935935936 0.538291546052724
536.1861861861862 0.5412194074886116
536.4364364364365 0.5441137894119605
536.6866866866867 0.5469735369455003
536.936936936937 0.5497975025605611
537.1871871871872 0.5525845466876096
537.4374374374374 0.5553335383258763
537.6876876876877 0.5580433556516111
537.9379379379379 0.5607128866245009
538.1881881881882 0.563341029591782
538.4384384384384 0.5659266938895807
538.6886886886887 0.5684688004410107
538.9389389389389 0.5709662823505617
539.1891891891892 0.5734180854943085
539.4394394394394 0.5758231691054758
539.6896896896897 0.5781805063548909
539.9399399399399 0.5804890849258616
540.1901901901902 0.5827479075830164
540.4404404404404 0.5849559927346523
540.6906906906906 0.5871123749881266
540.9409409409409 0.5892161056978521
541.1911911911911 0.591266253505438
541.4414414414415 0.5932619048715418
541.6916916916917 0.5952021645989858
541.941941941942 0.5970861563467216
542.1921921921922 0.5989130231341981
542.4424424424425 0.6006819278357279
542.6926926926927 0.6023920536644342
542.942942942943 0.6040426046453748
543.1931931931932 0.6056328060774472
543.4434434434435 0.6071619049836843
543.6936936936937 0.6086291705495643
543.943943943944 0.6100338945489612
544.1941941941942 0.6113753917573765
544.4444444444445 0.6126530003521025
544.6946946946947 0.6138660822989729
544.944944944945 0.6150140237253752
545.1951951951952 0.6160962352792028
545.4454454454454 0.6171121524734413
545.6956956956957 0.6180612360160926
545.9459459459459 0.6189429721251538
546.1961961961962 0.6197568728283787
546.4464464464464 0.620502476247566
546.6966966966967 0.6211793468671261
546.9469469469469 0.6217870757866957
547.1971971971973 0.6223252809575827
547.4474474474475 0.6227936074028328
547.6976976976978 0.6231917274207348
547.947947947948 0.6235193407715771
548.1981981981983 0.6237761748475034
548.4484484484485 0.6239619848253148
548.6986986986988 0.6240765538020863
548.948948948949 0.6241196929134806
549.1991991991993 0.6240912414346563
549.4494494494495 0.6239910668636822
549.6996996996997 0.6238190649873868
549.94994994995 0.6235751599295842
550.2002002002002 0.6232593041816359
550.4504504504505 0.6228714786153222
550.7007007007007 0.6224116924780131
550.950950950951 0.6218799833701422
551.2012012012012 0.6212764172050045
551.4514514514515 0.6206010881509156
551.7017017017017 0.6198541185557803
551.951951951952 0.6190356588541405
552.2022022022022 0.6181458874567813
552.4524524524525 0.617185010622996
552.7027027027027 0.6161532623156185
552.952952952953 0.6150509040389522
553.2032032032032 0.6138782246597386
553.4534534534534 0.6126355402113185
553.7037037037037 0.6113231936811621
553.9539539539539 0.6099415547819484
554.2042042042042 0.6084910197063983
554.4544544544544 0.6069720108660694
554.7047047047047 0.6053849766143455
554.9549549549549 0.6037303909538568
555.2052052052052 0.6020087532285862
555.4554554554554 0.6002205878009282
555.7057057057057 0.598366443713979
555.9559559559559 0.596446894339348
556.2062062062062 0.5944625370107967
556.4564564564564 0.5924139926440152
556.7067067067067 0.5903019053428676
556.956956956957 0.588126941992436
557.2072072072073 0.5858897918392216
557.4574574574575 0.5835911660588423
557.7077077077078 0.5812317973116142
557.957957957958 0.5788124392863796
558.2082082082082 0.5763338662329706
558.4584584584585 0.5737968724837044
558.7087087087087 0.5712022719643078
558.958958958959 0.5685508976946849
559.2092092092092 0.5658436012799413
559.4594594594595 0.5630812523920893
559.7097097097097 0.5602647382428648
559.95995995996 0.5573949630480907
560.2102102102102 0.5544728474840265
560.4604604604605 0.5514993281361524
560.7107107107107 0.5484753569408373
560.960960960961 0.5454019006203422
561.2112112112112 0.5422799401116231
561.4614614614615 0.5391104699893863
561.7117117117117 0.535894497883867
561.961961961962 0.5326330438937905
562.2122122122122 0.5293271399949877
562.4624624624624 0.5259778294451288
562.7127127127128 0.5225861661850466
562.962962962963 0.5191532142371245
563.2132132132133 0.5156800471011964
563.4634634634635 0.5121677471484559
563.7137137137138 0.50861740501382
563.963963963964 0.5050301189872204
564.2142142142143 0.5014069944042833
564.4644644644645 0.4977491430368593
564.7147147147148 0.49405768248386056
564.964964964965 0.49033373556285675
565.2152152152153 0.48657842970288284
565.4654654654655 0.48279289633890204
565.7157157157158 0.478978270308366
565.965965965966 0.4751356892503074
566.2162162162163 0.47126629300739487
566.4664664664665 0.4673712230313755
566.7167167167167 0.4634516217923223
566.966966966967 0.4595086321920977
567.2172172172172 0.45554339698243823
567.4674674674675 0.4515570581880562
567.7177177177177 0.4475507565351497
567.967967967968 0.4435256308856991
568.2182182182182 0.4394828176779262
568.4684684684685 0.4354234503732781
568.7187187187187 0.4313486589102923
568.968968968969 0.4272595691656886
569.2192192192192 0.423157302423025
569.4694694694695 0.41904297484924474
569.7197197197197 0.41491769697943043
569.96996996997 0.4107825732100741
570.2202202202202 0.4066387013011581
570.4704704704704 0.40248717188733346
570.7207207207207 0.3983290679984715
570.9709709709709 0.39416546458985147
571.2212212212212 0.3899974280822396
571.4714714714714 0.3858260159120995
571.7217217217217 0.38165227609216656
571.9719719719719 0.37747724678260347
572.2222222222222 0.373301955872947
572.4724724724725 0.3691274205750383
572.7227227227228 0.3649546470271327
572.972972972973 0.3607846299093348
573.2232232232233 0.3566183520705555
573.4734734734735 0.35245678416711246
573.7237237237238 0.3483008843131233
573.973973973974 0.3441515977428126
574.2242242242243 0.34000985648484977
574.4744744744745 0.33587657904881496
574.7247247247248 0.3317526701238872
574.974974974975 0.32763902028982994
575.2252252252252 0.3235365057403421
575.4754754754755 0.3194459880188278
575.7257257257257 0.3153683137666312
575.975975975976 0.31130431448376483
576.2262262262262 0.3072548063021549
576.4764764764765 0.30322058977141164
576.7267267267267 0.29920244965712367
576.976976976977 0.29520115475166453
577.2272272272272 0.29121745769748714
577.4774774774775 0.2872520948228734
577.7277277277277 0.2833057859900943
577.977977977978 0.27937923445592716
578.2282282282283 0.27547312674446217
578.4784784784786 0.2715881325321371
578.7287287287288 0.2677249045448873
578.9789789789791 0.263884078467355
579.2292292292293 0.260066272864029
579.4794794794796 0.25627208911221233
579.7297297297298 0.2525021113466986
579.97997997998 0.24875690641602655
580.2302302302303 0.24503702385017737
580.4804804804805 0.2413429958395692
580.7307307307308 0.23767533722519774
580.980980980981 0.23403454549976185
581.2312312312313 0.23042110081960834
581.4814814814815 0.22683546602732133
581.7317317317318 0.22327808668477633
581.981981981982 0.21974939111647235
582.2322322322323 0.2162497904629487
582.4824824824825 0.21277967874408832
582.7327327327328 0.2093394329321041
582.982982982983 0.20592941303399784
583.2332332332332 0.20254996218327903
583.4834834834835 0.19920140674072373
583.7337337337337 0.19588405640395204
583.983983983984 0.19259820432559463
584.2342342342342 0.18934412723982053
584.4844844844845 0.1861220855969904
584.7347347347347 0.18293232370619766
584.984984984985 0.17977506988545833
585.2352352352352 0.1766505366193069
585.4854854854855 0.173558920723552
585.7357357357357 0.1705004035169463
585.985985985986 0.16747515099952084
586.2362362362362 0.16448331403733463
586.4864864864865 0.16152502855338702
586.7367367367367 0.15860041572444172
586.986986986987 0.1557095821835091
587.2372372372372 0.15285262022773313
587.4874874874874 0.15002960803143062
587.7377377377377 0.14724060986402873
587.987987987988 0.1444856763126468
588.2382382382383 0.14176484450907828
588.4884884884885 0.1390781383609023
588.7387387387388 0.13642556878649972
588.988988988989 0.13380713395370603
589.2392392392393 0.13122281952186174
589.4894894894895 0.1286725988870126
589.7397397397398 0.1261564334300171
589.98998998999 0.12367427276731886
590.2402402402403 0.12122605500414607
590.4904904904905 0.11881170698990011
590.7407407407408 0.11643114457550142
590.990990990991 0.11408427287246015
591.2412412412413 0.1117709865134454
591.4914914914915 0.10949116991412775
591.7417417417417 0.10724469753607457
591.991991991992 0.10503143415048077
592.2422422422422 0.10285123510252117
592.4924924924925 0.10070394657611462
592.7427427427427 0.09858940585889464
592.992992992993 0.09650744160718408
593.2432432432432 0.09445787411077686
593.4934934934935 0.09244051555733358
593.7437437437438 0.09045517029620113
593.9939939939941 0.08850163510147754
594.2442442442443 0.08657969943412933
594.4944944944946 0.08468914570300377
594.7447447447448 0.08282974952455323
594.9949949949951 0.08100127998111066
595.2452452452453 0.07920349987755561
595.4954954954956 0.07743616599621529
595.7457457457458 0.07569902934984912
595.995995995996 0.07399183543257273
596.2462462462463 0.07231432446857942
596.4964964964965 0.07066623165852473
596.7467467467468 0.06904728742344333
596.996996996997 0.06745721764607293
597.2472472472473 0.06589574390946548
597.4974974974975 0.06436258373277025
597.7477477477478 0.0628574508040789
597.997997997998 0.06138005521022853
598.2482482482483 0.059930103663461805
598.4984984984985 0.058507299724850345
598.7487487487488 0.057111344024391886
598.998998998999 0.055741934477695806
599.2492492492493 0.05439876649917848
599.4994994994995 0.05308153321169283
599.7497497497498 0.05178992565252306
600.0 0.050523632975679085
