350.0 0.6592406302004438
350.25025025025025 0.6619890481951796
350.5005005005005 0.664735047996607
350.75075075075074 0.6674785046913895
351.001001001001 0.6702192930089386
351.25125125125123 0.6729572873304214
351.5015015015015 0.6756923616978405
351.7517517517517 0.6784243898231881
352.00200200200203 0.6811532450976707
352.2522522522523 0.6838788006010036
352.5025025025025 0.6866009291107803
352.75275275275277 0.6893195031119053
353.003003003003 0.6920343948060982
353.25325325325326 0.6947454761214646
353.5035035035035 0.6974526187221338
353.75375375375376 0.7001556940179609
354.004004004004 0.7028545731742942
354.25425425425425 0.7055491271218067
354.5045045045045 0.7082392265663884
354.75475475475474 0.7109247419991015
355.005005005005 0.7136055437061962
355.25525525525524 0.7162815017791854
355.5055055055055 0.7189524861249771
355.75575575575573 0.7216183664760669
356.00600600600603 0.724279012400784
356.2562562562563 0.7269342933135922
356.5065065065065 0.7295840784854498
356.7567567567568 0.7322282370542166
357.007007007007 0.7348666380351163
357.25725725725727 0.7374991503312488
357.5075075075075 0.7401256427441526
357.75775775775776 0.7427459839844153
358.008008008008 0.7453600426823317
358.25825825825825 0.7479676873986085
358.5085085085085 0.7505687866351133
358.75875875875874 0.7531632088456681
359.009009009009 0.7557508224468854
359.25925925925924 0.7583314958290455
359.5095095095095 0.7609050973670141
359.75975975975973 0.7634714954311991
360.01001001001003 0.7660305583985456
360.2602602602603 0.7685821546635645
360.5105105105105 0.7711261526494023
360.7607607607608 0.7736624208189389
361.011011011011 0.7761908276859206
361.26126126126127 0.7787112418261256
361.5115115115115 0.7812235318885573
361.76176176176176 0.7837275666066678
362.012012012012 0.7862232148096089
362.26226226226225 0.7887103454335092
362.5125125125125 0.7911888275327751
362.76276276276275 0.7936585302914168
363.013013013013 0.7961193230343951
363.26326326326324 0.7985710752389903
363.5135135135135 0.8010136565461894
363.7637637637638 0.8034469367720926
364.01401401401404 0.8058707859193329
364.2642642642643 0.8082850741885186
364.51451451451453 0.8106896719896813
364.7647647647648 0.8130844499537415
365.015015015015 0.8154692789439837
365.26526526526527 0.8178440300675416
365.5155155155155 0.8202085746868913
365.76576576576576 0.8225627844313523
366.016016016016 0.8249065312085925
366.26626626626626 0.8272396872161377
366.5165165165165 0.8295621249528857
366.76676676676675 0.8318737172306184
367.017017017017 0.8341743371855156
367.26726726726724 0.8364638582896672
367.5175175175175 0.8387421543625811
367.7677677677678 0.8410090995826878
368.01801801801804 0.8432645684988364
368.2682682682683 0.8455084360417878
368.51851851851853 0.8477405775356944
368.7687687687688 0.8499608687095708
369.019019019019 0.8521691857087538
369.2692692692693 0.8543654051063472
369.5195195195195 0.856549403914653
369.76976976976977 0.8587210595965855
370.02002002002 0.8608802500770689
370.27027027027026 0.8630268537544135
370.5205205205205 0.865160749511673
370.77077077077075 0.8672818167279791
371.021021021021 0.8693899352898519
371.2712712712713 0.8714849856024857
371.52152152152155 0.8735668486010069
371.7717717717718 0.8756354057617066
372.02202202202204 0.8776905391132407
372.2722722722723 0.8797321312477999
372.52252252252254 0.8817600653322478
372.7727727727728 0.8837742251192237
373.02302302302303 0.8857744949582114
373.2732732732733 0.8877607598065697
373.5235235235235 0.8897329052405252
373.77377377377377 0.8916908174661248
374.024024024024 0.8936343833301479
374.27427427427426 0.8955634903309736
374.5245245245245 0.8974780266294059
374.77477477477476 0.899377881059452
375.025025025025 0.9012629431390536
375.27527527527525 0.9031331030807693
375.52552552552555 0.9049882518024083
375.7757757757758 0.906828280937609
376.02602602602605 0.9086530828463705
376.2762762762763 0.910462550625524
376.52652652652654 0.9122565781191516
376.7767767767768 0.9140350599289472
377.02702702702703 0.9157978914245185
377.2772772772773 0.9175449687536286
377.5275275275275 0.9192761888523776
377.77777777777777 0.9209914494553199
378.028028028028 0.9226906491055176
378.27827827827826 0.924373687164529
378.5285285285285 0.9260404638223296
378.77877877877876 0.9276908801071647
379.02902902902906 0.9293248378953323
379.2792792792793 0.9309422399208943
379.52952952952955 0.9325429897853176
379.7797797797798 0.9341269919670394
380.03003003003005 0.935694151830957
380.2802802802803 0.9372443756378434
380.53053053053054 0.9387775705536826
380.7807807807808 0.9402936446589291
381.03103103103103 0.9417925069576831
381.2812812812813 0.9432740673867885
381.5315315315315 0.9447382368248443
381.7817817817818 0.9461849271011341
382.032032032032 0.9476140510044697
382.28228228228227 0.9490255222919479
382.5325325325325 0.9504192556976198
382.78278278278276 0.9517951669410702
383.033033033033 0.9531531727359086
383.2832832832833 0.9544931907981667
383.53353353353356 0.955815139854604
383.7837837837838 0.9571189396509209
384.03403403403405 0.9584045109598743
384.2842842842843 0.9596717755892996
384.53453453453454 0.9609206563900335
384.7847847847848 0.9621510772637397
385.03503503503504 0.9633629631706345
385.2852852852853 0.9645562401371122
385.53553553553553 0.9657308352632682
385.7857857857858 0.96688667673032
386.036036036036 0.9680236938079244
386.28628628628627 0.9691418168613892
386.5365365365365 0.97024097735878
386.7867867867868 0.971321107877919
387.03703703703707 0.9723821421132768
387.2872872872873 0.9734240148827549
387.53753753753756 0.9744466621343592
387.7877877877878 0.9754500209527609
388.03803803803805 0.9764340295657472
388.2882882882883 0.9773986273505597
388.53853853853855 0.9783437548401166
388.7887887887888 0.9792693537291245
389.03903903903904 0.9801753668800705
389.2892892892893 0.9810617383291016
389.53953953953953 0.9819284132917853
389.7897897897898 0.9827753381687521
390.04004004004 0.9836024605512208
390.2902902902903 0.9844097292264026
390.5405405405405 0.9851970941827859
390.79079079079077 0.9859645066152999
391.04104104104107 0.9867119189303566
391.2912912912913 0.9874392847507691
391.54154154154156 0.988146558920549
391.7917917917918 0.9888336975095772
392.04204204204206 0.9895006578181523
392.2922922922923 0.9901473983814123
392.54254254254255 0.9907738789736312
392.7927927927928 0.9913800606123885
393.04304304304304 0.9919659055626121
393.2932932932933 0.9925313773404935
393.54354354354354 0.993076440717274
393.7937937937938 0.9936010617229027
394.044044044044 0.9941052076495653
394.2942942942943 0.9945888470550824
394.5445445445446 0.9950519497661778
394.7947947947948 0.9954944868816155
395.0450450450451 0.9959164307752066
395.2952952952953 0.996317755098683
395.54554554554556 0.99669843478444
395.7957957957958 0.9970584460481455
396.04604604604606 0.9973977663912169
396.2962962962963 0.9977163746031644
396.54654654654655 0.998014250763801
396.7967967967968 0.9982913762453178
397.04704704704704 0.9985477337142259
397.2972972972973 0.9987833071331631
397.54754754754754 0.9989980817625664
397.7977977977978 0.9991920441622084
398.04804804804803 0.9993651821926
398.2982982982983 0.9995174850162555
398.5485485485485 0.9996489430988248
398.7987987987988 0.999759548210087
399.0490490490491 0.9998492934248089
399.2992992992993 0.9999181731234694
399.54954954954957 0.9999661829928443
399.7997997997998 0.9999933200264575
400.05005005005006 0.999999582524894
400.3003003003003 0.9999849700959781
400.55055055055055 0.9999494836548142
400.8008008008008 0.9998931254236909
401.05105105105105 0.9998158989318494
401.3013013013013 0.9997178090151155
401.55155155155154 0.9995988618153947
401.8018018018018 0.999459064780031
402.05205205205203 0.9992984266610302
402.30230230230234 0.9991169575141472
402.5525525525526 0.9989146686978361
402.80280280280283 0.9986915728720658
403.0530530530531 0.9984476839969998
403.3033033033033 0.9981830173315401
403.55355355355357 0.9978975894317361
403.8038038038038 0.9975914181490593
404.05405405405406 0.9972645226285414
404.3043043043043 0.9969169233067806
404.55455455455456 0.9965486419098115
404.8048048048048 0.9961597014508422
405.05505505505505 0.9957501262278579
405.3053053053053 0.9953199418210905
405.55555555555554 0.9948691750903574
405.8058058058058 0.9943978541722654
406.05605605605604 0.9939060084772844
406.3063063063063 0.9933936686866887
406.5565565565566 0.9928608667493674
406.80680680680683 0.9923076358785048
407.0570570570571 0.9917340105481295
407.3073073073073 0.991140026489534
407.5575575575576 0.9905257206875667
407.8078078078078 0.9898911313767931
408.05805805805807 0.9892362980375303
408.3083083083083 0.988561261391754
408.55855855855856 0.9878660633988783
408.8088088088088 0.9871507472514089
409.05905905905905 0.9864153573704717
409.3093093093093 0.9856599394012155
409.55955955955955 0.9848845402080907
409.8098098098098 0.9840892078700045
410.0600600600601 0.9832739916753532
410.31031031031034 0.9824389421169323
410.5605605605606 0.9815841108867244
410.81081081081084 0.9807095508705675
411.0610610610611 0.9798153161427035
411.31131131131133 0.9789014619602054
411.5615615615616 0.9779680447572897
411.8118118118118 0.9770151221395078
412.06206206206207 0.9760427528778226
412.3123123123123 0.9750509969025698
412.56256256256256 0.974039915297302
412.8128128128128 0.9730095702925214
413.06306306306305 0.9719600252592975
413.3133133133133 0.9708913447027729
413.56356356356355 0.9698035942555587
413.8138138138138 0.9686968406710186
414.06406406406404 0.9675711518164437
414.3143143143143 0.9664265966661195
414.5645645645646 0.965263245294285
414.81481481481484 0.964081168867986
415.0650650650651 0.9628804396398218
415.31531531531533 0.9616611309405884
415.5655655655656 0.9604233171718193
415.8158158158158 0.9591670737982222
416.06606606606607 0.9578924773400163
416.3163163163163 0.9565996053651683
416.56656656656656 0.9552885364815304
416.8168168168168 0.9539593503288804
417.06706706706706 0.9526121275708637
417.3173173173173 0.9512469498868424
417.5675675675676 0.9498638999636481
417.81781781781785 0.9484630614872421
418.0680680680681 0.9470445191342836
418.31831831831835 0.9456083585636068
418.5685685685686 0.9441546664076094
418.81881881881884 0.9426835302635516
419.0690690690691 0.9411950386847691
419.31931931931933 0.939689281171799
419.5695695695696 0.938166348163422
419.8198198198198 0.9366263310276213
420.0700700700701 0.9350693220524585
420.3203203203203 0.93349541443687
420.57057057057057 0.9319047022813831
420.8208208208208 0.9302972805787537
421.07107107107106 0.9286732452045288
421.3213213213213 0.9270326929075311
421.57157157157155 0.9253757213002709
421.8218218218218 0.923702428849286
422.07207207207205 0.9220129148654075
422.32232232232235 0.9203072794939579
422.5725725725726 0.9185856237048808
422.82282282282284 0.9168480492827998
423.0730730730731 0.9150946588170158
423.32332332332334 0.9133255556914368
423.5735735735736 0.9115408440744462
423.82382382382383 0.9097406289087085
424.0740740740741 0.9079250159009155
424.3243243243243 0.9060941115114723
424.57457457457457 0.9042480229441279
424.8248248248248 0.9023868581355481
425.07507507507506 0.9005107257448347
425.32532532532537 0.8986197351429912
425.5755755755756 0.8967139964023394
425.82582582582586 0.8947936202858807
426.0760760760761 0.8928587182366138
426.32632632632635 0.890909402366803
426.5765765765766 0.8889457854472017
426.82682682682685 0.8869679808962305
427.0770770770771 0.8849761027691146
427.32732732732734 0.882970265746978
427.5775775775776 0.8809505851259004
427.82782782782783 0.8789171768059335
428.0780780780781 0.8768701572800829
428.3283283283283 0.8748096436232539
428.5785785785786 0.8727357534811641
428.8288288288288 0.8706486050592238
429.07907907907907 0.8685483171113867
429.3293293293293 0.8664350089289709
429.57957957957956 0.8643088003294526
429.8298298298298 0.8621698116452355
430.08008008008005 0.860018163712394
430.33033033033036 0.8578539778593949
430.5805805805806 0.8556773758957988
430.83083083083085 0.8534884801009396
431.0810810810811 0.8512874132125886
431.33133133133134 0.8490742984156006
431.5815815815816 0.8468492593305464
431.83183183183183 0.8446124200023318
432.0820820820821 0.8423639048888041
432.3323323323323 0.8401038388493497
432.5825825825826 0.837832347133483
432.8328328328328 0.8355495553694282
433.0830830830831 0.8332555895526957
433.33333333333337 0.8309505760346574
433.5835835835836 0.8286346415111143
433.83383383383386 0.8263079130108697
434.0840840840841 0.8239705178843005
434.33433433433436 0.8216225837919318
434.5845845845846 0.8192642386930156
434.83483483483485 0.8168956108341168
435.0850850850851 0.8145168287377053
435.33533533533534 0.8121280211907577
435.5855855855856 0.8097293172333709
435.83583583583584 0.807320846147387
436.0860860860861 0.8049027374450322
436.33633633633633 0.8024751208575729
436.5865865865866 0.8000381263239877
436.8368368368368 0.797591883979659
437.08708708708707 0.7951365241450844
437.3373373373373 0.7926721773146124
437.58758758758756 0.7901989741451994
437.8378378378378 0.7877170454451937
438.0880880880881 0.7852265221631468
438.33833833833836 0.7827275353766534
438.5885885885886 0.7802202162812201
438.83883883883885 0.7777046961791686
439.0890890890891 0.7751811064685717
439.33933933933935 0.7726495786322245
439.5895895895896 0.7701102442266522
439.83983983983984 0.7675632348711584
440.0900900900901 0.7650086822369113
440.34034034034033 0.7624467180360736
440.5905905905906 0.7598774740109759
440.8408408408409 0.757301081923334
441.09109109109113 0.7547176735435174
441.3413413413414 0.7521273806398592
441.5915915915916 0.7495303349680235
441.84184184184187 0.7469266682604214
442.0920920920921 0.7443165122156808
442.34234234234236 0.7416999984881733
442.5925925925926 0.7390772586775952
442.84284284284286 0.7364484243186112
443.0930930930931 0.7338136268705548
443.34334334334335 0.7311729977071943
443.5935935935936 0.7285266681065596
443.84384384384384 0.7258747692408368
444.0940940940941 0.7232174321663298
444.34434434434434 0.7205547878134899
444.5945945945946 0.7178869669770174
444.84484484484483 0.7152141003060349
445.0950950950951 0.7125363182943358
445.3453453453453 0.7098537512707073
445.59559559559557 0.7071665293893324
445.8458458458459 0.704474782620271
446.0960960960961 0.7017786407400237
446.34634634634637 0.699078233322174
446.5965965965966 0.6963736897281212
446.84684684684686 0.6936651390978958
447.0970970970971 0.690952710341065
447.34734734734735 0.6882365321277278
447.5975975975976 0.6855167328796019
447.84784784784785 0.6827934407612047
448.0980980980981 0.6800667836711288
448.34834834834834 0.677336889233417
448.59859859859864 0.6746038847890324
448.8488488488489 0.6718678973874368
449.09909909909913 0.6691290537782614
449.3493493493494 0.6663874804030914
449.5995995995996 0.6636433033873526
449.8498498498499 0.6608966485323069
450.1001001001001 0.658147641307159
450.35035035035037 0.6553964068412726
450.6006006006006 0.6526430699165048
450.85085085085086 0.6498877549596508
451.1011011011011 0.647130586035011
451.35135135135135 0.6443716868370745
451.6016016016016 0.6416111806833257
451.85185185185185 0.638849190507173
452.1021021021021 0.6360858388510038
452.35235235235234 0.6333212478593646
452.6026026026026 0.6305555392722728
452.85285285285283 0.6277888344186572
453.1031031031031 0.6250212542099316
453.3533533533533 0.6222529191337043
453.60360360360363 0.619483949247622
453.8538538538539 0.6167144641733554
454.1041041041041 0.6139445830907212
454.35435435435437 0.6111744247319494
454.6046046046046 0.608404107376094
454.85485485485486 0.6056337488435899
455.1051051051051 0.6028634664909577
455.35535535535536 0.6000933772056577
455.6056056056056 0.597323597401098
455.85585585585585 0.5945542430117942
456.1061061061061 0.5917854294886857
456.3563563563564 0.5890172717946088
456.60660660660665 0.5862498843999332
456.8568568568569 0.5834833812783513
457.10710710710714 0.5807178759028405
457.3573573573574 0.5779534812417841
457.60760760760763 0.5751903097552621
457.8578578578579 0.5724284733915089
458.1081081081081 0.5696680835835438
458.3583583583584 0.5669092512459714
458.6086086086086 0.5641520867719584
458.85885885885887 0.561396700030385
459.1091091091091 0.5586432003631749
459.35935935935936 0.5558916965828039
459.6096096096096 0.5531422969699901
459.85985985985985 0.550395109271567
460.1101101101101 0.5476502406985416
460.36036036036035 0.544907797924337
460.6106106106106 0.5421678870832247
460.86086086086084 0.5394306137689447
461.1111111111111 0.5366960830335173
461.3613613613614 0.5339643993862458
461.61161161161164 0.5312356667929172
461.8618618618619 0.52850998867519
462.11211211211213 0.5257874679101865
462.3623623623624 0.5230682068302791
462.6126126126126 0.5203523072230762
462.86286286286287 0.5176398703316083
463.1131131131131 0.514930996854715
463.36336336336336 0.5122257869476367
463.6136136136136 0.5095243402228068
463.86386386386386 0.5068267557508502
464.11411411411416 0.5041331320617873
464.3643643643644 0.5014435671464442
464.61461461461465 0.49875815845806765
464.8648648648649 0.49607700291415036
465.11511511511515 0.49340019689846376
465.3653653653654 0.4907278362632991
465.61561561561564 0.4880600163319169
465.8658658658659 0.48539683190120797
466.11611611611613 0.482738377244562
466.3663663663664 0.48008474611494656
466.6166166166166 0.4774360317481968
466.86686686686687 0.4747923268665129
467.1171171171171 0.4721537236821693
467.36736736736736 0.4695203139014309
467.6176176176176 0.46689218872868027
467.86786786786786 0.46426943887075006
468.1181181181181 0.461652154541466
468.36836836836835 0.459040425466394
468.6186186186186 0.45643434088779444
468.86886886886884 0.45383398956978044
469.11911911911915 0.4512394598036784
469.3693693693694 0.4486508394135941
469.61961961961964 0.4460682157621727
469.8698698698699 0.443491675756563
470.12012012012013 0.44092130585457634
470.3703703703704 0.43835719207103935
470.6206206206206 0.4357994199843402
470.8708708708709 0.433248074743164
471.1211211211211 0.43070324107341607
471.37137137137137 0.42816500328532936
471.6216216216216 0.42563344528075375
471.8718718718719 0.42310865056062263
472.12212212212216 0.4205907022325981
472.3723723723724 0.41807968301888127
472.62262262262266 0.4155756752641957
472.8728728728729 0.4130787609439327
473.12312312312315 0.410589021672455
473.3733733733734 0.40810653871155644
473.62362362362364 0.4056313929790715
473.8738738738739 0.4031636650576301
474.12412412412414 0.40070343520355234
474.3743743743744 0.3982507833558786
474.62462462462463 0.39580578914552805
474.8748748748749 0.39336853190458054
475.1251251251251 0.3909390906756759
475.37537537537537 0.38851754422152357
475.6256256256256 0.38610397103451605
475.87587587587586 0.38369844934644043
476.1261261261261 0.3813010571382781
476.37637637637636 0.378911872150089
476.6266266266266 0.3765309718909687
476.8768768768769 0.37415843364907314
477.12712712712715 0.3717943345017039
477.3773773773774 0.3694387513254378
477.62762762762765 0.36709176080630357
477.8778778778779 0.3647534394499876
478.12812812812814 0.3624238635920629
478.3783783783784 0.36010310940823076
478.62862862862863 0.3577912529245659
478.8788788788789 0.35548837002775396
479.1291291291292 0.3531945364753111
479.37937937937943 0.3509098279057775
479.6296296296297 0.3486343198488658
479.8798798798799 0.3463680877355639
480.13013013013017 0.34411120690817293
480.3803803803804 0.3418637526302705
480.63063063063066 0.33962580009658727
480.8808808808809 0.33739742444278464
481.13113113113116 0.3351787007551194
481.3813813813814 0.33296970407998494
481.63163163163165 0.3307705094333124
481.8818818818819 0.32858119180982026
482.13213213213214 0.3264018261920991
482.3823823823824 0.32423248755951495
482.63263263263264 0.32207325089691946
482.8828828828829 0.319924191203151
483.13313313313313 0.31778538349931185
483.3833833833834 0.31565690283680686
483.6336336336336 0.31353882430512825
483.88388388388387 0.3114312230393708
484.1341341341341 0.3093341742274618
484.38438438438436 0.3072477531170898
484.6346346346346 0.3051720350223167
484.88488488488485 0.3031070953298553
485.13513513513516 0.3010530095049977
485.3853853853854 0.299009853097178
485.63563563563565 0.2969777017451483
485.8858858858859 0.2949566311817579
486.13613613613614 0.2929467172383138
486.3863863863864 0.2909480358485061
486.63663663663664 0.28896066305188267
486.88688688688694 0.2869846749968529
487.1371371371372 0.28502014794320857
487.38738738738743 0.28306715826413453
487.6376376376377 0.2811257824477034
487.8878878878879 0.27919609709782817
488.1381381381382 0.27727817893465834
488.3883883883884 0.2753721047944018
488.63863863863867 0.27347795162855454
488.8888888888889 0.27159579650252136
489.13913913913916 0.2697257165936081
489.3893893893894 0.2678677891883711
489.63963963963965 0.2660220916793035
489.8898898898899 0.26418870156084384
490.14014014014015 0.26236769642468727
490.3903903903904 0.26055915395438506
490.64064064064064 0.2587631519192134
490.8908908908909 0.25697976816729706
491.14114114114113 0.25520908061796943
491.3913913913914 0.25345116725335504
491.6416416416416 0.2517061061091566
491.8918918918919 0.24997397526463336
492.1421421421421 0.24825485283175353
492.39239239239237 0.24654881694350686
492.6426426426426 0.24485594574136307
492.8928928928929 0.24317631736186138
493.14314314314316 0.24151000992231933
493.3933933933934 0.23985710150564224
493.64364364364366 0.23821767014422893
493.8938938938939 0.23659179380295428
494.14414414414415 0.23497955036121945
494.3943943943944 0.23338101759405921
494.6446446446447 0.23179627315229423
494.89489489489495 0.23022539454172028
495.1451451451452 0.2286684591013209
495.39539539539544 0.2271255439804996
495.6456456456457 0.2255967261153204
495.89589589589593 0.22408208220374987
496.1461461461462 0.22258168867989403
496.3963963963964 0.2210956216872242
496.6466466466467 0.21962395705078672
496.8968968968969 0.21816677024839146
497.14714714714717 0.21672413638077645
497.3973973973974 0.21529613014074528
497.64764764764766 0.2138828257812757
497.8978978978979 0.21248429708259817
498.14814814814815 0.21110061731824487
498.3983983983984 0.20973185922006973
498.64864864864865 0.2083780949422412
498.8988988988989 0.20703939602421145
499.14914914914914 0.20571583335266483
499.3993993993994 0.20440747712245175
499.64964964964963 0.2031143967965131
499.8998998998999 0.20183666106480294
500.1501501501501 0.2005743378022169
500.4004004004004 0.19932749402553723
500.6506506506507 0.19809619584940266
500.9009009009009 0.19688050844131813
501.15115115115117 0.1956804959757122
501.4014014014014 0.19449622158706162
501.65165165165166 0.19332774732209532
501.9019019019019 0.1921751340910942
502.15215215215215 0.19103844161830583
502.40240240240246 0.18991772839149113
502.6526526526527 0.1888130516106269
502.90290290290295 0.1877244671357793
503.1531531531532 0.18665202943417863
503.40340340340344 0.18559579152651381
503.6536536536537 0.18455580493247425
503.90390390390394 0.1835321196155656
504.1541541541542 0.18252478392722682
504.40440440440443 0.18153384455027796
504.6546546546547 0.18055934644173005
504.9049049049049 0.17960133277498677
505.15515515515517 0.1786598448814741
505.4054054054054 0.17773492219172915
505.65565565565566 0.17682660217598634
505.9059059059059 0.1759349202842968
506.15615615615616 0.17505990988621947
506.4064064064064 0.17420160221012285
506.65665665665665 0.17336002628213926
506.9069069069069 0.17253520886481297
507.15715715715714 0.1717271743954849
507.4074074074074 0.17093594492445946
507.65765765765764 0.1701615400529979
507.9079079079079 0.16940397687118586
508.15815815815813 0.16866326989572228
508.40840840840843 0.16793943100767914
508.6586586586587 0.16723246939028252
508.9089089089089 0.16654239146676356
509.1591591591592 0.16586920083833592
509.4094094094094 0.16521289822234841
509.65965965965967 0.16457348139066988
509.9099099099099 0.16395094510836006
510.16016016016016 0.16334528107268223
510.41041041041046 0.16275647785251535
510.6606606606607 0.16218452082822274
510.91091091091096 0.16162939213203448
511.1611611611612 0.16109107058900507
511.41141141141145 0.16056953165860416
511.6616616616617 0.16006474737700083
511.91191191191194 0.1595766863001037
512.1621621621622 0.15910531344741638
512.4124124124124 0.15865059024677247
512.6626626626627 0.1582124744800099
512.9129129129129 0.1577909202296501
513.1631631631632 0.15738587782664243
513.4134134134134 0.15699729379923932
513.6636636636637 0.1566251108230643
513.9139139139139 0.15626926767243687
514.1641641641642 0.15592969917301802
514.4144144144144 0.1556063361558401
514.6646646646647 0.15529910541278477
514.9149149149149 0.1550079296535716
515.1651651651651 0.1547327274643227
515.4154154154154 0.15447341326776354
515.6656656656656 0.1542298972851258
515.9159159159159 0.1540020854998118
516.1661661661662 0.1537898796228843
516.4164164164165 0.15359317706044245
516.6666666666667 0.15341187088294322
516.916916916917 0.15324584979653105
517.1671671671672 0.1530949981164322
517.4174174174175 0.15295919574247432
517.6676676676677 0.15283831813678717
517.917917917918 0.15273223630374208
518.1681681681682 0.1526408167721855
518.4184184184185 0.15256392158002005
518.6686686686687 0.1525014082611877
518.918918918919 0.15245312983510584
519.1691691691692 0.15241893479860705
519.4194194194195 0.152398667120432
519.6696696696697 0.1523921662383228
519.91991991992 0.15239926705876272
520.1701701701702 0.1524197999594071
520.4204204204204 0.152453590794248
520.6706706706707 0.15250046090155323
520.9209209209209 0.15256022711461942
521.1711711711712 0.1526327017753757
521.4214214214214 0.15271769275087355
521.6716716716717 0.1528150034526961
521.9219219219219 0.15292443285931748
522.1721721721722 0.15304577554144144
522.4224224224224 0.15317882169034588
522.6726726726727 0.1533233571492572
522.9229229229229 0.1534791634477774
523.1731731731732 0.15364601783938242
523.4234234234234 0.15382369334200954
523.6736736736736 0.15401195878174861
523.9239239239239 0.15421057883964856
524.1741741741741 0.1544193141016492
524.4244244244244 0.15463792111164476
524.6746746746746 0.15486615242768392
524.9249249249249 0.15510375668130655
525.1751751751751 0.15535047864001733
525.4254254254254 0.15560605927289073
525.6756756756756 0.15587023581930093
525.925925925926 0.15614274186076715
526.1761761761762 0.15642330739590032
526.4264264264265 0.15671165891843747
526.6766766766767 0.15700751949834307
526.926926926927 0.15731060886595732
527.1771771771772 0.15762064349916546
527.4274274274275 0.15793733671356242
527.6776776776777 0.15826039875558023
527.927927927928 0.15858953689854646
528.1781781781782 0.1589244555416359
528.4284284284284 0.15926485631167672
528.6786786786787 0.15961043816776882
528.9289289289289 0.15996089750866782
529.1791791791792 0.16031592828288807
529.4294294294294 0.16067522210147137
529.6796796796797 0.16103846835336885
529.9299299299299 0.16140535432337796
530.1801801801802 0.16177556531257425
530.4304304304304 0.16214878476117622
530.6806806806807 0.16252469437377645
530.9309309309309 0.16290297424687095
531.1811811811812 0.16328330299861576
531.4314314314314 0.1636653579007366
531.6816816816818 0.1640488150125152
531.931931931932 0.16443334931677267
532.1821821821823 0.16481863485777037
532.4324324324325 0.16520434488094077
532.6826826826828 0.16559015197436439
532.932932932933 0.16597572821190373
533.1831831831832 0.16636074529790149
533.4334334334335 0.1667448747133515
533.6836836836837 0.1671277878634458
533.933933933934 0.1675091562264009
534.1841841841842 0.16788865150346313
534.4344344344345 0.16826594576999226
534.6846846846847 0.1686407116275202
534.934934934935 0.16901262235667885
535.1851851851852 0.16938135207089217
535.4354354354355 0.16974657587072303
535.6856856856857 0.1701079699987658
535.935935935936 0.17046521199497425
536.1861861861862 0.1708179808523121
536.4364364364365 0.17116595717261307
536.6866866866867 0.17150882332253664
536.936936936937 0.1718462635895041
537.1871871871872 0.17217796433749855
537.4374374374374 0.17250361416261348
537.6876876876877 0.17282290404823064
537.9379379379379 0.17313552751971198
538.1881881881882 0.17344118079848542
538.4384384384384 0.17373956295540743
538.6886886886887 0.17403037606328398
538.9389389389389 0.17431332534843064
539.1891891891892 0.17458811934115448
539.4394394394394 0.17485447002503945
539.6896896896897 0.17511209298491673
539.9399399399399 0.17536070755340458
540.1901901901902 0.17560003695589926
540.4404404404404 0.1758298084539024
540.6906906906906 0.1760497534865689
540.9409409409409 0.17625960781036232
541.1911911911911 0.1764591116367034
541.4414414414415 0.17664800976750106
541.6916916916917 0.17682605172845475
541.941941941942 0.17699299190001952
542.1921921921922 0.1771485896459257
542.4424424424425 0.177292609439148
542.6926926926927 0.1774248209852194
542.942942942943 0.1775449993427879
543.1931931931932 0.17765292504131636
543.4434434434435 0.17774838419582617
543.6936936936937 0.17783116861859058
543.943943943944 0.1779010759276821
544.1941941941942 0.17795790965228497
544.4444444444445 0.17800147933468255
544.6946946946947 0.17803160062883405
544.944944944945 0.17804809539545788
545.1951951951952 0.17805079179354039
545.4454454454454 0.17803952436819265
545.6956956956957 0.178014134134781
545.9459459459459 0.17797446865925948
546.1961961961962 0.17792038213463574
546.4464464464464 0.17785173545350527
546.6966966966967 0.17776839627659244
546.9469469469469 0.17767023909723906
547.1971971971973 0.17755714530178598
547.4474474474475 0.17742900322579608
547.6976976976978 0.17728570820606987
547.947947947948 0.17712716262840988
548.1981981981983 0.1769532759710933
548.4484484484485 0.17676396484401435
548.6986986986988 0.17655915302346467
548.948948948949 0.17633877148252075
549.1991991991993 0.1761027584170132
549.4494494494495 0.17585105926705577
549.6996996996997 0.1755836267341161
549.94994994995 0.1753004207936133
550.2002002002002 0.17500140870303307
550.4504504504505 0.1746865650055527
550.7007007007007 0.1743558715291747
550.950950950951 0.1740093173813691
551.2012012012012 0.17364689893923074
551.4514514514515 0.17326861983516056
551.7017017017017 0.17287449093808327
551.951951951952 0.1724645303302197
552.2022022022022 0.1720387632794333
552.4524524524525 0.17159722220717688
552.7027027027027 0.17113994665206672
552.952952952953 0.17066698322911777
553.2032032032032 0.17017838558467469
553.4534534534534 0.16967421434707966
553.7037037037037 0.16915453707311967
553.9539539539539 0.16861942819030049
554.2042042042042 0.1680689689349982
554.4544544544544 0.16750324728654217
554.7047047047047 0.1669223578972871
554.9549549549549 0.16632640201873525
555.2052052052052 0.16571548742377287
555.4554554554554 0.1650897283250886
555.7057057057057 0.16444924528984445
555.9559559559559 0.16379416515067288
556.2062062062062 0.16312462091307758
556.4564564564564 0.16244075165931648
556.7067067067067 0.1617427024488506
556.956956956957 0.16103062421544315
557.2072072072073 0.16030467366099876
557.4574574574575 0.15956501314622915
557.7077077077078 0.1588118105782438
557.957957957958 0.1580452392951565
558.2082082082082 0.15726547794780743
558.4584584584585 0.15647271037870017
558.7087087087087 0.15566712549825495
558.958958958959 0.1548489171584824
559.2092092092092 0.15401828402418316
559.4594594594595 0.1531754294417804
559.7097097097097 0.15232056130589397
559.95995995996 0.15145389192376732
560.2102102102102 0.1505756378776574
560.4604604604605 0.14968601988530195
560.7107107107107 0.14878526265857708
560.960960960961 0.14787359476046066
561.2112112112112 0.1469512484604176
561.4614614614615 0.14601845958832296
561.7117117117117 0.14507546738704125
561.961961961962 0.14412251436377868
562.2122122122122 0.14315984614032762
562.4624624624624 0.14218771130232072
562.7127127127128 0.14120636124761404
562.962962962963 0.1402160500339198
563.2132132132133 0.13921703422580087
563.4634634634635 0.13820957274115478
563.7137137137138 0.13719392669729813
563.963963963964 0.13617035925677215
564.2142142142143 0.13513913547298628
564.4644644644645 0.13410052213581578
564.7147147147148 0.13305478761726966
564.964964964965 0.13200220171734361
565.2152152152153 0.1309430355101716
565.4654654654655 0.1298775611905896
565.7157157157158 0.12880605192122213
565.965965965966 0.12772878168020288
566.2162162162163 0.12664602510963768
566.4664664664665 0.12555805736491754
566.7167167167167 0.12446515396498746
566.966966966967 0.12336759064367528
567.2172172172172 0.12226564320218278
567.4674674674675 0.1211595873628398
567.7177177177177 0.12004969862421974
567.967967967968 0.11893625211771293
568.2182182182182 0.1178195224656525
568.4684684684685 0.11669978364108492
568.7187187187187 0.11557730882927514
568.968968968969 0.11445237029103414
569.2192192192192 0.11332523922795379
569.4694694694695 0.1121961856496325
569.7197197197197 0.11106547824297139
569.96996996997 0.10993338424361876
570.2202202202202 0.10880016930963855
570.4704704704704 0.10766609739747429
570.7207207207207 0.10653143064027912
570.9709709709709 0.10539642922867845
571.2212212212212 0.10426135129402925
571.4714714714714 0.10312645279423767
571.7217217217217 0.10199198740219331
571.9719719719719 0.10085820639687541
572.2222222222222 0.09972535855718412
572.4724724724725 0.09859369005854553
572.7227227227228 0.09746344437234065
572.972972972973 0.09633486216819401
573.2232232232233 0.09520818121917347
573.4734734734735 0.09408363630993062
573.7237237237238 0.09296145914782038
573.973973973974 0.09184187827703028
574.2242242242243 0.09072511899574907
574.4744744744745 0.0896114032763997
574.7247247247248 0.08850094968896
574.974974974975 0.0873939733273905
575.2252252252252 0.08629068573918702
575.4754754754755 0.08519129485807089
575.7257257257257 0.0840960049398291
575.975975975976 0.08300501650131162
576.2262262262262 0.08191852626259173
576.4764764764765 0.08083672709229163
576.7267267267267 0.07975980795607328
576.976976976977 0.07868795386829118
577.2272272272272 0.07762134584680139
577.4774774774775 0.07656016087091866
577.7277277277277 0.07550457184251004
577.977977977978 0.07445474755021185
578.2282282282283 0.07341085263675319
578.4784784784786 0.07237304756937
578.7287287287288 0.07134148861328167
578.9789789789791 0.070316327808216
579.2292292292293 0.06929771294795004
579.4794794794796 0.06828578756284086
579.7297297297298 0.06728069090531633
579.97997997998 0.06628255793829277
580.2302302302303 0.06529151932648562
580.4804804804805 0.06430770143057607
580.7307307307308 0.06333122630419566
580.980980980981 0.06236221169368834
581.2312312312313 0.06140077104060773
581.4814814814815 0.060447013486905996
581.7317317317318 0.05950104388276847
581.981981981982 0.05856296279704723
582.2322322322323 0.05763286653024458
582.4824824824825 0.05671084712999656
582.7327327327328 0.055796992409004854
582.982982982983 0.05489138596536437
583.2332332332332 0.05399410720523224
583.4834834834835 0.05310523136778314
583.7337337337337 0.05222482955239472
583.983983983984 0.0513529687480054
584.2342342342342 0.05048971186458681
584.4844844844845 0.04963511776667122
584.7347347347347 0.04878924130887436
584.984984984985 0.04795213337335268
585.2352352352352 0.04712384090913407
585.4854854854855 0.04630440697325976
585.7357357357357 0.045493870773675324
585.985985985986 0.04469226771380776
586.2362362362362 0.04389962943876542
586.4864864864865 0.04311598388309752
586.7367367367367 0.042341355320049116
586.986986986987 0.04157576441224814
587.2372372372372 0.040819228263759985
587.4874874874874 0.040071760473446016
587.7377377377377 0.03933337118956197
587.987987987988 0.03860406716553172
588.2382382382383 0.037883851816835165
588.4884884884885 0.0371727252789413
588.7387387387388 0.03647068446623021
588.988988988989 0.035777723131835935
589.2392392392393 0.03509383192834982
589.4894894894895 0.03441899846932183
589.7397397397398 0.0337532073914984
589.98998998999 0.03309644041773582
590.2402402402403 0.032448676420528684
590.4904904904905 0.03180989148609371
590.7407407407408 0.03118005897894986
590.990990990991 0.03055914960693648
591.2412412412413 0.02994713148661194
591.4914914914915 0.029343970208975938
591.7417417417417 0.02874962890545992
591.991991991992 0.028164068314130347
592.2422422422422 0.02758724684605114
592.4924924924925 0.027019120651751966
592.7427427427427 0.026459643687750653
592.992992992993 0.025908767783078566
593.2432432432432 0.025366442705759093
593.4934934934935 0.02483261622919041
593.7437437437438 0.024307234198384684
593.9939939939941 0.023790240596018346
594.2442442442443 0.023281577608244817
594.4944944944946 0.022781185690229917
594.7447447447448 0.022289003631363574
594.9949949949951 0.02180496862010742
595.2452452452453 0.021329016308437393
595.4954954954956 0.020861080875842274
595.7457457457458 0.020401095092839758
595.995995995996 0.01994899038397367
596.2462462462463 0.01950469689025642
596.4964964964965 0.01906814353102282
596.7467467467468 0.01863925806516212
596.996996996997 0.018217967151696633
597.2472472472473 0.017804196409676704
597.4974974974975 0.017397870477362864
597.7477477477478 0.016998913070667327
597.997997997998 0.016607247040828638
598.2482482482483 0.016222794431293926
598.4984984984985 0.015845476533785024
598.7487487487488 0.015475213943525929
598.998998998999 0.015111926613609928
599.2492492492493 0.014755533908486563
599.4994994994995 0.014405954656549409
599.7497497497498 0.014063107201807073
600.0 0.013726909454621005
