350.0 0.6592406302004438
350.25025025025025 0.6619890481951796
350.5005005005005 0.664735047996607
350.75075075075074 0.6674785046913895
351.001001001001 0.6702192930089386
351.25125125125123 0.6729572873304214
351.5015015015015 0.6756923616978405
351.7517517517517 0.6784243898231881
352.00200200200203 0.6811532450976707
352.2522522522523 0.6838788006010036
352.5025025025025 0.6866009291107803
352.75275275275277 0.6893195031119053
353.003003003003 0.6920343948060982
353.25325325325326 0.6947454761214646
353.5035035035035 0.6974526187221338
353.75375375375376 0.7001556940179609
354.004004004004 0.7028545731742942
354.25425425425425 0.7055491271218067
354.5045045045045 0.7082392265663884
354.75475475475474 0.7109247419991015
355.005005005005 0.7136055437061962
355.25525525525524 0.7162815017791854
355.5055055055055 0.7189524861249771
355.75575575575573 0.7216183664760669
356.00600600600603 0.724279012400784
356.2562562562563 0.7269342933135922
356.5065065065065 0.7295840784854498
356.7567567567568 0.7322282370542166
357.007007007007 0.7348666380351163
357.25725725725727 0.7374991503312488
357.5075075075075 0.7401256427441526
357.75775775775776 0.7427459839844153
358.008008008008 0.7453600426823317
358.25825825825825 0.7479676873986085
358.5085085085085 0.7505687866351133
358.75875875875874 0.7531632088456681
359.009009009009 0.7557508224468854
359.25925925925924 0.7583314958290455
359.5095095095095 0.7609050973670141
359.75975975975973 0.7634714954311991
360.01001001001003 0.7660305583985456
360.2602602602603 0.7685821546635646
360.5105105105105 0.7711261526494024
360.7607607607608 0.773662420818939
361.011011011011 0.7761908276859207
361.26126126126127 0.7787112418261257
361.5115115115115 0.7812235318885573
361.76176176176176 0.7837275666066678
362.012012012012 0.7862232148096089
362.26226226226225 0.7887103454335092
362.5125125125125 0.7911888275327751
362.76276276276275 0.7936585302914168
363.013013013013 0.7961193230343953
363.26326326326324 0.7985710752389904
363.5135135135135 0.8010136565461895
363.7637637637638 0.8034469367720927
364.01401401401404 0.805870785919333
364.2642642642643 0.8082850741885187
364.51451451451453 0.8106896719896814
364.7647647647648 0.8130844499537416
365.015015015015 0.8154692789439838
365.26526526526527 0.8178440300675417
365.5155155155155 0.8202085746868916
365.76576576576576 0.8225627844313526
366.016016016016 0.8249065312085927
366.26626626626626 0.8272396872161379
366.5165165165165 0.8295621249528861
366.76676676676675 0.8318737172306186
367.017017017017 0.8341743371855159
367.26726726726724 0.8364638582896675
367.5175175175175 0.8387421543625815
367.7677677677678 0.8410090995826882
368.01801801801804 0.8432645684988368
368.2682682682683 0.8455084360417883
368.51851851851853 0.8477405775356949
368.7687687687688 0.8499608687095714
369.019019019019 0.8521691857087544
369.2692692692693 0.8543654051063478
369.5195195195195 0.8565494039146536
369.76976976976977 0.8587210595965863
370.02002002002 0.8608802500770698
370.27027027027026 0.8630268537544145
370.5205205205205 0.8651607495116741
370.77077077077075 0.8672818167279803
371.021021021021 0.8693899352898531
371.2712712712713 0.8714849856024871
371.52152152152155 0.8735668486010084
371.7717717717718 0.8756354057617083
372.02202202202204 0.8776905391132425
372.2722722722723 0.8797321312478019
372.52252252252254 0.8817600653322499
372.7727727727728 0.8837742251192261
373.02302302302303 0.8857744949582139
373.2732732732733 0.8877607598065725
373.5235235235235 0.8897329052405283
373.77377377377377 0.8916908174661282
374.024024024024 0.8936343833301515
374.27427427427426 0.8955634903309776
374.5245245245245 0.8974780266294102
374.77477477477476 0.8993778810594568
375.025025025025 0.9012629431390589
375.27527527527525 0.9031331030807751
375.52552552552555 0.9049882518024145
375.7757757757758 0.9068282809376158
376.02602602602605 0.9086530828463779
376.2762762762763 0.910462550625532
376.52652652652654 0.9122565781191604
376.7767767767768 0.9140350599289568
377.02702702702703 0.9157978914245289
377.2772772772773 0.91754496875364
377.5275275275275 0.91927618885239
377.77777777777777 0.9209914494553334
378.028028028028 0.9226906491055323
378.27827827827826 0.9243736871645452
378.5285285285285 0.9260404638223473
378.77877877877876 0.9276908801071839
379.02902902902906 0.9293248378953531
379.2792792792793 0.930942239920917
379.52952952952955 0.9325429897853423
379.7797797797798 0.9341269919670664
380.03003003003005 0.9356941518309865
380.2802802802803 0.9372443756378753
380.53053053053054 0.9387775705537175
380.7807807807808 0.9402936446589669
381.03103103103103 0.9417925069577243
381.2812812812813 0.9432740673868334
381.5315315315315 0.9447382368248931
381.7817817817818 0.9461849271011872
382.032032032032 0.9476140510045276
382.28228228228227 0.9490255222920109
382.5325325325325 0.9504192556976881
382.78278278278276 0.9517951669411445
383.033033033033 0.9531531727359893
383.2832832832833 0.9544931907982546
383.53353353353356 0.9558151398546996
383.7837837837838 0.9571189396510247
384.03403403403405 0.9584045109599871
384.2842842842843 0.9596717755894221
384.53453453453454 0.9609206563901667
384.7847847847848 0.9621510772638844
385.03503503503504 0.9633629631707916
385.2852852852853 0.9645562401372828
385.53553553553553 0.9657308352634534
385.7857857857858 0.9668866767305211
386.036036036036 0.9680236938081427
386.28628628628627 0.9691418168616263
386.5365365365365 0.9702409773590371
386.7867867867868 0.9713211078781981
387.03703703703707 0.9723821421135795
387.2872872872873 0.9734240148830834
387.53753753753756 0.9744466621347155
387.7877877877878 0.9754500209531475
388.03803803803805 0.9764340295661664
388.2882882882883 0.9773986273510142
388.53853853853855 0.9783437548406095
388.7887887887888 0.9792693537296588
389.03903903903904 0.9801753668806497
389.2892892892893 0.9810617383297293
389.53953953953953 0.9819284132924656
389.7897897897898 0.9827753381694893
390.04004004004 0.9836024605520195
390.2902902902903 0.9844097292272678
390.5405405405405 0.985197094183723
390.79079079079077 0.9859645066163147
391.04104104104107 0.9867119189314556
391.2912912912913 0.9874392847519591
391.54154154154156 0.9881465589218372
391.7917917917918 0.9888336975109717
392.04204204204206 0.9895006578196616
392.2922922922923 0.9901473983830457
392.54254254254255 0.9907738789753986
392.7927927927928 0.9913800606143006
393.04304304304304 0.9919659055646807
393.2932932932933 0.992531377342731
393.54354354354354 0.9930764407196938
393.7937937937938 0.9936010617255195
394.044044044044 0.9941052076523949
394.2942942942943 0.9945888470581414
394.5445445445446 0.9950519497694845
394.7947947947948 0.9954944868851895
395.0450450450451 0.9959164307790691
395.2952952952953 0.9963177551028567
395.54554554554556 0.9966984347889494
395.7957957957958 0.9970584460530171
396.04604604604606 0.997397766396479
396.2962962962963 0.9977163746088475
396.54654654654655 0.9980142507699383
396.7967967967968 0.9982913762519446
397.04704704704704 0.9985477337213803
397.2972972972973 0.9987833071408863
397.54754754754754 0.9989980817709024
397.7977977977978 0.9991920441712048
398.04804804804803 0.9993651822023079
398.2982982982983 0.9995174850267299
398.5485485485485 0.9996489431101248
398.7987987987988 0.9997595482222759
399.0490490490491 0.9998492934379554
399.2992992992993 0.9999181731376466
399.54954954954957 0.9999661830081313
399.7997997997998 0.999993320042939
400.05005005005006 0.9999995825426611
400.3003003003003 0.9999849701151288
400.55055055055055 0.9999494836754536
400.8008008008008 0.9998931254459319
401.05105105105105 0.9998158989558134
401.3013013013013 0.9997178090409327
401.55155155155154 0.9995988618432047
401.8018018018018 0.999459064809984
402.05205205205203 0.9992984266932874
402.30230230230234 0.9991169575488814
402.5525525525526 0.9989146687352329
402.80280280280283 0.9986915729123244
403.0530530530531 0.9984476840403336
403.3033033033033 0.9981830173781782
403.55355355355357 0.9978975894819242
403.8038038038038 0.9975914182030606
404.05405405405406 0.9972645226866387
404.3043043043043 0.9969169233692766
404.55455455455456 0.9965486419770309
404.8048048048048 0.9961597015231327
405.05505505505505 0.9957501263055925
405.3053053053053 0.9953199419046688
405.55555555555554 0.9948691751802072
405.8058058058058 0.9943978542688455
406.05605605605604 0.9939060085810857
406.3063063063063 0.9933936687982372
406.5565565565566 0.9928608668692264
406.80680680680683 0.9923076360072772
407.0570570570571 0.9917340106864609
407.3073073073073 0.9911400266381155
407.5575575575576 0.9905257208471376
407.8078078078078 0.9898911315481448
408.05805805805807 0.9892362982215095
408.3083083083083 0.9885612615892666
408.55855855855856 0.9878660636108931
408.8088088088088 0.9871507474789624
409.05905905905905 0.986415357614672
409.3093093093093 0.9856599396632476
409.55955955955955 0.9848845404892216
409.8098098098098 0.9840892081715884
410.0600600600601 0.9832739919988376
410.31031031031034 0.982438942463864
410.5605605605606 0.9815841112587566
410.81081081081084 0.9807095512694661
411.0610610610611 0.979815316570355
411.31131131131133 0.9789014624186252
411.5615615615616 0.9779680452486297
411.8118118118118 0.9770151226660662
412.06206206206207 0.9760427534420532
412.3123123123123 0.9750509975070919
412.56256256256256 0.9740399159449118
412.8128128128128 0.9730095709862032
413.06306306306305 0.9719600260022356
413.3133133133133 0.9708913454983655
413.56356356356355 0.9698035951074309
413.8138138138138 0.968696841583037
414.06406406406404 0.9675711527927329
414.3143143143143 0.9664265977110779
414.5645645645646 0.9652632464126023
414.81481481481484 0.9640811700646624
415.0650650650651 0.9628804409201873
415.31531531531533 0.9616611323103244
415.5655655655656 0.9604233186369803
415.8158158158158 0.9591670753652598
416.06606606606607 0.9578924790158045
416.3163163163163 0.9565996071570297
416.56656656656656 0.955288538397265
416.8168168168168 0.953959352376795
417.06706706706706 0.9526121297598042
417.3173173173173 0.9512469522262273
417.5675675675676 0.949863902463504
417.81781781781785 0.9484630641582424
418.0680680680681 0.9470445219877873
418.31831831831835 0.9456083616117024
418.5685685685686 0.944154669663159
418.81881881881884 0.9426835337402392
419.0690690690691 0.9411950423971507
419.31931931931933 0.9396892851353565
419.5695695695696 0.9381663523946199
419.8198198198198 0.9366263355439661
420.0700700700701 0.9350693268725631
420.3203203203203 0.9334954195805202
420.57057057057057 0.9319047077696092
420.8208208208208 0.9302972864339057
421.07107107107106 0.928673251450356
421.3213213213213 0.9270326995692659
421.57157157157155 0.9253757284047189
421.8218218218218 0.9237024364249192
422.07207207207205 0.9220129229424643
422.32232232232235 0.9203072881045485
422.5725725725726 0.9185856328830985
422.82282282282284 0.9168480590648383
423.0730730730731 0.9150946692412938
423.32332332332334 0.9133255667987293
423.5735735735736 0.9115408559080231
423.82382382382383 0.9097406415144813
424.0740740740741 0.9079250293275916
424.3243243243243 0.9060941258107188
424.57457457457457 0.904248038170744
424.8248248248248 0.9023868743476471
425.07507507507506 0.9005107430040363
425.32532532532537 0.8986197535146242
425.5755755755756 0.8967140159556557
425.82582582582586 0.8947936410942811
426.0760760760761 0.8928587403778857
426.32632632632635 0.8909094259233724
426.5765765765766 0.8889458105063972
426.82682682682685 0.8869680075505629
427.0770770770771 0.8849761311165714
427.32732732732734 0.882970295891333
427.5775775775776 0.8809506171770415
427.82782782782783 0.8789172108802065
428.0780780780781 0.8768701935006551
428.3283283283283 0.8748096821204961
428.5785785785786 0.8727357943930535
428.8288288288288 0.870648648531768
429.07907907907907 0.8685483632990706
429.3293293293293 0.8664350579952262
429.57957957957956 0.8643088524471536
429.8298298298298 0.8621698669972192
430.08008008008005 0.8600182224920085
430.33033033033036 0.8578540402710761
430.5805805805806 0.8556774421556772
430.83083083083085 0.8534885504374782
431.0810810810811 0.851287487867254
431.33133133133134 0.8490743776435689
431.5815815815816 0.8468493434014451
431.83183183183183 0.8446125092010195
432.0820820820821 0.8423639995161903
432.3323323323323 0.8401039392232565
432.5825825825826 0.8378324535895498
432.8328328328328 0.8355496682620631
433.0830830830831 0.833255709256074
433.33333333333337 0.8309507029437704
433.5835835835836 0.8286347760428715
433.83383383383386 0.826308055605255
434.0840840840841 0.8239706690055866
434.33433433433436 0.8216227439299538
434.5845845845846 0.8192644083645098
434.83483483483485 0.8168957905841224
435.0850850850851 0.8145170191410379
435.33533533533534 0.8121282228535531
435.5855855855856 0.8097295307947049
435.83583583583584 0.8073210722809737
436.0860860860861 0.8049029768610053
436.33633633633633 0.8024753743043525
436.5865865865866 0.8000383945902367
436.8368368368368 0.7975921678963342
437.08708708708707 0.7951368245875859
437.3373373373373 0.792672495205034
437.58758758758756 0.7901993104546874
437.8378378378378 0.7877174011964168
438.0880880880881 0.7852268984328823
438.33833833833836 0.782727933298496
438.5885885885886 0.7802206370484164
438.83883883883885 0.7777051410475849
439.0890890890891 0.7751815767597996
439.33933933933935 0.77265007573683
439.5895895895896 0.7701107696075761
439.83983983983984 0.767563790067272
440.0900900900901 0.7650092688667364
440.34034034034033 0.7624473378016716
440.5905905905906 0.759878128702015
440.8408408408409 0.7573017734213399
441.09109109109113 0.754718403826317
441.3413413413414 0.7521281517862247
441.5915915915916 0.7495311491625243
441.84184184184187 0.7469275277984935
442.0920920920921 0.7443174195089218
442.34234234234236 0.7417009560698727
442.5925925925926 0.7390782692085097
442.84284284284286 0.7364494905929933
443.0930930930931 0.733814751822447
443.34334334334335 0.7311741844169987
443.5935935935936 0.7285279198078927
443.84384384384384 0.7258760893276828
444.0940940940941 0.7232188242005024
444.34434434434434 0.720556255532416
444.5945945945946 0.717888514301854
444.84484484484483 0.7152157313501334
445.0950950950951 0.7125380373720659
445.3453453453453 0.7098555629066553
445.59559559559557 0.7071684383278882
445.8458458458459 0.704476793835617
446.0960960960961 0.7017807594465432
446.34634634634637 0.6990804649852933
446.5965965965966 0.6963760400756016
446.84684684684686 0.6936676141315936
447.0970970970971 0.6909553163491752
447.34734734734735 0.6882392756975302
447.5975975975976 0.6855196209107285
447.84784784784785 0.682796480479446
448.0980980980981 0.6800699826428002
448.34834834834834 0.6773402553803035
448.59859859859864 0.6746074264039357
448.8488488488489 0.6718716231503413
449.09909909909913 0.6691329727731463
449.3493493493494 0.6663916021354083
449.5995995995996 0.6636476378021925
449.8498498498499 0.6609012060332822
450.1001001001001 0.6581524327760231
450.35035035035037 0.6554014436583049
450.6006006006006 0.6526483639816842
450.85085085085086 0.6498933187146486
451.1011011011011 0.647136432486027
451.35135135135135 0.6443778295785472
451.6016016016016 0.6416176339225449
451.85185185185185 0.6388559690898251
452.1021021021021 0.6360929582876802
452.35235235235234 0.6333287243530655
452.6026026026026 0.6305633897469379
452.85285285285283 0.6277970765487574
453.1031031031031 0.6250299064511554
453.3533533533533 0.6222620007547742
453.60360360360363 0.6194934803632763
453.8538538538539 0.6167244657785332
454.1041041041041 0.6139550770959861
454.35435435435437 0.6111854340001933
454.6046046046046 0.6084156557605587
454.85485485485486 0.6056458612272467
455.1051051051051 0.6028761688272876
455.35535535535536 0.6001066965608737
455.6056056056056 0.5973375619978527
455.85585585585585 0.5945688822744176
456.1061061061061 0.5918007740899974
456.3563563563564 0.5890333537043515
456.60660660660665 0.5862667369348746
456.8568568568569 0.5835010391541027
457.10710710710714 0.5807363752874399
457.3573573573574 0.5779728598110963
457.60760760760763 0.5752106067502443
457.8578578578579 0.5724497296773965
458.1081081081081 0.5696903417110073
458.3583583583584 0.5669325555143001
458.6086086086086 0.5641764832943251
458.85885885885887 0.5614222368012485
459.1091091091091 0.5586699273278767
459.35935935935936 0.5559196657094175
459.6096096096096 0.5531715623234834
459.85985985985985 0.550425727090335
460.1101101101101 0.547682269473373
460.36036036036035 0.5449412984798752
460.6106106106106 0.5422029226619872
460.86086086086084 0.5394672501179644
461.1111111111111 0.5367343884936695
461.3613613613614 0.5340044449843289
461.61161161161164 0.5312775263365508
461.8618618618619 0.5285537388506009
462.11211211211213 0.5258331883829486
462.3623623623624 0.523115980349077
462.6126126126126 0.5204022197265633
462.86286286286287 0.5176920110584284
463.1131131131131 0.5149854584567615
463.36336336336336 0.5122826656066178
463.6136136136136 0.509583735770194
463.86386386386386 0.5068887717912794
464.11411411411416 0.5041978760999895
464.3643643643644 0.5015111507177794
464.61461461461465 0.4988286972627371
464.8648648648649 0.49615061695516305
465.11511511511515 0.4934770106234332
465.3653653653654 0.49080797871014686
465.61561561561564 0.4881436212785602
465.8658658658659 0.4854840380193075
466.11611611611613 0.4828293282574084
466.3663663663664 0.48017959095956236
466.6166166166166 0.47753492474173176
466.86686686686687 0.4748954278770104
467.1171171171171 0.47226119830378116
467.36736736736736 0.46963233363415874
467.6176176176176 0.46700893116271985
467.86786786786786 0.4643910878755168
468.1181181181181 0.46177890045937764
468.36836836836835 0.4591724653114872
468.6186186186186 0.4565718785492509
468.86886886886884 0.4539772360204381
469.11911911911915 0.4513886333136022
469.3693693693694 0.4488061657687801
469.61961961961964 0.4462299284884583
469.8698698698699 0.4436600163488163
470.12012012012013 0.4410965240112337
470.3703703703704 0.43853954593406275
470.6206206206206 0.4359891763846615
470.8708708708709 0.43344550945168386
471.1211211211211 0.43090863905762267
471.37137137137137 0.4283786589716009
471.6216216216216 0.42585566282240656
471.8718718718719 0.4233397441117655
472.12212212212216 0.42083099622785053
472.3723723723724 0.41832951245901157
472.62262262262266 0.4158353860077333
472.8728728728729 0.4133487100048046
473.12312312312315 0.4108695775236967
473.3733733733734 0.4083980815951414
473.62362362362364 0.4059343152219039
473.8738738738739 0.40347837139373927
474.12412412412414 0.4010303431025274
474.3743743743744 0.398590323357575
474.62462462462463 0.3961584052010774
474.8748748748749 0.3937346817237293
475.1251251251251 0.39131924608047536
475.37537537537537 0.38891219150639034
475.6256256256256 0.38651361133267637
475.87587587587586 0.38412359900276866
476.1261261261261 0.38174224808853546
476.37637637637636 0.37936965230656206
476.6266266266266 0.37700590553450486
476.8768768768769 0.37465110182750283
477.12712712712715 0.37230533543463556
477.3773773773774 0.3699687008154061
477.62762762762765 0.3676412926562449
477.8778778778779 0.36532320588701184
478.12812812812814 0.36301453569748465
478.3783783783784 0.3607153775538159
478.62862862862863 0.35842582721494454
478.8788788788789 0.3561459807489432
479.1291291291292 0.35387593454928457
479.37937937937943 0.3516157853510117
479.6296296296297 0.3493656302467868
479.8798798798799 0.34712556670280964
480.13013013013017 0.3448956925745791
480.3803803803804 0.34267610612248106
480.63063063063066 0.34046690602718205
480.8808808808809 0.3382681914048088
481.13113113113116 0.3360800618218909
481.3813813813814 0.3339026173100482
481.63163163163165 0.3317359583803975
481.8818818818819 0.3295801860376584
482.13213213213214 0.32743540179393577
482.3823823823824 0.32530170768215394
482.63263263263264 0.3231792062691204
482.8828828828829 0.3210680006681945
483.13313313313313 0.3189681945515369
483.3833833833834 0.3168798921619144
483.6336336336336 0.31480319832403575
483.88388388388387 0.31273821845539257
484.1341341341341 0.31068505857657897
484.38438438438436 0.3086438253210645
484.6346346346346 0.3066146259443933
484.88488488488485 0.30459756833278223
485.13513513513516 0.30259276101109195
485.3853853853854 0.30060031315014335
485.63563563563565 0.29862033457334847
485.8858858858859 0.2966529357626334
486.13613613613614 0.2946982278636215
486.3863863863864 0.29275632269004825
486.63663663663664 0.29082733272738165
486.88688688688694 0.2889113711356162
487.1371371371372 0.28700855175121753
487.38738738738743 0.28511898908817834
487.6376376376377 0.2832427983381693
487.8878878878879 0.28138009536974656
488.1381381381382 0.2795309967265908
488.3883883883884 0.27769561962474737
488.63863863863867 0.2758740819488398
488.8888888888889 0.2740665022472268
489.13913913913916 0.2722729997260736
489.3893893893894 0.27049369424231007
489.63963963963965 0.26872870629544565
489.8898898898899 0.2669781570182146
490.14014014014015 0.26524216816602053
490.3903903903904 0.26352086210515613
490.64064064064064 0.26181436179976614
490.8908908908909 0.26012279079753103
491.14114114114113 0.25844627321403957
491.3913913913914 0.2567849337158286
491.6416416416416 0.25513889750206
491.8918918918919 0.2535082902848117
492.1421421421421 0.25189323826795734
492.39239239239237 0.25029386812460885
492.6426426426426 0.2487103069730998
492.8928928928929 0.24714268235148515
493.14314314314316 0.24559112219053703
493.3933933933934 0.24405575478520902
493.64364364364366 0.2425367087645566
493.8938938938939 0.24103411306008665
494.14414414414415 0.23954809687251907
494.3943943943944 0.23807878963694276
494.6446446446447 0.23662632098634737
494.89489489489495 0.23519082071351605
495.1451451451452 0.23377241873126034
495.39539539539544 0.23237124503098708
495.6456456456457 0.23098742963958158
495.89589589589593 0.22962110257459575
496.1461461461462 0.22827239379772993
496.3963963963964 0.2269414331665996
496.6466466466467 0.22562835038477824
496.8968968968969 0.22433327495010943
497.14714714714717 0.2230563361012829
497.3973973973974 0.22179766276267032
497.64764764764766 0.2205573834874185
497.8978978978979 0.21933562639879814
498.14814814814815 0.21813251912980997
498.3983983983984 0.21694818876104896
498.64864864864865 0.21578276175683103
498.8988988988989 0.21463636389958796
499.14914914914914 0.21350912022253646
499.3993993993994 0.21240115494063205
499.64964964964963 0.2113125913798165
499.8998998998999 0.21024355190457264
500.1501501501501 0.20919415784380022
500.4004004004004 0.20816452941502978
500.6506506506507 0.20715478564699125
500.9009009009009 0.20616504430055993
501.15115115115117 0.2051954217880981
501.4014014014014 0.20424603309122022
501.65165165165166 0.20331699167700615
501.9019019019019 0.20240840941268964
502.15215215215215 0.2015203964788545
502.40240240240246 0.20065306128116808
502.6526526526527 0.19980651036069064
502.90290290290295 0.19898084830279109
503.1531531531532 0.19817617764471454
503.40340340340344 0.19739259878183787
503.6536536536537 0.19663020987265808
503.90390390390394 0.19588910674255877
504.1541541541542 0.19516938278640153
504.40440440440443 0.1944711288699924
504.6546546546547 0.19379443323047518
504.9049049049049 0.19313938137570458
505.15515515515517 0.19250605598265716
505.4054054054054 0.19189453679493604
505.65565565565566 0.1913049005194321
505.9059059059059 0.19073722072220278
506.15615615615616 0.19019156772363383
506.4064064064064 0.1896680084929503
506.65665665665665 0.18916660654214654
506.9069069069069 0.1886874218194059
507.15715715715714 0.18823051060208212
507.4074074074074 0.1877959253893197
507.65765765765764 0.1873837147943875
507.9079079079079 0.18699392343680726
508.15815815815813 0.18662659183435587
508.40840840840843 0.18628175629502497
508.6586586586587 0.18595944880902315
508.9089089089089 0.18565969694090464
509.1591591591592 0.1853825237219162
509.4094094094094 0.18512794754264833
509.65965965965967 0.1848959820460846
509.9099099099099 0.18468663602114097
510.16016016016016 0.1844999132967891
510.41041041041046 0.18433581263686075
510.6606606606607 0.18419432763562904
510.91091091091096 0.18407544661426564
511.1611611611612 0.18397915251827368
511.41141141141145 0.18390542281599703
511.6616616616617 0.18385422939830715
511.91191191191194 0.1838255384795717
512.1621621621622 0.18381931050000672
512.4124124124124 0.183835500029519
512.6626626626627 0.18387405567314175
512.9129129129129 0.183934919978171
513.1631631631632 0.18401802934310782
513.4134134134134 0.18412331392851428
513.6636636636637 0.18425069756988893
513.9139139139139 0.18440009769267018
514.1641641641642 0.18457142522947395
514.4144144144144 0.184764584539674
514.6646646646647 0.18497947333143172
514.9149149149149 0.1852159825862814
515.1651651651651 0.18547399648638063
515.4154154154154 0.18575339234452776
515.6656656656656 0.18605404053705682
515.9159159159159 0.1863758044397113
516.1661661661662 0.18671854036660296
516.4164164164165 0.18708209751235802
516.6666666666667 0.1874663178975543
516.916916916917 0.18787103631754903
517.1671671671672 0.18829608029479744
517.4174174174175 0.18874127003476193
517.6676676676677 0.18920641838550667
517.917917917918 0.1896913308010748
518.1681681681682 0.19019580530874053
518.4184184184185 0.19071963248022783
518.6686686686687 0.1912625954069862
518.918918918919 0.1918244696796101
519.1691691691692 0.19240502337148682
519.4194194194195 0.1930040170267572
519.6696696696697 0.19362120365266755
519.91991991992 0.19425632871639165
520.1701701701702 0.19490913014639707
520.4204204204204 0.19557933833842844
520.6706706706707 0.19626667616617546
520.9209209209209 0.19697085899669325
521.1711711711712 0.19769159471063585
521.4214214214214 0.19842858372736388
521.6716716716717 0.19918151903498088
521.9219219219219 0.1999500862253517
522.1721721721722 0.20073396353415124
522.4224224224224 0.2015328218859878
522.6726726726727 0.20234632494464352
522.9229229229229 0.20317412916846797
523.1731731731732 0.204015883870958
523.4234234234234 0.20487123128655335
523.6736736736736 0.20573980664167227
523.9239239239239 0.2066212382310078
524.1741741741741 0.20751514749910055
524.4244244244244 0.2084211491271996
524.6746746746746 0.2093388511254187
524.9249249249249 0.21026785493018968
525.1751751751751 0.21120775550701198
525.4254254254254 0.21215814145848982
525.6756756756756 0.21311859513764628
525.925925925926 0.21408869276649817
526.1761761761762 0.21506800455986708
526.4264264264265 0.2160560948544074
526.6766766766767 0.217052522242811
526.926926926927 0.21805683971315884
527.1771771771772 0.21906859479337581
527.4274274274275 0.22008732970074318
527.6776776776777 0.2211125814964168
527.927927927928 0.22214388224489534
528.1781781781782 0.223180759178377
528.4284284284284 0.22422273486593813
528.6786786786787 0.22526932738746291
528.9289289289289 0.22632005051224713
529.1791791791792 0.22737441388219504
529.4294294294294 0.22843192319952277
529.6796796796797 0.22949208041887742
529.9299299299299 0.2305543839437753
530.1801801801802 0.23161832882725833
530.4304304304304 0.2326834069766633
530.6806806806807 0.23374910736239324
530.9309309309309 0.23481491623057577
531.1811811811812 0.2358803173194885
531.4314314314314 0.23694479207962782
531.6816816816818 0.23800781989729197
531.931931931932 0.23906887832154367
532.1821821821823 0.24012744329442076
532.4324324324325 0.24118298938424532
532.6826826826828 0.2422349900218912
532.932932932933 0.2432829177398596
533.1831831831832 0.24432624441400808
533.4334334334335 0.24536444150777686
533.6836836836837 0.2463969803187519
533.933933933934 0.24742333222740034
534.1841841841842 0.2484429689478106
534.4344344344345 0.2494553627802673
534.6846846846847 0.2504599868654875
534.934934934935 0.25145631544033964
535.1851851851852 0.2524438240948699
535.4354354354355 0.2534219900304496
535.6856856856857 0.25439029231886295
535.935935935936 0.25534821216214726
536.1861861861862 0.2562952331529966
536.4364364364365 0.25723084153553943
536.6866866866867 0.25815452646629755
536.936936936937 0.25906578027513266
537.1871871871872 0.25996409872598575
537.4374374374374 0.2608489812772126
537.6876876876877 0.2617199313413185
537.9379379379379 0.26257645654389405
538.1881881881882 0.2634180689815539
538.4384384384384 0.2642442854786782
538.6886886886887 0.2650546278427594
538.9389389389389 0.2658486231181532
539.1891891891892 0.2666258038380362
539.4394394394394 0.26738570827437097
539.6896896896897 0.26812788068568005
539.9399399399399 0.2688518715624331
540.1901901901902 0.2695572378698494
540.4404404404404 0.2702435432879216
540.6906906906906 0.2709103584484669
540.9409409409409 0.2715572611690138
541.1911911911911 0.27218383668333446
541.4414414414415 0.27278967786843356
541.6916916916917 0.27337438546780807
541.941941941942 0.2739375683107969
542.1921921921922 0.27447884352783475
542.4424424424425 0.27499783676143574
542.6926926926927 0.2754941823727305
542.942942942943 0.2759675236433849
543.1931931931932 0.27641751297273115
543.4434434434435 0.2768438120699473
543.6936936936937 0.277246092141123
543.943943943944 0.2776240340710542
544.1941941941942 0.2779773285996138
544.4444444444445 0.27830567649254867
544.6946946946947 0.2786087887065584
544.944944944945 0.2788863865485158
545.1951951951952 0.27913820182869326
545.4454454454454 0.2793639770078654
545.6956956956957 0.2795634653381606
545.9459459459459 0.2797364309975428
546.1961961961962 0.2798826492178072
546.4464464464464 0.2800019064059809
546.6966966966967 0.28009400025902326
546.9469469469469 0.28015873987172907
547.1971971971973 0.28019594583773905
547.4474474474475 0.28020545034357386
547.6976976976978 0.280187097255608
547.947947947948 0.28014074219991003
548.1981981981983 0.2800662526348802
548.4484484484485 0.27996350791662217
548.6986986986988 0.2798323993569927
548.948948948949 0.2796728302742807
549.1991991991993 0.2794847160364693
549.4494494494495 0.2792679840970465
549.6996996996997 0.27902257402333247
549.94994994995 0.27874843751729894
550.2002002002002 0.2784455384288645
550.4504504504505 0.2781138527616534
550.7007007007007 0.2777533686712144
550.950950950951 0.2773640864557014
551.2012012012012 0.27694601853902473
551.4514514514515 0.27649918944648866
551.7017017017017 0.2760236357729365
551.951951951952 0.2755194061434322
552.2022022022022 0.27498656116651365
552.4524524524525 0.27442517338005823
552.7027027027027 0.27383532718980946
552.952952952953 0.27321711880061805
553.2032032032032 0.2725706561404587
553.4534534534534 0.2718960587772887
553.7037037037037 0.27119345782882176
553.9539539539539 0.2704629958652962
554.2042042042042 0.2697048268053214
554.4544544544544 0.26891911580489464
554.7047047047047 0.26810603913968517
554.9549549549549 0.2672657840806864
555.2052052052052 0.26639854876334523
555.4554554554554 0.2655045420502824
555.7057057057057 0.26458398338772166
555.9559559559559 0.2636371026557518
556.2062062062062 0.26266414001255123
556.4564564564564 0.2616653457327085
556.7067067067067 0.26064098003977765
556.956956956957 0.2595913129332107
557.2072072072073 0.25851662400981945
557.4574574574575 0.2574172022799091
557.7077077077078 0.2562933459782524
557.957957957958 0.25514536237005414
558.2082082082082 0.2539735675520759
558.4584584584585 0.25277828624908577
558.7087087087087 0.25155985160580563
558.958958958959 0.2503186049745292
559.2092092092092 0.2490548956985889
559.4594594594595 0.2477690808918517
559.7097097097097 0.24646152521442571
559.95995995996 0.24513260064476503
560.2102102102102 0.24378268624835797
560.4604604604605 0.24241216794319057
560.7107107107107 0.24102143826217562
560.960960960961 0.23961089611274103
561.2112112112112 0.2381809465337727
561.4614614614615 0.23673200045010684
561.7117117117117 0.23526447442477028
561.961961961962 0.23377879040916605
562.2122122122122 0.23227537549140304
562.4624624624624 0.23075466164296876
562.7127127127128 0.22921708546394465
562.962962962963 0.22766308792696704
563.2132132132133 0.22609311412012295
563.4634634634635 0.22450761298899352
563.7137137137138 0.222907037078034
563.963963963964 0.221291842271491
564.2142142142143 0.21966248753405482
564.4644644644645 0.2180194346514412
564.7147147147148 0.21636314797109835
564.964964964965 0.2146940941432313
565.2152152152153 0.21301274186233574
565.4654654654655 0.21131956160943094
565.7157157157158 0.2096150253951784
565.965965965966 0.20789960650407316
566.2162162162163 0.20617377923988936
566.4664664664665 0.2044380186725617
566.7167167167167 0.20269280038668014
566.966966966967 0.20093860023177276
567.2172172172172 0.19917589407454944
567.4674674674675 0.19740515755327437
567.7177177177177 0.19562686583443437
567.967967967968 0.19384149337186357
568.2182182182182 0.1920495136684849
568.4684684684685 0.19025139904082183
568.7187187187187 0.18844762038643295
568.968968968969 0.18663864695441593
569.2192192192192 0.1848249461191241
569.4694694694695 0.18300698315723535
569.7197197197197 0.18118522102830809
569.96996996997 0.1793601201589546
570.2202202202202 0.17753213823075847
570.4704704704704 0.17570172997205719
570.7207207207207 0.17386934695370815
570.9709709709709 0.17203543738894916
571.2212212212212 0.17020044593746242
571.4714714714714 0.16836481351374424
571.7217217217217 0.16652897709987943
571.9719719719719 0.16469336956281266
572.2222222222222 0.16285841947620633
572.4724724724725 0.16102455094696694
572.7227227227228 0.15919218344652344
572.972972972973 0.1573617316469188
573.2232232232233 0.1555336052618001
573.4734734734735 0.15370820889235723
573.7237237237238 0.15188594187827492
573.973973973974 0.15006719815374928
574.2242242242243 0.1482523661086185
574.4744744744745 0.1464418284546494
574.7247247247248 0.14463596209702012
574.974974974975 0.1428351380110304
575.2252252252252 0.14103972112406898
575.4754754754755 0.13925007020286095
575.7257257257257 0.1374665377460142
575.975975975976 0.13568946988187777
576.2262262262262 0.1339192062717217
576.4764764764765 0.1321560800182424
576.7267267267267 0.1304004175793926
576.976976976977 0.12865253868753118
577.2272272272272 0.12691275627388274
577.4774774774775 0.12518137639829283
577.7277277277277 0.12345869818426028
577.977977977978 0.12174501375922309
578.2282282282283 0.12004060820007065
578.4784784784786 0.11834575948385473
578.7287287287288 0.1166607384436522
578.9789789789791 0.11498580872955579
579.2292292292293 0.1133212267747375
579.4794794794796 0.11166724176654197
579.7297297297298 0.11002409562255838
579.97997997998 0.10839202297161595
580.2302302302303 0.10677125113964527
580.4804804804805 0.10516200014034371
580.7307307307308 0.10356448267058076
580.980980980981 0.10197890411047454
581.2312312312313 0.10040546252806942
581.4814814814815 0.0988443486885403
581.7317317317318 0.09729574606784722
581.981981981982 0.09575983087076072
582.2322322322323 0.09423677205317631
582.4824824824825 0.09272673134863313
582.7327327327328 0.09122986329895083
582.982982982983 0.08974631528889518
583.2332332332332 0.0882762275847815
583.4834834834835 0.0868197333769233
583.7337337337337 0.08537695882583103
583.983983983984 0.08394802311206445
584.2342342342342 0.08253303848964075
584.4844844844845 0.08113211034289873
584.7347347347347 0.0797453372467182
584.984984984985 0.07837281102999245
585.2352352352352 0.07701461684225087
585.4854854854855 0.07567083322332721
585.7357357357357 0.07434153217596863
585.985985985986 0.07302677924128001
586.2362362362362 0.07172663357689679
586.4864864864865 0.07044114803777972
586.7367367367367 0.06917036925952434
586.986986986987 0.0679143377440776
587.2372372372372 0.0666730879477538
587.4874874874874 0.06544664837144247
587.7377377377377 0.06423504165290046
587.987987987988 0.06303828466101982
588.2382382382383 0.061856388591968195
588.4884884884885 0.06068935906708615
588.7387387387388 0.05953719623244626
588.988988988989 0.058399894859959806
589.2392392392393 0.05727744444992949
589.4894894894895 0.056169829334942786
589.7397397397398 0.055077028785002716
589.98998998999 0.05399901711379346
590.2402402402403 0.052935763785978855
590.4904904904905 0.051887233525433646
590.7407407407408 0.050853386424307916
590.990990990991 0.04983417805282656
591.2412412412413 0.04882955956972736
591.4914914914915 0.047839477833241745
591.7417417417417 0.04686387551252485
591.991991991992 0.04590269119944199
592.2422422422422 0.04495585952062116
592.4924924924925 0.04402331124968181
592.7427427427427 0.04310497341955312
592.992992992993 0.04220076943479522
593.2432432432432 0.04131061918384011
593.4934934934935 0.040434439151069604
593.7437437437438 0.039572142528650024
593.9939939939941 0.03872363932804739
594.2442442442443 0.03788883649114124
594.4944944944946 0.03706763800087004
594.7447447447448 0.036259944991330416
594.9949949949951 0.03546565585726202
595.2452452452453 0.03468466636284929
595.4954954954956 0.03391686974977451
595.7457457457458 0.0331621568444573
595.995995995996 0.03242041616441961
596.2462462462463 0.03169153402371557
596.4964964964965 0.030975394637369418
596.7467467467468 0.03027188022476548
596.996996996997 0.02958087111193732
597.2472472472473 0.028902245832704884
597.4974974974975 0.028235881228610725
597.7477477477478 0.02758165254760846
597.997997997998 0.026939433541459383
598.2482482482483 0.02630909656179421
598.4984984984985 0.025690512654800098
598.7487487487488 0.025083551654495
598.998998998999 0.024488082274552823
599.2492492492493 0.023903972198646237
599.4994994994995 0.023331088169274816
599.7497497497498 0.022769296075049225
600.0 0.022218461036403642
